7450-697789
OS REV: 1.05 Sensor Cal: 1623438416
Time (sec),  BV (Volts),  T (deg C),  DO (mg/l),  Q ()
1636478760,+3.48,+18.367, +7.410,+0.952
1636479360,+3.48,+18.367, +7.286,+0.952
1636479960,+3.48,+18.392, +7.227,+0.952
1636480560,+3.48,+18.375, +7.228,+0.952
1636481160,+3.47,+18.384, +7.344,+0.952
1636481760,+3.47,+18.400, +7.541,+0.952
1636482360,+3.47,+18.426, +7.556,+0.952
1636482960,+3.47,+18.417, +7.563,+0.952
1636483560,+3.48,+18.426, +7.419,+0.952
1636484160,+3.47,+18.434, +7.337,+0.953
1636484760,+3.48,+18.409, +7.286,+0.952
1636485360,+3.48,+18.409, +7.196,+0.952
1636485960,+3.48,+18.384, +7.067,+0.952
1636486560,+3.47,+18.358, +7.054,+0.952
1636487160,+3.48,+18.350, +6.874,+0.952
1636487760,+3.48,+18.358, +7.026,+0.953
1636488360,+3.48,+18.375, +6.968,+0.952
1636488960,+3.48,+18.358, +7.175,+0.952
1636489560,+3.48,+18.350, +7.064,+0.952
1636490160,+3.48,+18.341, +7.086,+0.952
1636490760,+3.48,+18.350, +7.188,+0.952
1636491360,+3.48,+18.341, +7.050,+0.952
1636491960,+3.48,+18.325, +7.117,+0.952
1636492560,+3.48,+18.333, +7.070,+0.952
1636493160,+3.48,+18.333, +7.071,+0.952
1636493760,+3.48,+19.182, +8.412,+0.951
1636494360,+3.48,+19.123, +8.412,+0.951
1636494960,+3.48,+19.333, +8.418,+0.951
1636495560,+3.47,+19.451, +8.390,+0.951
1636496160,+3.47,+19.585, +8.391,+0.951
