7450-697789
OS REV: 1.05 Sensor Cal: 1623438416
Time (sec),  BV (Volts),  T (deg C),  DO (mg/l),  Q ()
1636217760,+3.48,+20.439, +9.834,+0.954
1636218360,+3.48,+19.987, +9.876,+0.955
1636218960,+3.48,+20.272, +8.842,+0.954
1636219560,+3.48,+20.221, +8.662,+0.949
1636220160,+3.48,+19.115, +9.179,+0.955
1636220760,+3.48,+18.030, +7.625,+0.955
1636221360,+3.48,+17.912, +7.637,+0.956
1636221960,+3.48,+17.869, +7.630,+0.956
1636222560,+3.48,+17.895, +7.558,+0.957
1636223160,+3.48,+17.912, +7.591,+0.957
1636223760,+3.48,+17.861, +7.479,+0.956
1636224360,+3.48,+17.853, +7.432,+0.956
1636224960,+3.48,+17.819, +7.491,+0.957
1636225560,+3.48,+17.844, +7.443,+0.956
1636226160,+3.48,+17.853, +7.355,+0.956
1636226760,+3.48,+17.878, +7.404,+0.956
1636227360,+3.48,+17.853, +7.413,+0.957
1636227960,+3.48,+17.878, +7.448,+0.956
1636228560,+3.48,+17.869, +7.446,+0.956
1636229160,+3.48,+17.886, +7.468,+0.956
1636229760,+3.48,+17.861, +7.741,+0.956
1636230360,+3.48,+17.853, +7.555,+0.956
1636230960,+3.48,+17.878, +7.473,+0.956
1636231560,+3.48,+17.853, +7.498,+0.956
1636232160,+3.48,+17.869, +7.517,+0.956
1636232760,+3.48,+17.853, +7.506,+0.956
1636233360,+3.48,+17.903, +7.465,+0.956
1636233960,+3.48,+17.853, +7.571,+0.956
1636234560,+3.48,+17.886, +7.541,+0.956
1636235160,+3.48,+17.920, +7.549,+0.956
1636235760,+3.48,+17.895, +7.618,+0.956
1636236360,+3.48,+17.954, +7.526,+0.956
1636236960,+3.48,+17.945, +7.635,+0.956
1636237560,+3.48,+17.962, +7.693,+0.956
1636238160,+3.48,+17.962, +7.733,+0.956
1636238760,+3.48,+17.971, +7.722,+0.955
1636239360,+3.48,+17.971, +7.712,+0.956
1636239960,+3.48,+17.988, +7.811,+0.956
1636240560,+3.48,+17.954, +7.551,+0.955
1636241160,+3.48,+17.945, +7.609,+0.955
1636241760,+3.48,+17.920, +7.723,+0.956
1636242360,+3.48,+17.962, +7.707,+0.956
1636242960,+3.48,+17.886, +8.007,+0.955
1636243560,+3.48,+17.802, +8.217,+0.955
1636244160,+3.48,+17.802, +8.407,+0.955
1636244760,+3.48,+17.650, +9.004,+0.955
1636245360,+3.48,+17.760, +8.839,+0.956
1636245960,+3.48,+17.684, +8.996,+0.956
1636246560,+3.48,+17.734, +9.030,+0.956
1636247160,+3.48,+17.768, +8.917,+0.956
1636247760,+3.48,+17.751, +8.947,+0.956
1636248360,+3.48,+17.785, +8.878,+0.955
1636248960,+3.48,+17.819, +8.858,+0.955
1636249560,+3.48,+17.844, +8.799,+0.955
1636250160,+3.48,+17.844, +8.713,+0.956
1636250760,+3.48,+17.886, +8.667,+0.956
1636251360,+3.48,+17.886, +8.605,+0.955
1636251960,+3.48,+17.895, +8.521,+0.956
1636252560,+3.48,+17.920, +8.438,+0.955
1636253160,+3.48,+17.945, +8.383,+0.955
1636253760,+3.48,+17.937, +8.382,+0.954
1636254360,+3.48,+17.954, +8.336,+0.955
1636254960,+3.48,+17.945, +8.334,+0.955
1636255560,+3.48,+17.954, +8.254,+0.955
1636256160,+3.48,+17.979, +8.200,+0.955
1636256760,+3.48,+17.979, +8.182,+0.955
1636257360,+3.48,+17.996, +8.188,+0.955
1636257960,+3.48,+17.988, +8.227,+0.955
1636258560,+3.48,+17.996, +8.080,+0.955
1636259160,+3.48,+17.962, +8.025,+0.955
1636259760,+3.48,+17.988, +8.114,+0.955
1636260360,+3.48,+17.971, +8.210,+0.955
1636260960,+3.48,+17.988, +8.233,+0.955
1636261560,+3.48,+17.962, +8.398,+0.955
1636262160,+3.48,+17.920, +8.556,+0.955
1636262760,+3.48,+17.853, +8.748,+0.955
1636263360,+3.48,+17.827, +8.788,+0.955
1636263960,+3.48,+17.802, +8.836,+0.955
1636264560,+3.47,+17.684, +8.802,+0.954
1636265160,+3.47,+17.768, +8.767,+0.955
1636265760,+3.48,+17.701, +8.873,+0.955
1636266360,+3.47,+17.785, +8.768,+0.955
1636266960,+3.47,+17.768, +8.804,+0.955
1636267560,+3.47,+17.819, +8.755,+0.955
1636268160,+3.47,+17.836, +8.737,+0.955
1636268760,+3.47,+17.802, +8.756,+0.955
1636269360,+3.47,+17.844, +8.731,+0.955
1636269960,+3.47,+17.836, +8.743,+0.955
1636270560,+3.48,+17.844, +8.761,+0.955
1636271160,+3.48,+17.853, +8.720,+0.955
1636271760,+3.47,+17.844, +8.731,+0.954
1636272360,+3.48,+17.853, +8.712,+0.955
1636272960,+3.48,+17.869, +8.674,+0.955
1636273560,+3.48,+17.861, +8.667,+0.954
1636274160,+3.48,+17.886, +8.592,+0.955
1636274760,+3.48,+17.878, +8.606,+0.954
1636275360,+3.48,+17.895, +8.590,+0.955
1636275960,+3.48,+17.895, +8.585,+0.955
1636276560,+3.48,+17.886, +8.576,+0.955
1636277160,+3.48,+17.878, +8.580,+0.954
1636277760,+3.48,+17.895, +8.606,+0.955
1636278360,+3.48,+17.886, +8.630,+0.954
1636278960,+3.48,+17.895, +8.618,+0.955
1636279560,+3.48,+17.869, +8.625,+0.955
1636280160,+3.48,+17.869, +8.544,+0.954
1636280760,+3.48,+17.886, +8.617,+0.954
1636281360,+3.48,+17.878, +8.674,+0.955
1636281960,+3.48,+17.895, +8.696,+0.955
1636282560,+3.48,+17.903, +8.673,+0.954
1636283160,+3.48,+17.903, +8.666,+0.954
1636283760,+3.48,+17.903, +8.670,+0.954
1636284360,+3.48,+17.886, +8.630,+0.954
1636284960,+3.48,+17.861, +8.409,+0.955
1636285560,+3.48,+17.878, +8.597,+0.954
1636286160,+3.48,+17.886, +8.550,+0.954
1636286760,+3.48,+17.903, +8.035,+0.955
1636287360,+3.48,+17.895, +7.857,+0.954
1636287960,+3.48,+17.912, +8.027,+0.955
1636288560,+3.48,+17.928, +8.211,+0.954
1636289160,+3.48,+17.937, +7.998,+0.954
1636289760,+3.48,+17.920, +7.555,+0.954
1636290360,+3.48,+17.937, +7.845,+0.954
1636290960,+3.48,+17.962, +7.875,+0.955
1636291560,+3.48,+17.962, +7.621,+0.954
1636292160,+3.48,+17.937, +7.499,+0.954
1636292760,+3.48,+17.954, +7.650,+0.954
1636293360,+3.48,+17.962, +7.904,+0.955
1636293960,+3.48,+17.988, +8.006,+0.954
1636294560,+3.48,+17.996, +8.075,+0.954
1636295160,+3.48,+17.979, +8.061,+0.954
1636295760,+3.48,+17.937, +7.666,+0.954
1636296360,+3.48,+17.945, +7.668,+0.954
1636296960,+3.48,+17.945, +7.692,+0.954
1636297560,+3.48,+17.937, +7.641,+0.954
1636298160,+3.48,+17.937, +7.685,+0.954
1636298760,+3.48,+17.979, +7.839,+0.954
1636299360,+3.48,+17.988, +7.941,+0.955
1636299960,+3.48,+17.962, +7.774,+0.954
1636300560,+3.48,+17.937, +7.702,+0.954
1636301160,+3.48,+17.937, +7.688,+0.954
1636301760,+3.48,+17.869, +7.675,+0.954
1636302360,+3.48,+17.853, +7.614,+0.954
1636302960,+3.47,+17.827, +7.583,+0.954
1636303560,+3.47,+17.819, +7.425,+0.954
1636304160,+3.47,+17.836, +7.629,+0.954
