7450-063974
OS REV: 1.05 Sensor Cal: 1626367565
Time (sec),  BV (Volts),  T (deg C),  DO (mg/l),  Q ()
1636304520,+3.51,+18.765,+10.257,+0.974
1636305120,+3.51,+18.815,+10.320,+0.974
1636305720,+3.51,+18.841,+10.384,+0.975
1636306320,+3.51,+18.874,+10.393,+0.975
1636306920,+3.51,+18.908,+10.442,+0.975
1636307520,+3.51,+18.967,+10.446,+0.975
1636308120,+3.51,+18.975,+10.466,+0.975
1636308720,+3.52,+19.009,+10.522,+0.975
1636309320,+3.52,+19.042,+10.510,+0.976
1636309920,+3.52,+19.042,+10.572,+0.975
1636310520,+3.52,+19.076,+10.560,+0.975
1636311120,+3.52,+19.084,+10.584,+0.975
1636311720,+3.52,+19.126,+10.656,+0.975
1636312320,+3.52,+19.143,+10.698,+0.976
1636312920,+3.51,+19.185,+10.766,+0.976
1636313520,+3.51,+19.202,+10.773,+0.976
1636314120,+3.51,+19.235,+10.809,+0.975
1636314720,+3.52,+19.235,+10.751,+0.975
1636315320,+3.51,+19.269,+10.797,+0.976
1636315920,+3.51,+19.285,+10.832,+0.976
1636316520,+3.51,+19.294,+10.899,+0.976
1636317120,+3.51,+19.277,+10.882,+0.975
1636317720,+3.51,+19.285,+10.864,+0.976
1636318320,+3.51,+19.269,+10.898,+0.975
1636318920,+3.51,+19.269,+10.889,+0.975
1636319520,+3.51,+19.277,+10.952,+0.975
1636320120,+3.51,+19.260,+10.987,+0.975
1636320720,+3.51,+19.243,+10.938,+0.976
1636321320,+3.51,+19.269,+10.983,+0.976
1636321920,+3.52,+19.243,+11.000,+0.976
1636322520,+3.51,+19.252,+10.938,+0.976
1636323120,+3.51,+19.243,+10.967,+0.976
1636323720,+3.51,+19.218,+10.986,+0.975
1636324320,+3.51,+19.227,+10.973,+0.975
1636324920,+3.51,+19.210,+10.854,+0.976
1636325520,+3.51,+19.227,+10.962,+0.976
1636326120,+3.51,+19.218,+10.938,+0.976
1636326720,+3.52,+19.227,+10.858,+0.976
1636327320,+3.51,+19.218,+10.842,+0.976
1636327920,+3.51,+19.227,+10.834,+0.976
1636328520,+3.51,+19.210,+10.849,+0.976
1636329120,+3.51,+19.210,+10.850,+0.976
1636329720,+3.51,+19.210,+10.847,+0.975
1636330320,+3.51,+19.227,+10.850,+0.975
1636330920,+3.51,+19.252,+10.882,+0.976
1636331520,+3.51,+19.260,+10.874,+0.976
1636332120,+3.51,+19.269,+10.879,+0.975
1636332720,+3.51,+19.277,+10.871,+0.976
1636333320,+3.51,+19.269,+10.848,+0.976
1636333920,+3.51,+19.260,+10.844,+0.975
1636334520,+3.51,+19.285,+10.820,+0.975
1636335120,+3.51,+19.260,+10.796,+0.975
1636335720,+3.51,+19.277,+10.827,+0.976
1636336320,+3.51,+19.269,+10.791,+0.976
1636336920,+3.51,+19.269,+10.756,+0.976
1636337520,+3.51,+19.260,+10.724,+0.975
1636338120,+3.51,+19.227,+10.734,+0.976
1636338720,+3.51,+19.210,+10.707,+0.975
1636339320,+3.51,+19.227,+10.658,+0.975
1636339920,+3.51,+19.218,+10.617,+0.975
1636340520,+3.51,+19.185,+10.588,+0.975
1636341120,+3.51,+19.185,+10.555,+0.975
1636341720,+3.51,+19.160,+10.514,+0.975
1636342320,+3.51,+19.160,+10.512,+0.975
1636342920,+3.51,+19.151,+10.508,+0.975
1636343520,+3.51,+19.168,+10.479,+0.975
1636344120,+3.51,+19.168,+10.482,+0.975
1636344720,+3.51,+19.126,+10.480,+0.976
1636345320,+3.51,+19.134,+10.461,+0.975
1636345920,+3.51,+19.118,+10.425,+0.975
1636346520,+3.51,+19.109,+10.429,+0.975
1636347120,+3.51,+19.101,+10.424,+0.975
1636347720,+3.52,+19.092,+10.410,+0.975
1636348320,+3.52,+19.084,+10.396,+0.975
1636348920,+3.52,+19.076,+10.367,+0.975
1636349520,+3.51,+19.025,+10.359,+0.975
1636350120,+3.52,+19.042,+10.360,+0.975
1636350720,+3.52,+19.025,+10.362,+0.975
1636351320,+3.51,+18.992,+10.323,+0.975
1636351920,+3.51,+18.992,+10.325,+0.975
1636352520,+3.51,+18.967,+10.332,+0.975
1636353120,+3.51,+18.941,+10.344,+0.975
1636353720,+3.51,+18.933,+10.386,+0.976
1636354320,+3.51,+18.950,+10.353,+0.975
1636354920,+3.51,+18.933,+10.324,+0.975
1636355520,+3.51,+18.908,+10.297,+0.975
1636356120,+3.51,+18.883,+10.295,+0.975
1636356720,+3.51,+18.874,+10.242,+0.974
1636357320,+3.51,+18.849,+10.237,+0.976
1636357920,+3.51,+18.857,+10.185,+0.975
1636358520,+3.51,+18.815,+10.152,+0.975
1636359120,+3.51,+18.815,+10.122,+0.975
1636359720,+3.51,+18.807,+10.122,+0.975
1636360320,+3.51,+18.773,+10.135,+0.975
1636360920,+3.51,+18.773,+10.142,+0.975
1636361520,+3.51,+18.765,+10.123,+0.975
1636362120,+3.51,+18.757,+10.107,+0.975
1636362720,+3.51,+18.731,+10.060,+0.975
1636363320,+3.51,+18.740,+10.029,+0.975
1636363920,+3.51,+18.731, +9.986,+0.975
1636364520,+3.51,+18.731, +9.954,+0.975
1636365120,+3.51,+18.731, +9.967,+0.974
1636365720,+3.51,+18.723, +9.948,+0.975
1636366320,+3.51,+18.706, +9.913,+0.975
1636366920,+3.51,+18.689, +9.847,+0.974
1636367520,+3.51,+18.698, +9.860,+0.974
1636368120,+3.51,+18.689, +9.809,+0.974
1636368720,+3.51,+18.689, +9.807,+0.974
1636369320,+3.51,+18.689, +9.793,+0.975
1636369920,+3.51,+18.681, +9.764,+0.974
1636370520,+3.51,+18.673, +9.744,+0.974
1636371120,+3.51,+18.673, +9.699,+0.974
1636371720,+3.51,+18.673, +9.701,+0.974
1636372320,+3.51,+18.656, +9.694,+0.975
1636372920,+3.51,+18.631, +9.649,+0.975
1636373520,+3.51,+18.622, +9.648,+0.974
1636374120,+3.51,+18.614, +9.613,+0.974
1636374720,+3.51,+18.639, +9.586,+0.974
1636375320,+3.51,+18.622, +9.568,+0.974
1636375920,+3.51,+18.605, +9.501,+0.974
1636376520,+3.51,+18.563, +9.536,+0.974
1636377120,+3.51,+18.555, +9.527,+0.975
1636377720,+3.51,+18.572, +9.513,+0.974
1636378320,+3.51,+18.563, +9.493,+0.974
1636378920,+3.51,+18.580, +9.494,+0.974
1636379520,+3.51,+18.572, +9.506,+0.974
1636380120,+3.51,+18.563, +9.490,+0.974
1636380720,+3.51,+18.572, +9.536,+0.975
1636381320,+3.51,+18.563, +9.524,+0.974
1636381920,+3.51,+18.563, +9.562,+0.974
1636382520,+3.51,+18.588, +9.532,+0.974
1636383120,+3.51,+18.580, +9.620,+0.974
1636383720,+3.51,+18.588, +9.643,+0.974
1636384320,+3.51,+18.588, +9.633,+0.974
1636384920,+3.51,+18.605, +9.721,+0.974
1636385520,+3.51,+18.639, +9.783,+0.975
1636386120,+3.51,+18.622, +9.753,+0.974
1636386720,+3.51,+18.647, +9.812,+0.974
1636387320,+3.51,+18.639, +9.826,+0.974
1636387920,+3.51,+18.681, +9.865,+0.974
1636388520,+3.51,+18.681, +9.895,+0.974
1636389120,+3.51,+18.681, +9.851,+0.974
1636389720,+3.51,+18.698, +9.839,+0.974
1636390320,+3.51,+18.689, +9.822,+0.975
1636390920,+3.51,+18.689, +9.807,+0.974
