7450-675903
OS REV: 1.05 Sensor Cal: 1615486687
Time (sec),  BV (Volts),  T (deg C),  DO (mg/l),  Q ()
1636390140,+3.42,+16.594, +4.824,+0.967
1636390200,+3.42,+16.619, +4.827,+0.968
1636390260,+3.42,+16.611, +4.822,+0.967
1636390320,+3.42,+16.602, +4.833,+0.968
1636390380,+3.42,+16.619, +4.840,+0.968
1636390440,+3.42,+16.628, +4.839,+0.967
1636390500,+3.42,+16.619, +4.851,+0.968
1636390560,+3.42,+16.628, +4.853,+0.968
1636390620,+3.42,+16.628, +4.847,+0.967
1636390680,+3.42,+16.619, +4.844,+0.968
1636390740,+3.42,+16.611, +4.844,+0.968
1636390800,+3.42,+16.628, +4.828,+0.967
1636390860,+3.42,+16.636, +4.814,+0.967
1636390920,+3.42,+16.636, +4.808,+0.968
1636390980,+3.42,+16.619, +4.803,+0.967
1636391040,+3.42,+16.611, +4.803,+0.967
1636391100,+3.42,+16.611, +4.805,+0.968
1636391160,+3.42,+16.602, +4.792,+0.967
1636391220,+3.42,+16.611, +4.786,+0.967
1636391280,+3.42,+16.602, +4.791,+0.967
1636391340,+3.42,+16.594, +4.792,+0.968
1636391400,+3.42,+16.611, +4.270,+0.954
1636391460,+3.42,+16.611, +3.896,+0.949
1636391520,+3.42,+16.619, +3.737,+0.950
1636391580,+3.42,+16.619, +3.841,+0.950
1636391640,+3.42,+16.619, +3.758,+0.951
1636391700,+3.42,+16.594, +3.663,+0.952
1636391760,+3.42,+16.602, +3.655,+0.953
1636391820,+3.42,+16.602, +3.642,+0.954
1636391880,+3.42,+16.602, +3.680,+0.954
1636391940,+3.42,+16.619, +3.722,+0.954
1636392000,+3.42,+16.619, +3.861,+0.955
1636392060,+3.42,+16.611, +3.956,+0.955
1636392120,+3.42,+16.619, +3.951,+0.956
1636392180,+3.42,+16.611, +4.022,+0.956
1636392240,+3.42,+16.619, +4.099,+0.957
1636392300,+3.42,+16.611, +4.173,+0.958
1636392360,+3.42,+16.611, +4.211,+0.959
1636392420,+3.42,+16.611, +4.181,+0.960
1636392480,+3.42,+16.619, +4.208,+0.960
1636392540,+3.42,+16.619, +4.296,+0.961
1636392600,+3.42,+16.619, +4.305,+0.961
1636392660,+3.42,+16.611, +4.340,+0.962
1636392720,+3.42,+16.628, +4.331,+0.962
1636392780,+3.42,+16.636, +4.343,+0.962
1636392840,+3.42,+16.619, +4.367,+0.963
1636392900,+3.42,+16.636, +4.407,+0.963
1636392960,+3.42,+16.619, +4.407,+0.963
1636393020,+3.42,+16.636, +4.418,+0.964
1636393080,+3.42,+16.628, +4.427,+0.964
1636393140,+3.42,+16.628, +4.488,+0.965
1636393200,+3.42,+16.628, +4.530,+0.965
1636393260,+3.42,+16.619, +4.568,+0.965
1636393320,+3.42,+16.636, +4.641,+0.965
1636393380,+3.42,+16.636, +4.664,+0.966
1636393440,+3.42,+16.628, +4.699,+0.966
1636393500,+3.42,+16.653, +4.713,+0.966
1636393560,+3.42,+16.628, +4.732,+0.966
1636393620,+3.42,+16.653, +4.744,+0.966
1636393680,+3.42,+16.645, +4.714,+0.966
1636393740,+3.42,+16.653, +4.694,+0.967
1636393800,+3.42,+16.662, +4.685,+0.967
1636393860,+3.42,+16.662, +4.750,+0.967
1636393920,+3.42,+16.653, +4.768,+0.967
1636393980,+3.42,+16.662, +4.773,+0.967
1636394040,+3.42,+16.670, +4.831,+0.967
1636394100,+3.42,+16.670, +1.743,+0.960
1636394160,+3.42,+16.662, +1.748,+0.962
1636394220,+3.42,+16.662, +1.789,+0.964
1636394280,+3.42,+16.662, +1.824,+0.965
1636394340,+3.42,+16.653, +1.887,+0.966
1636394400,+3.42,+16.662, +1.922,+0.967
1636394460,+3.42,+16.662, +1.964,+0.968
1636394520,+3.42,+16.662, +2.011,+0.968
1636394580,+3.42,+16.687, +2.045,+0.968
1636394640,+3.42,+16.662, +2.094,+0.968
1636394700,+3.42,+16.670, +2.142,+0.968
1636394760,+3.42,+16.679, +2.179,+0.969
1636394820,+3.42,+16.679, +2.209,+0.969
1636394880,+3.42,+16.679, +2.230,+0.969
1636394940,+3.42,+16.670, +2.273,+0.969
1636395000,+3.42,+16.687, +2.320,+0.969
1636395060,+3.42,+16.679, +2.370,+0.969
1636395120,+3.42,+16.679, +2.414,+0.969
1636395180,+3.42,+16.687, +2.487,+0.969
1636395240,+3.42,+16.687, +2.567,+0.969
1636395300,+3.42,+16.679, +2.638,+0.969
1636395360,+3.42,+16.687, +2.696,+0.970
1636395420,+3.42,+16.670, +2.752,+0.970
1636395480,+3.42,+16.704, +2.795,+0.970
1636395540,+3.42,+16.704, +2.836,+0.970
1636395600,+3.42,+16.721, +2.875,+0.970
1636395660,+3.42,+16.704, +2.916,+0.970
1636395720,+3.42,+16.704, +2.951,+0.969
1636395780,+3.42,+16.721, +2.984,+0.970
1636395840,+3.42,+16.721, +3.013,+0.970
1636395900,+3.42,+16.721, +3.034,+0.970
1636395960,+3.42,+16.730, +3.055,+0.970
1636396020,+3.42,+16.730, +3.082,+0.970
1636396080,+3.42,+16.730, +3.109,+0.970
1636396140,+3.42,+16.764, +3.139,+0.970
1636396200,+3.42,+16.781, +3.170,+0.970
1636396260,+3.42,+16.798, +3.210,+0.970
1636396320,+3.42,+16.798, +3.250,+0.970
1636396380,+3.42,+16.798, +3.282,+0.970
1636396440,+3.42,+16.798, +3.312,+0.970
1636396500,+3.42,+16.798, +3.346,+0.970
1636396560,+3.42,+16.806, +3.383,+0.970
1636396620,+3.42,+16.806, +3.415,+0.970
1636396680,+3.42,+16.806, +3.440,+0.970
1636396740,+3.42,+16.815, +3.473,+0.970
1636396800,+3.42,+16.815, +3.512,+0.970
1636396860,+3.42,+16.823, +3.556,+0.970
1636396920,+3.42,+16.823, +3.594,+0.970
1636396980,+3.42,+16.806, +3.646,+0.970
1636397040,+3.42,+16.806, +3.697,+0.970
1636397100,+3.42,+16.806, +3.749,+0.970
1636397160,+3.42,+16.823, +3.795,+0.970
1636397220,+3.42,+16.815, +3.841,+0.970
1636397280,+3.42,+16.832, +3.888,+0.970
1636397340,+3.42,+16.832, +3.942,+0.970
1636397400,+3.42,+16.840, +3.990,+0.970
1636397460,+3.42,+16.832, +4.034,+0.970
1636397520,+3.42,+16.789, +4.084,+0.970
1636397580,+3.42,+16.772, +4.134,+0.970
1636397640,+3.42,+16.755, +4.183,+0.970
1636397700,+3.42,+16.747, +4.245,+0.970
1636397760,+3.42,+16.755, +4.294,+0.970
1636397820,+3.42,+16.764, +4.335,+0.970
1636397880,+3.42,+16.764, +4.386,+0.970
1636397940,+3.42,+16.789, +4.433,+0.970
1636398000,+3.42,+16.848, +4.481,+0.970
1636398060,+3.42,+16.865, +4.527,+0.970
1636398120,+3.42,+16.882, +4.572,+0.970
1636398180,+3.42,+16.891, +4.618,+0.970
1636398240,+3.43,+16.899, +4.657,+0.970
1636398300,+3.42,+16.882, +4.704,+0.970
1636398360,+3.42,+16.891, +4.739,+0.970
1636398420,+3.42,+16.891, +4.764,+0.970
1636398480,+3.42,+16.925, +4.794,+0.970
1636398540,+3.42,+16.933, +4.824,+0.970
1636398600,+3.42,+16.916, +4.852,+0.970
1636398660,+3.42,+16.933, +4.885,+0.970
1636398720,+3.42,+16.959, +4.928,+0.970
1636398780,+3.42,+16.984, +4.960,+0.969
1636398840,+3.42,+17.001, +4.987,+0.969
1636398900,+3.42,+16.993, +5.025,+0.970
1636398960,+3.42,+16.993, +5.061,+0.970
1636399020,+3.42,+17.001, +5.097,+0.970
1636399080,+3.42,+17.010, +5.122,+0.970
1636399140,+3.42,+17.001, +5.146,+0.970
1636399200,+3.42,+16.993, +5.172,+0.969
1636399260,+3.42,+16.993, +5.200,+0.970
1636399320,+3.42,+16.993, +5.219,+0.970
1636399380,+3.42,+17.010, +5.240,+0.970
1636399440,+3.42,+17.001, +5.260,+0.969
1636399500,+3.42,+17.035, +5.280,+0.969
1636399560,+3.42,+17.027, +5.303,+0.969
1636399620,+3.43,+17.001, +5.323,+0.969
1636399680,+3.42,+16.942, +5.353,+0.970
1636399740,+3.43,+16.950, +5.375,+0.969
1636399800,+3.42,+16.976, +5.392,+0.969
1636399860,+3.42,+17.001, +5.426,+0.970
1636399920,+3.42,+16.993, +5.445,+0.969
1636399980,+3.42,+17.010, +5.474,+0.969
1636400040,+3.42,+17.035, +5.505,+0.970
1636400100,+3.42,+17.052, +5.511,+0.969
1636400160,+3.42,+17.061, +5.534,+0.969
1636400220,+3.42,+17.078, +5.557,+0.969
1636400280,+3.42,+17.061, +5.582,+0.969
1636400340,+3.42,+17.052, +5.608,+0.970
1636400400,+3.42,+17.069, +5.618,+0.969
1636400460,+3.42,+17.052, +5.645,+0.969
1636400520,+3.42,+17.061, +5.670,+0.969
1636400580,+3.42,+17.061, +5.686,+0.969
1636400640,+3.42,+17.061, +5.702,+0.970
1636400700,+3.42,+17.069, +5.707,+0.969
1636400760,+3.42,+17.052, +5.729,+0.969
1636400820,+3.42,+17.069, +5.736,+0.969
1636400880,+3.42,+17.078, +5.751,+0.969
1636400940,+3.42,+17.078, +5.784,+0.969
1636401000,+3.42,+17.069, +5.800,+0.969
1636401060,+3.42,+17.052, +5.826,+0.969
1636401120,+3.42,+17.044, +5.845,+0.969
1636401180,+3.42,+17.010, +5.867,+0.969
1636401240,+3.42,+16.967, +5.895,+0.969
1636401300,+3.43,+16.967, +5.910,+0.968
1636401360,+3.43,+16.976, +5.922,+0.968
1636401420,+3.43,+16.984, +5.937,+0.969
1636401480,+3.42,+16.984, +5.949,+0.969
1636401540,+3.42,+16.993, +5.961,+0.969
1636401600,+3.42,+16.993, +5.972,+0.969
1636401660,+3.43,+16.984, +5.985,+0.969
1636401720,+3.43,+16.984, +5.994,+0.969
1636401780,+3.42,+16.959, +6.009,+0.968
1636401840,+3.43,+16.967, +6.028,+0.969
1636401900,+3.43,+16.967, +6.037,+0.969
1636401960,+3.42,+16.967, +6.044,+0.969
1636402020,+3.42,+16.984, +6.055,+0.969
1636402080,+3.42,+17.018, +6.056,+0.969
1636402140,+3.42,+17.018, +6.071,+0.969
1636402200,+3.43,+17.001, +6.083,+0.968
1636402260,+3.42,+17.001, +6.098,+0.969
1636402320,+3.42,+17.001, +6.110,+0.968
1636402380,+3.42,+17.001, +6.132,+0.969
1636402440,+3.42,+17.018, +6.137,+0.969
1636402500,+3.42,+17.027, +6.160,+0.969
1636402560,+3.42,+17.035, +6.182,+0.969
1636402620,+3.42,+17.061, +6.183,+0.968
1636402680,+3.42,+17.061, +6.203,+0.969
1636402740,+3.42,+17.035, +6.220,+0.968
1636402800,+3.42,+17.044, +6.240,+0.968
1636402860,+3.42,+17.061, +6.265,+0.969
1636402920,+3.42,+17.052, +6.289,+0.969
1636402980,+3.42,+17.069, +6.305,+0.968
1636403040,+3.42,+17.078, +6.332,+0.968
1636403100,+3.42,+17.112, +6.352,+0.969
1636403160,+3.42,+17.120, +6.369,+0.968
1636403220,+3.42,+17.112, +6.395,+0.968
1636403280,+3.42,+17.086, +6.415,+0.968
1636403340,+3.42,+17.086, +6.429,+0.969
1636403400,+3.42,+17.078, +6.446,+0.968
1636403460,+3.42,+17.086, +6.460,+0.969
1636403520,+3.42,+17.086, +6.476,+0.969
1636403580,+3.42,+17.078, +6.485,+0.968
1636403640,+3.42,+17.078, +6.494,+0.968
1636403700,+3.42,+17.086, +6.517,+0.969
1636403760,+3.42,+17.078, +6.524,+0.968
1636403820,+3.42,+17.061, +6.548,+0.969
1636403880,+3.42,+17.069, +6.565,+0.968
1636403940,+3.42,+17.086, +6.574,+0.968
1636404000,+3.42,+17.078, +6.597,+0.968
1636404060,+3.42,+17.069, +6.616,+0.968
1636404120,+3.42,+17.078, +6.633,+0.968
1636404180,+3.42,+17.078, +6.649,+0.968
1636404240,+3.42,+17.086, +6.658,+0.968
1636404300,+3.42,+17.061, +6.676,+0.968
1636404360,+3.42,+17.069, +6.676,+0.968
1636404420,+3.42,+17.052, +6.700,+0.968
1636404480,+3.42,+17.069, +6.707,+0.968
1636404540,+3.42,+17.052, +6.732,+0.969
1636404600,+3.42,+17.044, +6.749,+0.968
1636404660,+3.42,+17.044, +6.756,+0.968
1636404720,+3.42,+17.052, +6.775,+0.969
1636404780,+3.42,+17.044, +6.791,+0.968
1636404840,+3.42,+17.052, +6.799,+0.968
1636404900,+3.42,+17.044, +6.815,+0.968
1636404960,+3.43,+17.052, +6.840,+0.968
1636405020,+3.42,+17.069, +6.856,+0.968
1636405080,+3.42,+17.078, +6.881,+0.969
1636405140,+3.42,+17.103, +6.884,+0.968
1636405200,+3.43,+17.095, +6.889,+0.968
1636405260,+3.42,+17.061, +6.908,+0.968
1636405320,+3.42,+17.069, +6.915,+0.968
1636405380,+3.42,+17.078, +6.923,+0.968
1636405440,+3.42,+17.095, +6.934,+0.968
1636405500,+3.42,+17.128, +6.936,+0.968
1636405560,+3.42,+17.128, +6.946,+0.968
1636405620,+3.42,+17.103, +6.956,+0.968
1636405680,+3.42,+17.078, +6.966,+0.968
1636405740,+3.42,+17.086, +6.966,+0.968
1636405800,+3.42,+17.120, +6.975,+0.968
1636405860,+3.42,+17.162, +6.978,+0.968
1636405920,+3.42,+17.196, +6.990,+0.968
1636405980,+3.42,+17.213, +6.999,+0.968
1636406040,+3.42,+17.213, +7.006,+0.968
1636406100,+3.42,+17.222, +7.015,+0.968
1636406160,+3.42,+17.239, +7.017,+0.968
1636406220,+3.42,+17.230, +7.030,+0.968
1636406280,+3.42,+17.222, +7.035,+0.968
1636406340,+3.42,+17.188, +7.048,+0.968
1636406400,+3.42,+17.179, +7.059,+0.968
1636406460,+3.42,+17.171, +7.070,+0.968
1636406520,+3.42,+17.162, +7.078,+0.968
1636406580,+3.42,+17.179, +7.068,+0.968
1636406640,+3.42,+17.162, +7.084,+0.968
1636406700,+3.42,+17.162, +7.099,+0.968
1636406760,+3.42,+17.196, +7.093,+0.968
1636406820,+3.42,+17.213, +7.109,+0.968
1636406880,+3.42,+17.239, +7.111,+0.968
1636406940,+3.42,+17.264, +7.109,+0.968
1636407000,+3.42,+17.264, +7.113,+0.968
1636407060,+3.42,+17.323, +7.110,+0.968
1636407120,+3.42,+17.281, +7.121,+0.968
1636407180,+3.42,+17.264, +7.133,+0.968
1636407240,+3.42,+17.289, +7.138,+0.968
1636407300,+3.42,+17.332, +7.139,+0.968
1636407360,+3.42,+17.340, +7.142,+0.968
1636407420,+3.42,+17.357, +7.145,+0.968
1636407480,+3.42,+17.332, +7.158,+0.968
1636407540,+3.42,+17.289, +7.166,+0.968
1636407600,+3.42,+17.298, +7.179,+0.968
1636407660,+3.42,+17.315, +7.177,+0.968
1636407720,+3.42,+17.315, +7.181,+0.968
1636407780,+3.42,+17.306, +7.185,+0.968
1636407840,+3.42,+17.289, +7.194,+0.969
1636407900,+3.42,+17.264, +7.190,+0.968
1636407960,+3.42,+17.256, +7.201,+0.968
1636408020,+3.42,+17.256, +7.191,+0.967
1636408080,+3.42,+17.315, +7.194,+0.968
1636408140,+3.42,+17.306, +7.191,+0.968
1636408200,+3.42,+17.264, +7.205,+0.968
1636408260,+3.42,+17.289, +7.191,+0.968
1636408320,+3.42,+17.256, +7.197,+0.968
1636408380,+3.42,+17.289, +7.192,+0.968
1636408440,+3.42,+17.264, +7.195,+0.968
1636408500,+3.42,+17.256, +7.200,+0.968
1636408560,+3.42,+17.289, +7.192,+0.968
1636408620,+3.42,+17.264, +7.184,+0.967
1636408680,+3.42,+17.281, +7.191,+0.968
1636408740,+3.42,+17.273, +7.184,+0.967
1636408800,+3.42,+17.239, +7.188,+0.968
1636408860,+3.42,+17.239, +7.191,+0.968
1636408920,+3.42,+17.256, +7.196,+0.968
1636408980,+3.42,+17.256, +7.184,+0.968
1636409040,+3.42,+17.273, +7.179,+0.968
1636409100,+3.42,+17.247, +7.190,+0.968
1636409160,+3.42,+17.230, +7.181,+0.968
1636409220,+3.42,+17.196, +7.182,+0.968
1636409280,+3.42,+17.247, +7.173,+0.968
1636409340,+3.42,+17.239, +7.165,+0.967
1636409400,+3.42,+17.239, +7.170,+0.968
1636409460,+3.42,+17.213, +7.171,+0.968
1636409520,+3.42,+17.196, +7.158,+0.967
1636409580,+3.42,+17.213, +7.167,+0.968
1636409640,+3.42,+17.196, +7.163,+0.968
1636409700,+3.42,+17.188, +7.146,+0.967
1636409760,+3.42,+17.179, +7.139,+0.967
1636409820,+3.42,+17.196, +7.143,+0.968
1636409880,+3.42,+17.179, +7.147,+0.968
1636409940,+3.42,+17.239, +7.130,+0.968
1636410000,+3.42,+17.213, +7.130,+0.968
1636410060,+3.42,+17.239, +7.129,+0.968
1636410120,+3.42,+17.281, +7.128,+0.968
1636410180,+3.42,+17.247, +7.124,+0.968
1636410240,+3.42,+17.239, +7.119,+0.967
1636410300,+3.42,+17.281, +7.127,+0.968
1636410360,+3.42,+17.256, +7.129,+0.968
1636410420,+3.42,+17.256, +7.124,+0.968
1636410480,+3.42,+17.256, +7.132,+0.968
1636410540,+3.42,+17.256, +7.115,+0.967
1636410600,+3.42,+17.196, +7.119,+0.968
1636410660,+3.42,+17.162, +7.118,+0.967
1636410720,+3.42,+17.171, +7.110,+0.967
1636410780,+3.42,+17.179, +7.111,+0.968
1636410840,+3.42,+17.162, +7.116,+0.968
1636410900,+3.42,+17.222, +7.099,+0.967
1636410960,+3.42,+17.247, +7.102,+0.968
1636411020,+3.42,+17.306, +7.101,+0.968
1636411080,+3.42,+17.281, +7.097,+0.968
1636411140,+3.42,+17.230, +7.102,+0.968
1636411200,+3.42,+17.230, +7.085,+0.967
1636411260,+3.42,+17.171, +7.102,+0.968
1636411320,+3.42,+17.230, +7.093,+0.968
1636411380,+3.42,+17.256, +7.097,+0.968
1636411440,+3.42,+17.247, +7.089,+0.968
1636411500,+3.42,+17.264, +7.091,+0.968
1636411560,+3.42,+17.281, +7.084,+0.968
1636411620,+3.42,+17.264, +7.098,+0.968
1636411680,+3.42,+17.273, +7.095,+0.968
1636411740,+3.42,+17.298, +7.095,+0.968
1636411800,+3.42,+17.298, +7.094,+0.968
1636411860,+3.42,+17.289, +7.099,+0.968
1636411920,+3.42,+17.298, +7.100,+0.968
1636411980,+3.42,+17.306, +7.104,+0.968
1636412040,+3.42,+17.315, +7.109,+0.968
1636412100,+3.42,+17.289, +7.112,+0.968
1636412160,+3.42,+17.239, +7.087,+0.967
1636412220,+3.42,+17.188, +7.092,+0.967
1636412280,+3.42,+17.188, +7.096,+0.968
1636412340,+3.42,+17.196, +7.095,+0.968
1636412400,+3.42,+17.188, +7.087,+0.967
1636412460,+3.42,+17.171, +7.093,+0.968
1636412520,+3.42,+17.128, +7.074,+0.967
1636412580,+3.43,+17.095, +7.081,+0.968
1636412640,+3.42,+17.095, +7.069,+0.967
1636412700,+3.42,+17.128, +7.073,+0.968
1636412760,+3.42,+17.137, +7.067,+0.968
1636412820,+3.42,+17.128, +7.062,+0.968
1636412880,+3.42,+17.128, +7.060,+0.967
1636412940,+3.43,+17.112, +7.040,+0.967
1636413000,+3.42,+17.120, +7.041,+0.967
1636413060,+3.42,+17.205, +7.070,+0.968
1636413120,+3.42,+17.230, +7.086,+0.968
1636413180,+3.42,+17.256, +7.076,+0.967
1636413240,+3.42,+17.273, +7.105,+0.968
1636413300,+3.42,+17.315, +7.109,+0.968
1636413360,+3.42,+17.332, +7.109,+0.968
1636413420,+3.42,+17.315, +7.108,+0.967
1636413480,+3.42,+17.340, +7.112,+0.968
1636413540,+3.42,+17.332, +7.126,+0.968
1636413600,+3.42,+17.315, +7.128,+0.968
1636413660,+3.42,+17.332, +7.136,+0.968
1636413720,+3.42,+17.289, +7.118,+0.967
1636413780,+3.42,+17.281, +7.122,+0.967
1636413840,+3.42,+17.247, +7.128,+0.967
1636413900,+3.42,+17.247, +7.117,+0.967
1636413960,+3.42,+17.239, +7.114,+0.967
1636414020,+3.42,+17.196, +7.131,+0.968
1636414080,+3.42,+17.179, +7.135,+0.968
1636414140,+3.42,+17.171, +7.128,+0.968
1636414200,+3.42,+17.179, +7.124,+0.968
1636414260,+3.42,+17.171, +7.104,+0.967
1636414320,+3.42,+17.162, +7.099,+0.967
1636414380,+3.42,+17.154, +7.101,+0.968
1636414440,+3.42,+17.137, +7.099,+0.968
1636414500,+3.42,+17.128, +7.095,+0.968
1636414560,+3.42,+17.128, +7.095,+0.967
1636414620,+3.42,+17.128, +7.093,+0.968
1636414680,+3.42,+17.137, +7.088,+0.968
1636414740,+3.42,+17.120, +7.089,+0.967
1636414800,+3.43,+17.145, +7.094,+0.968
1636414860,+3.42,+17.179, +7.096,+0.968
1636414920,+3.42,+17.213, +7.110,+0.968
1636414980,+3.42,+17.256, +7.106,+0.967
1636415040,+3.42,+17.256, +7.108,+0.968
1636415100,+3.42,+17.230, +7.097,+0.967
1636415160,+3.42,+17.205, +7.104,+0.968
1636415220,+3.42,+17.230, +7.087,+0.967
1636415280,+3.42,+17.239, +7.108,+0.968
1636415340,+3.42,+17.239, +7.106,+0.968
1636415400,+3.42,+17.239, +7.105,+0.968
1636415460,+3.42,+17.230, +7.108,+0.968
1636415520,+3.42,+17.230, +7.102,+0.967
1636415580,+3.42,+17.230, +7.102,+0.968
1636415640,+3.42,+17.205, +7.111,+0.968
1636415700,+3.42,+17.205, +7.096,+0.967
1636415760,+3.42,+17.188, +7.105,+0.968
1636415820,+3.42,+17.205, +7.099,+0.967
1636415880,+3.42,+17.179, +7.101,+0.968
1636415940,+3.42,+17.162, +7.100,+0.968
1636416000,+3.42,+17.154, +7.095,+0.967
1636416060,+3.42,+17.145, +7.097,+0.968
1636416120,+3.42,+17.154, +7.078,+0.967
1636416180,+3.42,+17.128, +7.090,+0.967
1636416240,+3.43,+17.112, +7.102,+0.967
1636416300,+3.43,+17.095, +7.104,+0.968
1636416360,+3.43,+17.086, +7.101,+0.967
1636416420,+3.43,+17.061, +7.098,+0.967
1636416480,+3.43,+17.027, +7.065,+0.967
1636416540,+3.43,+17.001, +7.072,+0.967
1636416600,+3.43,+17.027, +7.043,+0.967
1636416660,+3.43,+17.044, +7.040,+0.967
1636416720,+3.43,+17.035, +7.055,+0.968
1636416780,+3.43,+17.044, +7.050,+0.967
1636416840,+3.43,+17.061, +7.047,+0.967
1636416900,+3.43,+17.044, +7.056,+0.968
1636416960,+3.43,+17.061, +7.045,+0.967
1636417020,+3.43,+17.027, +7.052,+0.968
1636417080,+3.43,+17.044, +7.044,+0.967
1636417140,+3.43,+17.061, +7.028,+0.967
1636417200,+3.43,+17.035, +7.033,+0.967
1636417260,+3.42,+17.061, +7.018,+0.968
1636417320,+3.43,+17.069, +7.014,+0.967
1636417380,+3.43,+17.061, +7.021,+0.968
1636417440,+3.43,+17.061, +7.020,+0.968
1636417500,+3.43,+17.069, +7.022,+0.968
1636417560,+3.42,+17.044, +7.014,+0.968
1636417620,+3.43,+17.035, +7.007,+0.967
1636417680,+3.43,+17.078, +7.006,+0.968
1636417740,+3.42,+17.078, +6.997,+0.967
1636417800,+3.43,+17.061, +7.005,+0.968
1636417860,+3.43,+17.044, +7.004,+0.968
1636417920,+3.43,+17.044, +6.998,+0.967
1636417980,+3.43,+17.052, +6.997,+0.968
1636418040,+3.43,+17.035, +6.991,+0.967
1636418100,+3.43,+17.052, +6.997,+0.968
1636418160,+3.43,+17.027, +6.988,+0.967
1636418220,+3.43,+17.027, +6.992,+0.968
1636418280,+3.43,+17.027, +6.984,+0.968
1636418340,+3.43,+17.044, +6.978,+0.968
1636418400,+3.43,+17.044, +6.967,+0.967
1636418460,+3.43,+17.044, +6.965,+0.968
1636418520,+3.43,+17.035, +6.965,+0.968
1636418580,+3.43,+17.044, +6.957,+0.968
1636418640,+3.43,+17.035, +6.950,+0.967
1636418700,+3.43,+17.027, +6.935,+0.967
1636418760,+3.43,+17.027, +6.925,+0.968
1636418820,+3.43,+17.018, +6.932,+0.968
1636418880,+3.43,+17.018, +6.927,+0.968
1636418940,+3.43,+17.035, +6.918,+0.967
1636419000,+3.43,+17.027, +6.917,+0.967
1636419060,+3.43,+17.027, +6.909,+0.967
1636419120,+3.43,+17.044, +6.909,+0.967
1636419180,+3.43,+17.027, +6.916,+0.968
1636419240,+3.43,+17.027, +6.917,+0.968
1636419300,+3.43,+17.027, +6.919,+0.967
1636419360,+3.43,+17.035, +6.927,+0.968
1636419420,+3.43,+17.027, +6.922,+0.967
1636419480,+3.43,+17.018, +6.934,+0.968
1636419540,+3.43,+17.044, +6.924,+0.968
1636419600,+3.43,+17.018, +6.925,+0.967
1636419660,+3.43,+17.027, +6.918,+0.967
1636419720,+3.43,+17.027, +6.905,+0.967
1636419780,+3.43,+17.018, +6.907,+0.968
1636419840,+3.43,+17.001, +6.902,+0.967
1636419900,+3.43,+17.001, +6.908,+0.968
1636419960,+3.43,+16.993, +6.907,+0.968
1636420020,+3.43,+17.001, +6.911,+0.968
1636420080,+3.43,+16.984, +6.909,+0.968
1636420140,+3.43,+16.993, +6.878,+0.967
1636420200,+3.43,+16.984, +6.873,+0.968
1636420260,+3.43,+16.976, +6.862,+0.967
1636420320,+3.43,+16.984, +6.870,+0.968
1636420380,+3.43,+16.976, +6.867,+0.968
1636420440,+3.43,+16.976, +6.856,+0.967
1636420500,+3.43,+16.976, +6.852,+0.968
1636420560,+3.43,+16.984, +6.832,+0.967
1636420620,+3.43,+16.976, +6.836,+0.968
1636420680,+3.43,+16.976, +6.830,+0.967
1636420740,+3.43,+16.976, +6.827,+0.968
1636420800,+3.43,+16.967, +6.818,+0.967
1636420860,+3.43,+16.967, +6.806,+0.967
1636420920,+3.43,+16.959, +6.798,+0.967
1636420980,+3.43,+16.984, +6.792,+0.968
1636421040,+3.43,+16.984, +6.795,+0.968
1636421100,+3.43,+16.967, +6.797,+0.968
1636421160,+3.43,+16.967, +6.791,+0.968
1636421220,+3.43,+16.976, +6.758,+0.968
1636421280,+3.43,+16.899, +6.732,+0.967
1636421340,+3.43,+16.925, +6.728,+0.967
1636421400,+3.43,+16.899, +6.732,+0.967
1636421460,+3.43,+16.908, +6.741,+0.968
1636421520,+3.43,+16.925, +6.730,+0.967
1636421580,+3.43,+16.933, +6.734,+0.967
1636421640,+3.43,+16.976, +6.727,+0.967
1636421700,+3.43,+16.976, +6.721,+0.968
1636421760,+3.43,+16.976, +6.713,+0.967
1636421820,+3.43,+16.976, +6.711,+0.968
1636421880,+3.43,+16.993, +6.704,+0.968
1636421940,+3.43,+16.993, +6.700,+0.967
1636422000,+3.43,+16.976, +6.700,+0.967
1636422060,+3.43,+16.993, +6.697,+0.967
1636422120,+3.43,+16.984, +6.708,+0.968
1636422180,+3.43,+16.984, +6.704,+0.968
1636422240,+3.43,+16.993, +6.678,+0.967
1636422300,+3.43,+16.976, +6.668,+0.967
1636422360,+3.43,+16.993, +6.653,+0.967
1636422420,+3.43,+16.984, +6.660,+0.967
1636422480,+3.43,+16.976, +6.661,+0.968
1636422540,+3.43,+16.976, +6.656,+0.967
1636422600,+3.43,+16.959, +6.646,+0.967
1636422660,+3.43,+16.976, +6.650,+0.968
1636422720,+3.43,+16.967, +6.637,+0.967
1636422780,+3.43,+16.942, +6.646,+0.967
1636422840,+3.43,+16.976, +6.630,+0.967
1636422900,+3.43,+16.959, +6.640,+0.968
1636422960,+3.43,+16.993, +6.634,+0.968
1636423020,+3.43,+16.950, +6.646,+0.968
1636423080,+3.43,+16.942, +6.638,+0.967
1636423140,+3.43,+16.916, +6.625,+0.967
1636423200,+3.43,+16.908, +6.611,+0.967
1636423260,+3.43,+16.925, +6.595,+0.967
1636423320,+3.43,+16.933, +6.587,+0.967
1636423380,+3.43,+16.908, +6.600,+0.967
1636423440,+3.43,+16.891, +6.602,+0.967
1636423500,+3.43,+16.899, +6.589,+0.967
1636423560,+3.43,+16.882, +6.582,+0.967
1636423620,+3.43,+16.899, +6.560,+0.967
1636423680,+3.43,+16.891, +6.568,+0.968
1636423740,+3.43,+16.891, +6.569,+0.967
1636423800,+3.43,+16.882, +6.562,+0.967
1636423860,+3.43,+16.882, +6.555,+0.967
1636423920,+3.43,+16.865, +6.562,+0.968
1636423980,+3.43,+16.899, +6.555,+0.968
1636424040,+3.43,+16.891, +6.541,+0.967
1636424100,+3.43,+16.899, +6.546,+0.968
1636424160,+3.43,+16.908, +6.539,+0.967
1636424220,+3.43,+16.908, +6.541,+0.967
1636424280,+3.43,+16.916, +6.535,+0.967
1636424340,+3.43,+16.933, +6.538,+0.968
1636424400,+3.43,+16.916, +6.524,+0.967
1636424460,+3.43,+16.916, +6.527,+0.968
1636424520,+3.43,+16.916, +6.528,+0.968
1636424580,+3.43,+16.908, +6.515,+0.968
1636424640,+3.43,+16.908, +6.507,+0.967
1636424700,+3.43,+16.916, +6.503,+0.967
1636424760,+3.43,+16.908, +6.499,+0.967
1636424820,+3.43,+16.916, +6.501,+0.967
1636424880,+3.43,+16.916, +6.502,+0.968
1636424940,+3.43,+16.899, +6.493,+0.968
1636425000,+3.43,+16.882, +6.473,+0.967
1636425060,+3.43,+16.882, +6.463,+0.967
1636425120,+3.43,+16.874, +6.451,+0.967
1636425180,+3.43,+16.865, +6.442,+0.967
1636425240,+3.43,+16.865, +6.441,+0.967
1636425300,+3.43,+16.857, +6.455,+0.967
1636425360,+3.43,+16.865, +6.447,+0.967
1636425420,+3.42,+16.848, +6.438,+0.967
1636425480,+3.42,+16.806, +6.417,+0.967
1636425540,+3.42,+16.832, +6.402,+0.967
1636425600,+3.42,+16.832, +6.373,+0.967
1636425660,+3.42,+16.789, +6.330,+0.967
1636425720,+3.42,+16.781, +6.319,+0.967
1636425780,+3.42,+16.781, +6.336,+0.967
1636425840,+3.42,+16.781, +6.349,+0.967
1636425900,+3.42,+16.798, +6.366,+0.967
1636425960,+3.42,+16.832, +6.377,+0.967
1636426020,+3.42,+16.832, +6.389,+0.967
1636426080,+3.42,+16.840, +6.385,+0.967
1636426140,+3.42,+16.840, +6.381,+0.967
1636426200,+3.42,+16.848, +6.355,+0.967
1636426260,+3.42,+16.832, +6.313,+0.967
1636426320,+3.42,+16.857, +6.276,+0.967
1636426380,+3.43,+16.865, +6.268,+0.967
1636426440,+3.42,+16.848, +6.269,+0.967
1636426500,+3.43,+16.865, +6.259,+0.967
1636426560,+3.43,+16.874, +6.242,+0.967
1636426620,+3.43,+16.874, +6.234,+0.967
1636426680,+3.43,+16.874, +6.227,+0.967
1636426740,+3.43,+16.882, +6.251,+0.968
1636426800,+3.43,+16.891, +6.258,+0.967
1636426860,+3.43,+16.874, +6.267,+0.968
1636426920,+3.43,+16.891, +6.265,+0.967
1636426980,+3.43,+16.891, +6.271,+0.967
1636427040,+3.43,+16.899, +6.280,+0.967
1636427100,+3.43,+16.874, +6.294,+0.968
1636427160,+3.43,+16.891, +6.293,+0.968
1636427220,+3.43,+16.891, +6.227,+0.967
1636427280,+3.43,+16.874, +6.223,+0.967
1636427340,+3.43,+16.874, +6.251,+0.968
1636427400,+3.43,+16.865, +6.255,+0.967
1636427460,+3.43,+16.848, +6.255,+0.967
1636427520,+3.42,+16.857, +6.248,+0.967
1636427580,+3.42,+16.840, +6.229,+0.968
1636427640,+3.42,+16.832, +6.167,+0.967
1636427700,+3.42,+16.823, +6.132,+0.967
1636427760,+3.42,+16.806, +6.133,+0.967
1636427820,+3.42,+16.815, +6.153,+0.967
1636427880,+3.42,+16.806, +6.155,+0.967
1636427940,+3.42,+16.798, +6.154,+0.967
1636428000,+3.42,+16.815, +6.131,+0.967
1636428060,+3.42,+16.815, +6.161,+0.967
1636428120,+3.42,+16.798, +6.161,+0.967
1636428180,+3.42,+16.815, +6.140,+0.967
1636428240,+3.42,+16.806, +6.133,+0.966
1636428300,+3.42,+16.798, +6.109,+0.967
1636428360,+3.42,+16.781, +6.120,+0.967
1636428420,+3.42,+16.798, +6.089,+0.967
1636428480,+3.42,+16.781, +6.076,+0.967
1636428540,+3.42,+16.789, +6.061,+0.967
1636428600,+3.42,+16.806, +6.077,+0.967
1636428660,+3.42,+16.789, +6.051,+0.966
1636428720,+3.42,+16.772, +6.033,+0.966
1636428780,+3.42,+16.789, +6.020,+0.966
1636428840,+3.42,+16.789, +6.017,+0.967
1636428900,+3.42,+16.772, +6.008,+0.966
1636428960,+3.42,+16.789, +5.995,+0.967
1636429020,+3.42,+16.772, +5.995,+0.966
1636429080,+3.42,+16.781, +5.975,+0.967
1636429140,+3.42,+16.781, +5.974,+0.966
1636429200,+3.42,+16.789, +5.956,+0.966
1636429260,+3.42,+16.789, +5.950,+0.966
1636429320,+3.42,+16.781, +5.906,+0.966
1636429380,+3.42,+16.789, +5.900,+0.966
1636429440,+3.42,+16.755, +5.881,+0.966
1636429500,+3.42,+16.755, +5.864,+0.966
1636429560,+3.42,+16.781, +5.865,+0.966
1636429620,+3.42,+16.798, +5.881,+0.966
1636429680,+3.42,+16.781, +5.883,+0.966
1636429740,+3.42,+16.789, +5.894,+0.966
1636429800,+3.42,+16.806, +5.901,+0.967
1636429860,+3.42,+16.798, +5.912,+0.966
1636429920,+3.42,+16.789, +5.923,+0.967
1636429980,+3.42,+16.798, +5.921,+0.966
1636430040,+3.42,+16.789, +5.927,+0.967
1636430100,+3.42,+16.781, +5.935,+0.967
1636430160,+3.42,+16.772, +5.944,+0.967
1636430220,+3.42,+16.789, +5.951,+0.967
1636430280,+3.42,+16.781, +5.946,+0.967
1636430340,+3.42,+16.806, +5.936,+0.967
1636430400,+3.42,+16.798, +5.913,+0.967
1636430460,+3.42,+16.798, +5.920,+0.967
1636430520,+3.42,+16.789, +5.959,+0.967
1636430580,+3.42,+16.781, +5.990,+0.967
1636430640,+3.42,+16.806, +5.976,+0.967
1636430700,+3.42,+16.789, +5.978,+0.967
1636430760,+3.42,+16.781, +5.971,+0.967
1636430820,+3.42,+16.823, +5.955,+0.967
1636430880,+3.42,+16.823, +5.961,+0.967
1636430940,+3.42,+16.815, +5.962,+0.967
1636431000,+3.42,+16.815, +5.996,+0.967
1636431060,+3.42,+16.832, +6.010,+0.967
1636431120,+3.42,+16.815, +6.026,+0.968
1636431180,+3.42,+16.832, +6.020,+0.967
1636431240,+3.42,+16.848, +6.029,+0.968
1636431300,+3.42,+16.840, +6.037,+0.967
1636431360,+3.42,+16.848, +6.026,+0.968
1636431420,+3.42,+16.840, +6.010,+0.967
1636431480,+3.42,+16.832, +6.029,+0.967
1636431540,+3.42,+16.840, +6.043,+0.967
1636431600,+3.42,+16.832, +6.043,+0.968
1636431660,+3.42,+16.840, +6.045,+0.967
1636431720,+3.42,+16.848, +6.051,+0.967
1636431780,+3.42,+16.848, +6.049,+0.967
1636431840,+3.42,+16.840, +6.034,+0.967
1636431900,+3.42,+16.848, +6.042,+0.968
1636431960,+3.42,+16.832, +6.038,+0.967
1636432020,+3.42,+16.848, +6.039,+0.967
1636432080,+3.42,+16.840, +6.051,+0.967
1636432140,+3.43,+16.840, +6.050,+0.967
1636432200,+3.43,+16.865, +6.053,+0.967
1636432260,+3.43,+16.882, +6.054,+0.967
1636432320,+3.43,+16.857, +6.063,+0.967
1636432380,+3.42,+16.865, +6.059,+0.968
1636432440,+3.43,+16.874, +6.051,+0.967
1636432500,+3.42,+16.848, +5.897,+0.966
1636432560,+3.42,+16.781, +5.794,+0.966
1636432620,+3.42,+16.806, +5.862,+0.967
1636432680,+3.42,+16.806, +5.898,+0.967
1636432740,+3.42,+16.823, +5.951,+0.967
1636432800,+3.42,+16.823, +5.997,+0.967
1636432860,+3.43,+16.874, +6.011,+0.967
1636432920,+3.43,+16.865, +6.011,+0.967
1636432980,+3.43,+16.891, +6.027,+0.967
1636433040,+3.42,+16.874, +6.033,+0.968
1636433100,+3.42,+16.865, +5.946,+0.967
1636433160,+3.42,+16.848, +5.912,+0.967
1636433220,+3.43,+16.865, +6.010,+0.968
1636433280,+3.43,+16.865, +6.049,+0.967
1636433340,+3.43,+16.882, +6.046,+0.968
1636433400,+3.43,+16.891, +6.033,+0.967
1636433460,+3.43,+16.882, +6.044,+0.967
1636433520,+3.43,+16.891, +6.048,+0.967
1636433580,+3.43,+16.891, +6.048,+0.967
1636433640,+3.43,+16.916, +6.067,+0.967
1636433700,+3.43,+16.908, +6.072,+0.967
1636433760,+3.43,+16.908, +6.080,+0.968
1636433820,+3.43,+16.899, +6.045,+0.967
1636433880,+3.43,+16.899, +6.025,+0.967
1636433940,+3.43,+16.908, +6.047,+0.967
1636434000,+3.43,+16.908, +6.058,+0.967
1636434060,+3.43,+16.899, +6.048,+0.967
1636434120,+3.43,+16.916, +6.073,+0.967
1636434180,+3.43,+16.925, +6.091,+0.968
1636434240,+3.43,+16.942, +6.092,+0.967
1636434300,+3.43,+16.959, +6.095,+0.967
1636434360,+3.43,+16.933, +6.110,+0.968
1636434420,+3.43,+16.933, +6.094,+0.967
1636434480,+3.43,+16.925, +6.122,+0.968
1636434540,+3.43,+16.916, +6.119,+0.968
1636434600,+3.43,+16.899, +6.100,+0.968
1636434660,+3.43,+16.916, +6.052,+0.967
1636434720,+3.43,+16.916, +6.065,+0.967
1636434780,+3.43,+16.916, +6.062,+0.967
1636434840,+3.43,+16.916, +6.057,+0.967
1636434900,+3.43,+16.882, +5.978,+0.967
1636434960,+3.43,+16.874, +5.898,+0.966
1636435020,+3.43,+16.857, +5.875,+0.966
1636435080,+3.43,+16.891, +5.905,+0.967
1636435140,+3.42,+16.840, +5.652,+0.965
1636435200,+3.42,+16.789, +5.613,+0.965
1636435260,+3.42,+16.789, +5.585,+0.965
1636435320,+3.42,+16.815, +5.657,+0.965
1636435380,+3.42,+16.823, +5.762,+0.966
1636435440,+3.43,+16.857, +5.839,+0.967
1636435500,+3.43,+16.882, +5.858,+0.967
1636435560,+3.43,+16.891, +5.865,+0.967
1636435620,+3.43,+16.891, +5.871,+0.967
1636435680,+3.43,+16.882, +5.885,+0.967
1636435740,+3.43,+16.908, +5.923,+0.967
1636435800,+3.43,+16.916, +5.942,+0.967
1636435860,+3.43,+16.908, +5.985,+0.968
1636435920,+3.43,+16.899, +5.997,+0.967
1636435980,+3.43,+16.916, +5.977,+0.968
1636436040,+3.43,+16.908, +5.943,+0.967
1636436100,+3.43,+16.899, +5.937,+0.967
1636436160,+3.43,+16.891, +5.954,+0.967
1636436220,+3.43,+16.891, +5.958,+0.968
1636436280,+3.43,+16.925, +6.018,+0.967
1636436340,+3.43,+16.933, +6.068,+0.968
1636436400,+3.43,+16.925, +6.085,+0.968
1636436460,+3.43,+16.942, +6.082,+0.967
1636436520,+3.43,+16.891, +5.895,+0.967
1636436580,+3.43,+16.882, +5.868,+0.967
1636436640,+3.43,+16.882, +5.914,+0.967
1636436700,+3.43,+16.874, +5.945,+0.967
1636436760,+3.43,+16.874, +5.927,+0.967
1636436820,+3.43,+16.865, +5.948,+0.967
1636436880,+3.43,+16.899, +6.043,+0.968
1636436940,+3.43,+16.908, +6.092,+0.968
1636437000,+3.43,+16.899, +6.071,+0.967
1636437060,+3.43,+16.899, +6.032,+0.968
1636437120,+3.43,+16.899, +6.019,+0.967
1636437180,+3.43,+16.916, +6.040,+0.968
1636437240,+3.43,+16.891, +6.048,+0.968
1636437300,+3.43,+16.908, +6.030,+0.968
1636437360,+3.43,+16.899, +6.032,+0.967
1636437420,+3.43,+16.891, +6.034,+0.967
1636437480,+3.43,+16.882, +6.007,+0.967
1636437540,+3.43,+16.891, +6.028,+0.967
1636437600,+3.43,+16.891, +6.069,+0.968
1636437660,+3.43,+16.882, +6.037,+0.968
1636437720,+3.43,+16.908, +6.074,+0.967
1636437780,+3.43,+16.908, +6.109,+0.967
1636437840,+3.43,+16.908, +6.135,+0.968
1636437900,+3.43,+16.916, +6.139,+0.967
1636437960,+3.43,+16.908, +6.125,+0.967
1636438020,+3.43,+16.899, +6.078,+0.967
1636438080,+3.43,+16.899, +6.054,+0.967
1636438140,+3.43,+16.891, +6.048,+0.968
1636438200,+3.43,+16.891, +6.070,+0.967
1636438260,+3.43,+16.908, +6.080,+0.968
1636438320,+3.43,+16.891, +6.103,+0.967
1636438380,+3.43,+16.891, +6.089,+0.967
1636438440,+3.43,+16.899, +6.076,+0.968
1636438500,+3.43,+16.908, +6.083,+0.968
1636438560,+3.43,+16.899, +6.083,+0.967
1636438620,+3.42,+16.891, +6.096,+0.968
1636438680,+3.43,+16.908, +6.096,+0.967
1636438740,+3.43,+16.899, +6.102,+0.967
1636438800,+3.43,+16.916, +6.122,+0.968
1636438860,+3.43,+16.899, +6.175,+0.968
1636438920,+3.43,+16.908, +6.197,+0.968
1636438980,+3.43,+16.916, +6.203,+0.968
1636439040,+3.43,+16.899, +6.214,+0.968
1636439100,+3.43,+16.925, +6.202,+0.968
1636439160,+3.43,+16.908, +6.190,+0.968
1636439220,+3.43,+16.908, +6.188,+0.968
1636439280,+3.43,+16.916, +6.182,+0.968
1636439340,+3.43,+16.908, +6.177,+0.968
1636439400,+3.43,+16.899, +6.150,+0.968
1636439460,+3.43,+16.899, +6.136,+0.967
1636439520,+3.43,+16.891, +6.128,+0.967
1636439580,+3.43,+16.916, +6.129,+0.967
1636439640,+3.43,+16.899, +6.144,+0.967
1636439700,+3.43,+16.908, +6.144,+0.968
1636439760,+3.43,+16.908, +6.108,+0.966
1636439820,+3.43,+16.908, +6.098,+0.967
1636439880,+3.43,+16.891, +6.119,+0.967
1636439940,+3.43,+16.899, +6.137,+0.967
1636440000,+3.43,+16.891, +6.158,+0.968
1636440060,+3.43,+16.908, +6.149,+0.968
1636440120,+3.43,+16.908, +6.149,+0.968
1636440180,+3.43,+16.891, +6.153,+0.967
1636440240,+3.43,+16.882, +6.150,+0.967
1636440300,+3.43,+16.882, +6.149,+0.967
1636440360,+3.43,+16.891, +6.143,+0.967
1636440420,+3.43,+16.882, +6.138,+0.968
1636440480,+3.43,+16.891, +6.147,+0.968
1636440540,+3.43,+16.899, +6.159,+0.968
1636440600,+3.43,+16.882, +6.202,+0.968
1636440660,+3.43,+16.891, +6.220,+0.967
1636440720,+3.43,+16.916, +6.238,+0.967
1636440780,+3.43,+16.899, +6.253,+0.968
1636440840,+3.43,+16.899, +6.241,+0.968
1636440900,+3.43,+16.882, +6.227,+0.968
1636440960,+3.43,+16.899, +6.207,+0.968
1636441020,+3.43,+16.891, +6.221,+0.967
1636441080,+3.43,+16.891, +6.228,+0.967
1636441140,+3.43,+16.882, +6.060,+0.967
1636441200,+3.42,+16.865, +5.926,+0.966
1636441260,+3.43,+16.865, +6.045,+0.967
1636441320,+3.43,+16.865, +6.114,+0.967
1636441380,+3.43,+16.874, +6.175,+0.967
1636441440,+3.43,+16.882, +6.189,+0.967
1636441500,+3.42,+16.865, +6.203,+0.967
1636441560,+3.43,+16.865, +6.196,+0.967
1636441620,+3.43,+16.891, +6.201,+0.968
1636441680,+3.43,+16.874, +6.186,+0.967
1636441740,+3.43,+16.874, +6.199,+0.967
1636441800,+3.43,+16.882, +6.214,+0.968
1636441860,+3.43,+16.882, +6.201,+0.967
1636441920,+3.43,+16.882, +6.150,+0.967
1636441980,+3.43,+16.865, +6.196,+0.967
1636442040,+3.43,+16.874, +6.218,+0.967
1636442100,+3.43,+16.874, +6.238,+0.968
1636442160,+3.43,+16.874, +6.224,+0.967
1636442220,+3.43,+16.874, +6.232,+0.968
1636442280,+3.43,+16.882, +6.227,+0.968
1636442340,+3.43,+16.865, +6.216,+0.967
1636442400,+3.43,+16.865, +6.202,+0.968
1636442460,+3.43,+16.865, +6.199,+0.967
1636442520,+3.43,+16.865, +6.232,+0.967
1636442580,+3.43,+16.874, +6.186,+0.967
1636442640,+3.43,+16.865, +6.203,+0.967
1636442700,+3.43,+16.882, +6.237,+0.967
1636442760,+3.43,+16.874, +6.209,+0.967
1636442820,+3.43,+16.882, +6.212,+0.967
1636442880,+3.43,+16.874, +6.239,+0.968
1636442940,+3.43,+16.865, +6.239,+0.967
1636443000,+3.43,+16.882, +6.222,+0.968
1636443060,+3.42,+16.865, +6.211,+0.967
1636443120,+3.43,+16.874, +6.194,+0.967
1636443180,+3.43,+16.882, +6.188,+0.967
1636443240,+3.42,+16.874, +6.168,+0.967
1636443300,+3.43,+16.874, +6.174,+0.967
1636443360,+3.42,+16.874, +6.159,+0.967
1636443420,+3.43,+16.865, +6.203,+0.967
1636443480,+3.43,+16.874, +6.213,+0.967
1636443540,+3.43,+16.865, +6.180,+0.967
1636443600,+3.43,+16.857, +6.166,+0.967
1636443660,+3.43,+16.874, +6.165,+0.967
1636443720,+3.43,+16.865, +6.152,+0.967
1636443780,+3.43,+16.882, +6.138,+0.967
1636443840,+3.43,+16.857, +6.131,+0.967
1636443900,+3.42,+16.882, +6.141,+0.968
1636443960,+3.43,+16.865, +6.145,+0.967
1636444020,+3.42,+16.848, +6.122,+0.967
1636444080,+3.43,+16.857, +6.121,+0.966
1636444140,+3.43,+16.848, +6.125,+0.967
1636444200,+3.42,+16.857, +6.119,+0.967
1636444260,+3.42,+16.857, +6.113,+0.967
1636444320,+3.42,+16.848, +6.105,+0.967
1636444380,+3.42,+16.857, +6.088,+0.966
1636444440,+3.42,+16.874, +6.101,+0.967
1636444500,+3.42,+16.857, +6.085,+0.967
1636444560,+3.42,+16.857, +6.079,+0.967
1636444620,+3.42,+16.874, +6.090,+0.967
1636444680,+3.43,+16.865, +6.084,+0.966
1636444740,+3.42,+16.857, +6.058,+0.966
1636444800,+3.42,+16.865, +6.053,+0.967
1636444860,+3.43,+16.857, +6.067,+0.967
1636444920,+3.42,+16.857, +6.081,+0.967
1636444980,+3.42,+16.857, +6.089,+0.966
1636445040,+3.42,+16.848, +6.098,+0.967
1636445100,+3.42,+16.848, +6.094,+0.967
1636445160,+3.43,+16.857, +6.082,+0.967
1636445220,+3.42,+16.848, +6.078,+0.967
1636445280,+3.42,+16.857, +6.069,+0.967
1636445340,+3.42,+16.857, +6.051,+0.967
1636445400,+3.42,+16.857, +6.069,+0.967
1636445460,+3.43,+16.865, +6.069,+0.967
1636445520,+3.43,+16.857, +6.075,+0.967
1636445580,+3.42,+16.865, +6.083,+0.967
1636445640,+3.43,+16.865, +6.084,+0.967
1636445700,+3.43,+16.865, +6.091,+0.967
1636445760,+3.42,+16.857, +6.118,+0.967
1636445820,+3.42,+16.848, +6.116,+0.967
1636445880,+3.42,+16.865, +6.115,+0.967
1636445940,+3.43,+16.865, +6.098,+0.967
1636446000,+3.42,+16.882, +6.084,+0.967
1636446060,+3.43,+16.874, +6.078,+0.967
1636446120,+3.42,+16.874, +6.070,+0.967
1636446180,+3.43,+16.865, +6.089,+0.967
1636446240,+3.42,+16.865, +6.104,+0.967
1636446300,+3.42,+16.874, +6.079,+0.967
1636446360,+3.43,+16.865, +6.072,+0.967
1636446420,+3.42,+16.865, +6.068,+0.967
1636446480,+3.42,+16.848, +6.074,+0.967
1636446540,+3.42,+16.857, +6.073,+0.967
1636446600,+3.42,+16.840, +6.066,+0.966
1636446660,+3.42,+16.874, +6.059,+0.967
1636446720,+3.42,+16.857, +6.051,+0.967
1636446780,+3.42,+16.857, +6.050,+0.967
1636446840,+3.42,+16.848, +6.045,+0.967
1636446900,+3.42,+16.857, +6.042,+0.967
1636446960,+3.42,+16.857, +6.041,+0.967
1636447020,+3.42,+16.857, +6.035,+0.967
1636447080,+3.42,+16.848, +6.032,+0.967
1636447140,+3.42,+16.857, +6.027,+0.967
1636447200,+3.42,+16.857, +6.025,+0.967
1636447260,+3.42,+16.840, +6.037,+0.967
1636447320,+3.42,+16.848, +6.040,+0.967
1636447380,+3.42,+16.848, +6.026,+0.966
1636447440,+3.42,+16.848, +6.058,+0.967
1636447500,+3.42,+16.874, +6.055,+0.967
1636447560,+3.43,+16.865, +6.072,+0.967
1636447620,+3.42,+16.848, +6.088,+0.967
1636447680,+3.42,+16.865, +6.051,+0.967
1636447740,+3.42,+16.865, +6.017,+0.967
1636447800,+3.42,+16.848, +6.017,+0.967
1636447860,+3.42,+16.857, +6.011,+0.967
1636447920,+3.42,+16.857, +6.013,+0.967
1636447980,+3.42,+16.848, +6.026,+0.967
1636448040,+3.42,+16.857, +6.054,+0.967
1636448100,+3.42,+16.857, +6.051,+0.967
1636448160,+3.42,+16.848, +6.075,+0.967
1636448220,+3.43,+16.865, +6.097,+0.967
1636448280,+3.43,+16.865, +6.075,+0.967
1636448340,+3.42,+16.865, +6.068,+0.967
1636448400,+3.43,+16.865, +6.052,+0.967
1636448460,+3.43,+16.865, +6.023,+0.966
1636448520,+3.42,+16.848, +6.077,+0.967
1636448580,+3.42,+16.857, +6.080,+0.967
1636448640,+3.42,+16.848, +6.059,+0.967
1636448700,+3.42,+16.857, +6.043,+0.967
1636448760,+3.42,+16.848, +6.055,+0.967
1636448820,+3.42,+16.857, +6.053,+0.967
1636448880,+3.42,+16.874, +6.060,+0.967
1636448940,+3.42,+16.848, +6.054,+0.967
1636449000,+3.42,+16.865, +6.032,+0.967
1636449060,+3.42,+16.857, +6.038,+0.967
1636449120,+3.42,+16.857, +6.031,+0.967
1636449180,+3.42,+16.865, +6.023,+0.967
1636449240,+3.42,+16.848, +6.040,+0.967
1636449300,+3.42,+16.865, +6.029,+0.967
1636449360,+3.42,+16.848, +6.029,+0.967
1636449420,+3.42,+16.848, +6.017,+0.967
1636449480,+3.42,+16.857, +6.019,+0.967
1636449540,+3.42,+16.848, +6.029,+0.967
1636449600,+3.42,+16.848, +6.045,+0.967
1636449660,+3.42,+16.848, +6.053,+0.967
1636449720,+3.42,+16.840, +6.050,+0.967
1636449780,+3.42,+16.840, +6.029,+0.967
1636449840,+3.42,+16.848, +6.041,+0.967
1636449900,+3.42,+16.832, +6.051,+0.967
1636449960,+3.42,+16.840, +6.052,+0.967
1636450020,+3.42,+16.857, +6.032,+0.967
1636450080,+3.42,+16.857, +6.042,+0.967
1636450140,+3.42,+16.848, +6.075,+0.967
1636450200,+3.42,+16.840, +6.128,+0.967
1636450260,+3.42,+16.848, +6.132,+0.967
1636450320,+3.42,+16.832, +6.150,+0.967
1636450380,+3.42,+16.848, +6.125,+0.967
1636450440,+3.42,+16.857, +6.109,+0.967
1636450500,+3.42,+16.840, +6.140,+0.967
1636450560,+3.42,+16.832, +6.134,+0.967
1636450620,+3.42,+16.840, +6.136,+0.967
1636450680,+3.42,+16.848, +6.126,+0.967
1636450740,+3.42,+16.840, +6.114,+0.968
1636450800,+3.42,+16.832, +6.105,+0.967
1636450860,+3.42,+16.840, +6.130,+0.967
1636450920,+3.42,+16.840, +6.123,+0.967
1636450980,+3.42,+16.832, +6.119,+0.967
1636451040,+3.42,+16.823, +6.118,+0.968
1636451100,+3.42,+16.840, +6.097,+0.967
1636451160,+3.42,+16.823, +6.114,+0.967
1636451220,+3.42,+16.848, +6.121,+0.967
1636451280,+3.42,+16.848, +6.138,+0.968
1636451340,+3.42,+16.832, +6.116,+0.967
1636451400,+3.42,+16.848, +6.097,+0.967
1636451460,+3.42,+16.832, +6.095,+0.967
1636451520,+3.42,+16.840, +6.110,+0.968
1636451580,+3.42,+16.832, +6.111,+0.967
1636451640,+3.42,+16.832, +6.095,+0.967
1636451700,+3.42,+16.832, +6.099,+0.967
1636451760,+3.42,+16.832, +6.099,+0.967
1636451820,+3.42,+16.832, +6.070,+0.967
1636451880,+3.42,+16.823, +6.037,+0.967
1636451940,+3.42,+16.840, +6.028,+0.967
1636452000,+3.42,+16.823, +6.050,+0.967
1636452060,+3.42,+16.823, +6.026,+0.967
1636452120,+3.42,+16.840, +6.006,+0.967
1636452180,+3.42,+16.815, +6.026,+0.967
1636452240,+3.42,+16.815, +6.027,+0.967
1636452300,+3.42,+16.815, +6.013,+0.967
1636452360,+3.42,+16.823, +6.013,+0.967
1636452420,+3.42,+16.832, +6.017,+0.967
1636452480,+3.42,+16.823, +6.009,+0.967
1636452540,+3.42,+16.815, +5.997,+0.967
1636452600,+3.42,+16.823, +5.992,+0.967
1636452660,+3.42,+16.815, +5.991,+0.967
1636452720,+3.42,+16.823, +5.993,+0.967
1636452780,+3.42,+16.823, +6.025,+0.967
1636452840,+3.42,+16.815, +6.053,+0.967
1636452900,+3.42,+16.823, +6.050,+0.967
1636452960,+3.42,+16.823, +6.022,+0.967
1636453020,+3.42,+16.815, +5.983,+0.967
1636453080,+3.42,+16.815, +5.936,+0.967
1636453140,+3.42,+16.798, +5.956,+0.967
1636453200,+3.42,+16.815, +5.956,+0.967
1636453260,+3.42,+16.798, +5.953,+0.967
1636453320,+3.42,+16.806, +5.972,+0.967
1636453380,+3.42,+16.815, +5.986,+0.967
1636453440,+3.42,+16.806, +5.952,+0.967
1636453500,+3.42,+16.806, +5.945,+0.967
1636453560,+3.42,+16.815, +5.930,+0.967
1636453620,+3.42,+16.798, +5.933,+0.967
1636453680,+3.42,+16.823, +5.924,+0.967
1636453740,+3.42,+16.798, +5.958,+0.967
1636453800,+3.42,+16.806, +5.986,+0.967
1636453860,+3.42,+16.798, +5.990,+0.967
1636453920,+3.42,+16.798, +5.952,+0.967
1636453980,+3.42,+16.789, +5.954,+0.967
1636454040,+3.42,+16.789, +5.969,+0.967
1636454100,+3.42,+16.806, +5.953,+0.967
1636454160,+3.42,+16.806, +5.952,+0.967
1636454220,+3.42,+16.815, +5.943,+0.967
1636454280,+3.42,+16.789, +5.934,+0.967
1636454340,+3.42,+16.815, +5.925,+0.967
1636454400,+3.42,+16.798, +5.915,+0.967
1636454460,+3.42,+16.798, +5.922,+0.967
1636454520,+3.42,+16.806, +5.943,+0.967
1636454580,+3.42,+16.815, +5.966,+0.967
1636454640,+3.42,+16.798, +5.989,+0.967
1636454700,+3.42,+16.806, +6.029,+0.967
1636454760,+3.42,+16.815, +6.045,+0.967
1636454820,+3.42,+16.815, +6.047,+0.967
1636454880,+3.42,+16.823, +6.038,+0.967
1636454940,+3.42,+16.815, +6.047,+0.967
1636455000,+3.42,+16.815, +6.051,+0.967
1636455060,+3.42,+16.798, +6.031,+0.968
1636455120,+3.42,+16.798, +5.965,+0.967
1636455180,+3.42,+16.815, +5.995,+0.968
1636455240,+3.42,+16.798, +5.979,+0.967
1636455300,+3.42,+16.806, +6.015,+0.967
1636455360,+3.42,+16.798, +5.955,+0.967
1636455420,+3.42,+16.806, +5.839,+0.967
1636455480,+3.42,+16.815, +5.885,+0.967
1636455540,+3.42,+16.798, +5.933,+0.967
1636455600,+3.42,+16.815, +5.991,+0.967
1636455660,+3.42,+16.815, +5.994,+0.967
1636455720,+3.42,+16.806, +5.983,+0.967
1636455780,+3.42,+16.806, +5.980,+0.967
1636455840,+3.42,+16.823, +5.992,+0.967
1636455900,+3.42,+16.815, +5.980,+0.967
1636455960,+3.42,+16.815, +5.965,+0.967
1636456020,+3.42,+16.832, +5.964,+0.967
1636456080,+3.42,+16.815, +5.961,+0.967
1636456140,+3.42,+16.789, +5.941,+0.967
1636456200,+3.42,+16.798, +5.961,+0.967
1636456260,+3.42,+16.798, +5.947,+0.966
1636456320,+3.42,+16.798, +5.986,+0.967
1636456380,+3.42,+16.806, +5.960,+0.967
1636456440,+3.42,+16.798, +5.933,+0.967
1636456500,+3.42,+16.798, +5.955,+0.967
1636456560,+3.42,+16.806, +5.963,+0.967
1636456620,+3.42,+16.798, +5.946,+0.967
1636456680,+3.42,+16.789, +5.946,+0.967
1636456740,+3.42,+16.806, +5.935,+0.967
1636456800,+3.42,+16.806, +5.963,+0.967
1636456860,+3.42,+16.789, +5.965,+0.967
1636456920,+3.42,+16.789, +5.977,+0.967
1636456980,+3.42,+16.789, +5.954,+0.967
1636457040,+3.42,+16.789, +5.952,+0.967
1636457100,+3.42,+16.806, +5.910,+0.967
1636457160,+3.42,+16.789, +5.875,+0.967
1636457220,+3.42,+16.806, +5.868,+0.967
1636457280,+3.42,+16.789, +5.921,+0.967
1636457340,+3.42,+16.798, +5.940,+0.967
1636457400,+3.42,+16.798, +5.973,+0.967
1636457460,+3.42,+16.798, +5.971,+0.967
1636457520,+3.42,+16.772, +5.955,+0.967
1636457580,+3.42,+16.789, +5.933,+0.967
1636457640,+3.42,+16.781, +5.951,+0.967
1636457700,+3.42,+16.764, +5.991,+0.967
1636457760,+3.42,+16.789, +5.979,+0.967
1636457820,+3.42,+16.764, +5.964,+0.967
1636457880,+3.42,+16.789, +5.980,+0.967
1636457940,+3.42,+16.789, +5.993,+0.967
1636458000,+3.42,+16.789, +5.974,+0.967
1636458060,+3.42,+16.789, +5.918,+0.967
1636458120,+3.42,+16.789, +5.878,+0.967
1636458180,+3.42,+16.772, +5.866,+0.967
1636458240,+3.42,+16.772, +5.839,+0.968
1636458300,+3.42,+16.781, +5.824,+0.967
1636458360,+3.42,+16.789, +5.820,+0.967
1636458420,+3.42,+16.789, +5.864,+0.967
1636458480,+3.42,+16.789, +5.879,+0.967
1636458540,+3.42,+16.789, +5.916,+0.967
1636458600,+3.42,+16.789, +5.904,+0.967
1636458660,+3.42,+16.781, +5.872,+0.967
1636458720,+3.42,+16.798, +5.835,+0.967
1636458780,+3.42,+16.798, +5.819,+0.967
1636458840,+3.42,+16.789, +5.808,+0.967
1636458900,+3.42,+16.798, +5.798,+0.967
1636458960,+3.42,+16.789, +5.805,+0.967
1636459020,+3.42,+16.789, +5.793,+0.967
1636459080,+3.42,+16.789, +5.768,+0.967
1636459140,+3.42,+16.772, +5.757,+0.967
1636459200,+3.42,+16.772, +5.740,+0.967
1636459260,+3.42,+16.798, +5.720,+0.967
1636459320,+3.42,+16.789, +5.711,+0.966
1636459380,+3.42,+16.781, +5.724,+0.967
1636459440,+3.42,+16.789, +5.764,+0.967
1636459500,+3.42,+16.772, +5.782,+0.967
1636459560,+3.42,+16.806, +5.753,+0.967
1636459620,+3.42,+16.772, +5.749,+0.967
1636459680,+3.42,+16.781, +5.720,+0.966
1636459740,+3.42,+16.781, +5.720,+0.967
1636459800,+3.42,+16.772, +5.734,+0.967
1636459860,+3.42,+16.781, +5.763,+0.967
1636459920,+3.42,+16.772, +5.774,+0.967
1636459980,+3.42,+16.789, +5.807,+0.967
1636460040,+3.42,+16.772, +5.801,+0.968
1636460100,+3.42,+16.772, +5.790,+0.968
1636460160,+3.42,+16.772, +5.789,+0.968
1636460220,+3.42,+16.764, +5.743,+0.967
1636460280,+3.42,+16.772, +5.769,+0.967
1636460340,+3.42,+16.772, +5.787,+0.967
1636460400,+3.42,+16.764, +5.799,+0.967
1636460460,+3.42,+16.781, +5.786,+0.968
1636460520,+3.42,+16.764, +5.789,+0.967
1636460580,+3.42,+16.747, +5.827,+0.968
1636460640,+3.42,+16.764, +5.799,+0.967
1636460700,+3.42,+16.772, +5.794,+0.967
1636460760,+3.42,+16.755, +5.793,+0.968
1636460820,+3.42,+16.789, +5.767,+0.967
1636460880,+3.42,+16.772, +5.717,+0.967
1636460940,+3.42,+16.764, +5.708,+0.967
1636461000,+3.42,+16.781, +5.772,+0.967
1636461060,+3.42,+16.764, +5.825,+0.968
1636461120,+3.42,+16.747, +5.836,+0.967
1636461180,+3.42,+16.755, +5.845,+0.967
1636461240,+3.42,+16.764, +5.846,+0.967
1636461300,+3.42,+16.755, +5.795,+0.968
1636461360,+3.42,+16.755, +5.746,+0.968
1636461420,+3.42,+16.764, +5.696,+0.967
1636461480,+3.42,+16.755, +5.672,+0.967
1636461540,+3.42,+16.764, +5.652,+0.967
1636461600,+3.42,+16.755, +5.636,+0.967
1636461660,+3.42,+16.764, +5.673,+0.967
1636461720,+3.42,+16.764, +5.669,+0.968
1636461780,+3.42,+16.755, +5.638,+0.967
1636461840,+3.42,+16.772, +5.638,+0.967
1636461900,+3.42,+16.738, +5.668,+0.968
1636461960,+3.42,+16.755, +5.566,+0.967
1636462020,+3.42,+16.772, +5.538,+0.967
1636462080,+3.42,+16.747, +5.581,+0.967
1636462140,+3.42,+16.747, +5.600,+0.967
1636462200,+3.42,+16.738, +5.602,+0.967
1636462260,+3.42,+16.738, +5.616,+0.967
1636462320,+3.42,+16.755, +5.663,+0.967
1636462380,+3.42,+16.755, +5.656,+0.967
1636462440,+3.42,+16.764, +5.637,+0.967
1636462500,+3.42,+16.738, +5.633,+0.967
1636462560,+3.42,+16.747, +5.626,+0.967
1636462620,+3.42,+16.772, +5.605,+0.968
1636462680,+3.42,+16.764, +5.584,+0.967
1636462740,+3.42,+16.755, +5.581,+0.967
1636462800,+3.42,+16.747, +5.593,+0.968
1636462860,+3.42,+16.738, +5.623,+0.967
1636462920,+3.42,+16.755, +5.645,+0.967
1636462980,+3.42,+16.738, +5.647,+0.967
1636463040,+3.42,+16.755, +5.651,+0.968
1636463100,+3.42,+16.747, +5.687,+0.967
1636463160,+3.42,+16.747, +5.671,+0.967
1636463220,+3.42,+16.747, +5.653,+0.968
1636463280,+3.42,+16.747, +5.668,+0.967
1636463340,+3.42,+16.764, +5.702,+0.968
1636463400,+3.42,+16.747, +5.702,+0.968
1636463460,+3.42,+16.738, +5.674,+0.968
1636463520,+3.42,+16.738, +5.671,+0.968
1636463580,+3.42,+16.738, +5.710,+0.967
1636463640,+3.42,+16.730, +5.732,+0.968
1636463700,+3.42,+16.738, +5.719,+0.968
1636463760,+3.42,+16.747, +5.729,+0.967
1636463820,+3.42,+16.738, +5.672,+0.968
1636463880,+3.42,+16.747, +5.644,+0.968
1636463940,+3.42,+16.747, +5.625,+0.967
1636464000,+3.42,+16.721, +5.598,+0.968
1636464060,+3.42,+16.755, +5.567,+0.967
1636464120,+3.42,+16.747, +5.566,+0.967
1636464180,+3.42,+16.738, +5.562,+0.967
1636464240,+3.42,+16.738, +5.564,+0.967
1636464300,+3.42,+16.730, +5.568,+0.968
1636464360,+3.42,+16.747, +5.555,+0.967
1636464420,+3.42,+16.738, +5.555,+0.968
1636464480,+3.42,+16.755, +5.622,+0.967
1636464540,+3.42,+16.738, +5.694,+0.968
1636464600,+3.42,+16.747, +5.673,+0.968
1636464660,+3.42,+16.738, +5.692,+0.967
1636464720,+3.42,+16.755, +5.654,+0.968
1636464780,+3.42,+16.747, +5.632,+0.967
1636464840,+3.42,+16.747, +5.611,+0.968
1636464900,+3.42,+16.738, +5.600,+0.968
1636464960,+3.42,+16.747, +5.575,+0.967
1636465020,+3.42,+16.747, +5.554,+0.967
1636465080,+3.42,+16.738, +5.551,+0.967
1636465140,+3.42,+16.721, +5.578,+0.968
1636465200,+3.42,+16.721, +5.571,+0.967
1636465260,+3.42,+16.747, +5.564,+0.968
1636465320,+3.42,+16.747, +5.580,+0.968
1636465380,+3.42,+16.738, +5.599,+0.968
1636465440,+3.42,+16.738, +5.588,+0.967
1636465500,+3.42,+16.747, +5.601,+0.968
1636465560,+3.42,+16.738, +5.659,+0.968
1636465620,+3.42,+16.738, +5.660,+0.967
1636465680,+3.42,+16.755, +5.629,+0.968
1636465740,+3.42,+16.747, +5.579,+0.967
1636465800,+3.42,+16.738, +5.602,+0.967
1636465860,+3.42,+16.747, +5.608,+0.967
1636465920,+3.42,+16.738, +5.582,+0.968
1636465980,+3.42,+16.747, +5.578,+0.968
1636466040,+3.42,+16.755, +5.536,+0.967
1636466100,+3.42,+16.755, +5.556,+0.967
1636466160,+3.42,+16.730, +5.530,+0.967
1636466220,+3.42,+16.764, +5.512,+0.968
1636466280,+3.42,+16.764, +5.490,+0.967
1636466340,+3.42,+16.755, +5.533,+0.968
1636466400,+3.42,+16.747, +5.505,+0.967
1636466460,+3.42,+16.747, +5.506,+0.968
1636466520,+3.42,+16.755, +5.496,+0.967
1636466580,+3.42,+16.755, +5.495,+0.967
1636466640,+3.42,+16.747, +5.519,+0.967
1636466700,+3.42,+16.738, +5.548,+0.967
1636466760,+3.42,+16.730, +5.534,+0.967
1636466820,+3.42,+16.747, +5.550,+0.967
1636466880,+3.42,+16.764, +5.579,+0.968
1636466940,+3.42,+16.738, +5.569,+0.967
1636467000,+3.42,+16.738, +5.560,+0.967
1636467060,+3.42,+16.764, +5.546,+0.968
1636467120,+3.42,+16.738, +5.528,+0.968
1636467180,+3.42,+16.755, +5.517,+0.968
1636467240,+3.42,+16.755, +5.506,+0.967
1636467300,+3.42,+16.738, +5.503,+0.968
1636467360,+3.42,+16.747, +5.493,+0.967
1636467420,+3.42,+16.747, +5.494,+0.967
1636467480,+3.42,+16.747, +5.496,+0.967
1636467540,+3.42,+16.747, +5.515,+0.967
1636467600,+3.42,+16.764, +5.507,+0.967
1636467660,+3.42,+16.755, +5.492,+0.967
1636467720,+3.42,+16.747, +5.504,+0.967
1636467780,+3.42,+16.755, +5.525,+0.968
1636467840,+3.42,+16.764, +5.519,+0.967
1636467900,+3.42,+16.747, +5.545,+0.967
1636467960,+3.42,+16.755, +5.512,+0.967
1636468020,+3.42,+16.747, +5.500,+0.968
1636468080,+3.42,+16.764, +5.487,+0.967
1636468140,+3.42,+16.755, +5.480,+0.968
1636468200,+3.42,+16.755, +5.501,+0.967
1636468260,+3.42,+16.772, +5.506,+0.967
1636468320,+3.42,+16.747, +5.505,+0.967
1636468380,+3.42,+16.764, +5.474,+0.967
1636468440,+3.42,+16.755, +5.469,+0.968
1636468500,+3.42,+16.747, +5.469,+0.967
1636468560,+3.42,+16.738, +5.467,+0.968
1636468620,+3.42,+16.755, +5.470,+0.967
1636468680,+3.42,+16.755, +5.463,+0.967
1636468740,+3.42,+16.764, +5.450,+0.967
1636468800,+3.42,+16.764, +5.454,+0.968
1636468860,+3.42,+16.747, +5.469,+0.968
1636468920,+3.42,+16.755, +5.349,+0.967
1636468980,+3.42,+16.755, +5.227,+0.967
1636469040,+3.42,+16.747, +5.248,+0.968
1636469100,+3.42,+16.730, +5.305,+0.968
1636469160,+3.42,+16.764, +5.355,+0.968
1636469220,+3.42,+16.747, +5.359,+0.968
1636469280,+3.42,+16.764, +5.360,+0.968
1636469340,+3.42,+16.747, +5.378,+0.968
1636469400,+3.42,+16.747, +5.398,+0.968
1636469460,+3.42,+16.772, +5.402,+0.968
1636469520,+3.42,+16.738, +5.416,+0.968
1636469580,+3.42,+16.738, +5.421,+0.968
1636469640,+3.42,+16.764, +5.409,+0.968
1636469700,+3.42,+16.738, +5.432,+0.968
1636469760,+3.42,+16.755, +5.450,+0.968
1636469820,+3.42,+16.755, +5.456,+0.968
1636469880,+3.42,+16.755, +5.451,+0.968
1636469940,+3.42,+16.738, +5.452,+0.968
1636470000,+3.42,+16.764, +5.455,+0.968
1636470060,+3.42,+16.764, +5.458,+0.968
1636470120,+3.42,+16.764, +5.459,+0.968
1636470180,+3.42,+16.738, +5.474,+0.968
1636470240,+3.42,+16.755, +5.474,+0.968
1636470300,+3.42,+16.764, +5.489,+0.968
1636470360,+3.42,+16.755, +5.482,+0.968
1636470420,+3.42,+16.764, +5.485,+0.968
1636470480,+3.42,+16.764, +5.481,+0.968
1636470540,+3.42,+16.764, +5.491,+0.968
1636470600,+3.42,+16.755, +5.495,+0.968
1636470660,+3.42,+16.755, +5.489,+0.968
1636470720,+3.42,+16.764, +5.498,+0.968
1636470780,+3.42,+16.772, +5.488,+0.968
1636470840,+3.42,+16.755, +5.497,+0.968
1636470900,+3.42,+16.747, +5.491,+0.968
1636470960,+3.42,+16.764, +5.486,+0.968
1636471020,+3.42,+16.764, +5.496,+0.968
1636471080,+3.42,+16.764, +5.499,+0.967
1636471140,+3.42,+16.772, +5.503,+0.968
1636471200,+3.42,+16.772, +5.507,+0.968
1636471260,+3.42,+16.772, +5.518,+0.968
1636471320,+3.42,+16.772, +5.510,+0.967
1636471380,+3.42,+16.772, +5.525,+0.968
1636471440,+3.42,+16.772, +5.529,+0.968
1636471500,+3.42,+16.789, +5.532,+0.968
1636471560,+3.42,+16.789, +5.529,+0.968
1636471620,+3.42,+16.781, +5.515,+0.968
1636471680,+3.42,+16.781, +5.515,+0.968
1636471740,+3.42,+16.798, +5.510,+0.968
1636471800,+3.42,+16.772, +5.519,+0.968
1636471860,+3.42,+16.781, +5.513,+0.968
1636471920,+3.42,+16.781, +4.941,+0.965
1636471980,+3.42,+16.781, +4.455,+0.954
1636472040,+3.42,+16.781, +4.426,+0.955
1636472100,+3.42,+16.772, +4.046,+0.954
1636472160,+3.42,+16.781, +3.972,+0.956
1636472220,+3.42,+16.772, +3.994,+0.957
1636472280,+3.42,+16.789, +4.053,+0.956
1636472340,+3.42,+16.789, +4.120,+0.957
1636472400,+3.42,+16.789, +4.132,+0.957
1636472460,+3.42,+16.789, +4.132,+0.958
1636472520,+3.42,+16.772, +4.158,+0.959
1636472580,+3.42,+16.772, +4.159,+0.959
1636472640,+3.42,+16.789, +4.282,+0.959
1636472700,+3.42,+16.789, +4.351,+0.959
1636472760,+3.42,+16.798, +4.387,+0.960
1636472820,+3.42,+16.789, +4.438,+0.961
1636472880,+3.42,+16.789, +4.446,+0.961
1636472940,+3.42,+16.789, +4.505,+0.962
1636473000,+3.42,+16.798, +4.576,+0.962
1636473060,+3.42,+16.789, +4.603,+0.962
1636473120,+3.42,+16.798, +4.597,+0.962
1636473180,+3.42,+16.806, +4.634,+0.963
1636473240,+3.42,+16.806, +4.609,+0.964
1636473300,+3.42,+16.806, +4.665,+0.964
1636473360,+3.42,+16.815, +4.708,+0.964
1636473420,+3.42,+16.806, +4.765,+0.964
1636473480,+3.42,+16.815, +4.828,+0.964
1636473540,+3.42,+16.823, +4.914,+0.964
1636473600,+3.42,+16.840, +4.941,+0.964
1636473660,+3.42,+16.823, +4.991,+0.965
1636473720,+3.42,+16.848, +5.035,+0.965
1636473780,+3.42,+16.823, +5.000,+0.966
1636473840,+3.42,+16.815, +4.974,+0.966
1636473900,+3.42,+16.832, +4.989,+0.966
1636473960,+3.42,+16.840, +5.064,+0.966
1636474020,+3.42,+16.840, +5.099,+0.966
1636474080,+3.42,+16.832, +5.095,+0.967
1636474140,+3.42,+16.848, +5.159,+0.967
1636474200,+3.42,+16.857, +5.204,+0.967
1636474260,+3.42,+16.832, +5.213,+0.967
1636474320,+3.42,+16.840, +5.241,+0.967
1636474380,+3.42,+16.840, +5.275,+0.968
1636474440,+3.42,+16.840, +5.311,+0.967
1636474500,+3.42,+16.848, +5.341,+0.968
1636474560,+3.42,+16.840, +5.376,+0.967
1636474620,+3.42,+16.848, +5.396,+0.968
1636474680,+3.42,+16.874, +5.404,+0.968
1636474740,+3.42,+16.857, +5.461,+0.968
1636474800,+3.42,+16.840, +5.463,+0.968
1636474860,+3.42,+16.848, +5.433,+0.968
1636474920,+3.42,+16.848, +5.432,+0.968
1636474980,+3.42,+16.840, +5.437,+0.968
1636475040,+3.42,+16.848, +5.435,+0.968
1636475100,+3.42,+16.857, +5.473,+0.969
1636475160,+3.42,+16.857, +5.509,+0.968
1636475220,+3.42,+16.857, +5.545,+0.968
1636475280,+3.43,+16.874, +5.570,+0.968
1636475340,+3.42,+16.865, +5.584,+0.968
1636475400,+3.42,+16.848, +5.624,+0.968
1636475460,+3.42,+16.865, +5.652,+0.968
1636475520,+3.42,+16.857, +5.670,+0.968
1636475580,+3.42,+16.882, +5.687,+0.968
1636475640,+3.42,+16.874, +5.709,+0.968
1636475700,+3.42,+16.874, +5.713,+0.968
1636475760,+3.42,+16.865, +3.753,+0.955
1636475820,+3.43,+16.882, +3.635,+0.958
1636475880,+3.43,+16.882, +3.652,+0.958
1636475940,+3.42,+16.882, +3.667,+0.960
1636476000,+3.43,+16.874, +3.712,+0.960
1636476060,+3.43,+16.891, +3.719,+0.960
1636476120,+3.42,+16.899, +3.750,+0.961
1636476180,+3.43,+16.891, +3.799,+0.961
1636476240,+3.42,+16.891, +3.816,+0.961
1636476300,+3.42,+16.899, +3.844,+0.962
1636476360,+3.42,+16.899, +3.858,+0.962
1636476420,+3.42,+16.916, +3.887,+0.962
1636476480,+3.43,+16.891, +3.918,+0.963
