7450-675903
OS REV: 1.05 Sensor Cal: 1615486687
Time (sec),  BV (Volts),  T (deg C),  DO (mg/l),  Q ()
1636303740,+3.42,+16.747, +4.650,+0.967
1636303800,+3.42,+16.747, +4.677,+0.967
1636303860,+3.42,+16.764, +4.675,+0.967
1636303920,+3.42,+16.781, +4.735,+0.967
1636303980,+3.42,+16.764, +4.761,+0.967
1636304040,+3.42,+16.772, +4.699,+0.967
1636304100,+3.42,+16.764, +4.700,+0.967
1636304160,+3.42,+16.772, +4.786,+0.967
1636304220,+3.42,+16.781, +4.800,+0.967
1636304280,+3.42,+16.781, +4.839,+0.967
1636304340,+3.42,+16.806, +4.830,+0.967
1636304400,+3.42,+16.798, +4.883,+0.967
1636304460,+3.42,+16.806, +4.879,+0.967
1636304520,+3.42,+16.798, +4.820,+0.967
1636304580,+3.42,+16.806, +4.768,+0.967
1636304640,+3.42,+16.798, +4.705,+0.967
1636304700,+3.42,+16.772, +4.680,+0.967
1636304760,+3.42,+16.781, +4.716,+0.967
1636304820,+3.42,+16.789, +4.788,+0.967
1636304880,+3.42,+16.832, +4.877,+0.967
1636304940,+3.42,+16.815, +4.929,+0.967
1636305000,+3.42,+16.832, +4.897,+0.967
1636305060,+3.42,+16.806, +4.763,+0.967
1636305120,+3.42,+16.815, +4.718,+0.967
1636305180,+3.42,+16.823, +4.718,+0.967
1636305240,+3.42,+16.789, +4.725,+0.967
1636305300,+3.42,+16.815, +4.677,+0.967
1636305360,+3.42,+16.806, +4.732,+0.967
1636305420,+3.42,+16.823, +4.660,+0.967
1636305480,+3.42,+16.815, +4.707,+0.967
1636305540,+3.42,+16.806, +4.707,+0.967
1636305600,+3.42,+16.806, +4.762,+0.967
1636305660,+3.42,+16.823, +4.748,+0.967
1636305720,+3.42,+16.832, +4.914,+0.967
1636305780,+3.42,+16.840, +5.013,+0.967
1636305840,+3.42,+16.840, +4.998,+0.967
1636305900,+3.42,+16.865, +4.968,+0.967
1636305960,+3.42,+16.848, +4.994,+0.967
1636306020,+3.42,+16.832, +4.963,+0.967
1636306080,+3.42,+16.840, +5.000,+0.967
1636306140,+3.42,+16.848, +5.057,+0.967
1636306200,+3.42,+16.840, +5.010,+0.967
1636306260,+3.43,+16.865, +4.997,+0.967
1636306320,+3.42,+16.840, +4.906,+0.967
1636306380,+3.42,+16.857, +4.852,+0.967
1636306440,+3.42,+16.840, +4.843,+0.967
1636306500,+3.42,+16.840, +4.849,+0.967
1636306560,+3.43,+16.857, +4.848,+0.967
1636306620,+3.42,+16.832, +4.952,+0.967
1636306680,+3.42,+16.848, +4.962,+0.967
1636306740,+3.43,+16.865, +5.170,+0.967
1636306800,+3.43,+16.891, +5.402,+0.967
1636306860,+3.43,+16.908, +5.349,+0.967
1636306920,+3.43,+16.874, +5.004,+0.967
1636306980,+3.42,+16.857, +4.817,+0.967
1636307040,+3.42,+16.848, +4.743,+0.967
1636307100,+3.42,+16.840, +4.778,+0.967
1636307160,+3.43,+16.857, +4.881,+0.967
1636307220,+3.43,+16.857, +4.911,+0.967
1636307280,+3.43,+16.882, +4.915,+0.967
1636307340,+3.43,+16.874, +4.941,+0.967
1636307400,+3.43,+16.874, +5.004,+0.967
1636307460,+3.43,+16.882, +5.062,+0.967
1636307520,+3.43,+16.891, +5.167,+0.967
1636307580,+3.43,+16.908, +5.271,+0.967
1636307640,+3.43,+16.916, +5.289,+0.967
1636307700,+3.43,+16.916, +5.217,+0.967
1636307760,+3.43,+16.925, +5.201,+0.966
1636307820,+3.43,+16.916, +5.228,+0.967
1636307880,+3.43,+16.925, +5.278,+0.967
1636307940,+3.43,+16.916, +5.295,+0.967
1636308000,+3.43,+16.925, +5.315,+0.967
1636308060,+3.43,+16.933, +5.361,+0.967
1636308120,+3.43,+16.950, +5.499,+0.967
1636308180,+3.43,+16.976, +5.626,+0.967
1636308240,+3.43,+16.984, +5.652,+0.967
1636308300,+3.43,+16.984, +5.569,+0.966
1636308360,+3.43,+16.959, +5.315,+0.967
1636308420,+3.43,+16.933, +5.201,+0.967
1636308480,+3.43,+16.942, +5.241,+0.967
1636308540,+3.43,+16.967, +5.316,+0.967
1636308600,+3.43,+16.959, +5.372,+0.967
1636308660,+3.43,+16.976, +5.557,+0.967
1636308720,+3.43,+16.984, +5.633,+0.967
1636308780,+3.43,+16.993, +5.541,+0.967
1636308840,+3.43,+16.993, +5.476,+0.967
1636308900,+3.43,+16.993, +5.495,+0.967
1636308960,+3.43,+16.993, +5.461,+0.967
1636309020,+3.43,+16.976, +5.503,+0.967
1636309080,+3.43,+16.976, +5.488,+0.966
1636309140,+3.43,+16.976, +5.430,+0.967
1636309200,+3.43,+16.976, +5.399,+0.967
1636309260,+3.43,+16.959, +5.369,+0.967
1636309320,+3.43,+16.950, +5.354,+0.967
1636309380,+3.43,+16.942, +5.320,+0.967
1636309440,+3.43,+16.950, +5.379,+0.967
1636309500,+3.43,+16.967, +5.537,+0.967
1636309560,+3.43,+16.976, +5.624,+0.967
1636309620,+3.43,+16.984, +5.657,+0.966
1636309680,+3.43,+16.984, +5.592,+0.967
1636309740,+3.43,+16.993, +5.445,+0.967
1636309800,+3.43,+16.976, +5.532,+0.967
1636309860,+3.43,+17.001, +5.710,+0.966
1636309920,+3.43,+17.044, +5.812,+0.967
1636309980,+3.43,+17.018, +5.759,+0.967
1636310040,+3.43,+17.027, +5.803,+0.966
1636310100,+3.43,+17.044, +5.771,+0.967
1636310160,+3.43,+17.027, +5.828,+0.966
1636310220,+3.43,+17.035, +5.836,+0.966
1636310280,+3.43,+17.035, +5.789,+0.966
1636310340,+3.43,+17.044, +5.753,+0.967
1636310400,+3.43,+17.027, +5.739,+0.966
1636310460,+3.43,+17.035, +5.806,+0.966
1636310520,+3.43,+17.035, +5.867,+0.966
1636310580,+3.43,+17.052, +5.855,+0.967
1636310640,+3.43,+17.035, +5.855,+0.966
1636310700,+3.43,+17.086, +5.927,+0.966
1636310760,+3.43,+17.078, +5.971,+0.966
1636310820,+3.43,+17.061, +5.899,+0.966
1636310880,+3.43,+17.052, +5.888,+0.966
1636310940,+3.43,+17.069, +5.951,+0.967
1636311000,+3.43,+17.069, +6.010,+0.966
1636311060,+3.43,+17.078, +6.064,+0.967
1636311120,+3.43,+17.069, +6.053,+0.966
1636311180,+3.43,+17.103, +6.072,+0.966
1636311240,+3.43,+17.095, +6.095,+0.966
1636311300,+3.43,+17.112, +6.119,+0.966
1636311360,+3.43,+17.112, +6.143,+0.966
1636311420,+3.43,+17.128, +6.167,+0.966
1636311480,+3.43,+17.145, +6.189,+0.966
1636311540,+3.43,+17.137, +6.249,+0.967
1636311600,+3.42,+17.137, +6.302,+0.967
1636311660,+3.43,+17.137, +6.340,+0.966
1636311720,+3.42,+17.145, +6.340,+0.966
1636311780,+3.42,+17.154, +6.386,+0.966
1636311840,+3.43,+17.145, +6.423,+0.967
1636311900,+3.42,+17.171, +6.468,+0.966
1636311960,+3.43,+17.162, +6.379,+0.966
1636312020,+3.42,+17.145, +6.350,+0.966
1636312080,+3.42,+17.128, +6.208,+0.967
1636312140,+3.42,+17.128, +6.192,+0.966
1636312200,+3.42,+17.145, +6.252,+0.966
1636312260,+3.42,+17.137, +6.228,+0.966
1636312320,+3.42,+17.162, +6.283,+0.966
1636312380,+3.42,+17.154, +6.363,+0.967
1636312440,+3.42,+17.179, +6.374,+0.966
1636312500,+3.42,+17.179, +6.411,+0.966
1636312560,+3.42,+17.196, +6.448,+0.966
1636312620,+3.43,+17.179, +6.469,+0.966
1636312680,+3.42,+17.196, +6.456,+0.966
1636312740,+3.43,+17.162, +6.465,+0.966
1636312800,+3.42,+17.179, +6.482,+0.966
1636312860,+3.42,+17.179, +6.468,+0.966
1636312920,+3.42,+17.171, +6.494,+0.967
1636312980,+3.42,+17.188, +6.512,+0.966
1636313040,+3.42,+17.205, +6.562,+0.966
1636313100,+3.42,+17.205, +6.626,+0.966
1636313160,+3.42,+17.196, +6.604,+0.966
1636313220,+3.42,+17.213, +6.560,+0.966
1636313280,+3.42,+17.196, +6.566,+0.966
1636313340,+3.42,+17.222, +6.580,+0.966
1636313400,+3.42,+17.205, +6.603,+0.966
1636313460,+3.42,+17.222, +6.623,+0.966
1636313520,+3.42,+17.213, +6.654,+0.967
1636313580,+3.42,+17.230, +6.639,+0.967
1636313640,+3.42,+17.213, +6.642,+0.967
1636313700,+3.42,+17.213, +6.608,+0.966
1636313760,+3.42,+17.230, +6.592,+0.967
1636313820,+3.42,+17.239, +6.582,+0.966
1636313880,+3.42,+17.247, +6.586,+0.966
1636313940,+3.42,+17.256, +6.580,+0.966
1636314000,+3.42,+17.239, +6.312,+0.966
1636314060,+3.42,+17.230, +6.297,+0.966
1636314120,+3.42,+17.264, +6.353,+0.967
1636314180,+3.42,+17.281, +6.412,+0.967
1636314240,+3.42,+17.273, +6.447,+0.966
1636314300,+3.42,+17.281, +6.521,+0.967
1636314360,+3.42,+17.281, +6.530,+0.966
1636314420,+3.42,+17.264, +6.530,+0.966
1636314480,+3.42,+17.281, +6.555,+0.966
1636314540,+3.42,+17.281, +6.538,+0.967
1636314600,+3.42,+17.281, +6.395,+0.966
1636314660,+3.42,+17.264, +6.459,+0.966
1636314720,+3.42,+17.273, +6.484,+0.966
1636314780,+3.42,+17.256, +6.114,+0.966
1636314840,+3.42,+17.222, +5.961,+0.966
1636314900,+3.42,+17.179, +5.980,+0.966
1636314960,+3.42,+17.179, +5.972,+0.967
1636315020,+3.43,+17.171, +5.968,+0.966
1636315080,+3.42,+17.188, +6.071,+0.966
1636315140,+3.43,+17.222, +6.247,+0.967
1636315200,+3.42,+17.205, +6.322,+0.966
1636315260,+3.42,+17.222, +6.245,+0.966
1636315320,+3.42,+17.222, +6.336,+0.967
1636315380,+3.42,+17.222, +6.215,+0.966
1636315440,+3.42,+17.239, +6.427,+0.967
1636315500,+3.42,+17.273, +6.506,+0.966
1636315560,+3.42,+17.256, +6.359,+0.966
1636315620,+3.42,+17.222, +6.121,+0.966
1636315680,+3.42,+17.196, +6.067,+0.966
1636315740,+3.42,+17.205, +6.170,+0.966
1636315800,+3.42,+17.230, +6.233,+0.966
1636315860,+3.42,+17.239, +6.282,+0.966
1636315920,+3.42,+17.230, +6.164,+0.966
1636315980,+3.42,+17.222, +6.223,+0.967
1636316040,+3.42,+17.230, +6.261,+0.967
1636316100,+3.42,+17.222, +6.171,+0.966
1636316160,+3.43,+17.188, +6.086,+0.966
1636316220,+3.43,+17.196, +6.160,+0.966
1636316280,+3.42,+17.196, +6.137,+0.966
1636316340,+3.42,+17.213, +6.104,+0.967
1636316400,+3.42,+17.205, +6.089,+0.966
1636316460,+3.42,+17.196, +6.098,+0.966
1636316520,+3.42,+17.222, +6.117,+0.966
1636316580,+3.42,+17.247, +6.156,+0.967
1636316640,+3.42,+17.264, +6.042,+0.966
1636316700,+3.42,+17.239, +5.983,+0.966
1636316760,+3.42,+17.239, +6.025,+0.966
1636316820,+3.42,+17.239, +6.128,+0.967
1636316880,+3.42,+17.273, +6.238,+0.966
1636316940,+3.42,+17.256, +6.158,+0.966
1636317000,+3.42,+17.247, +6.096,+0.966
1636317060,+3.42,+17.247, +6.109,+0.966
1636317120,+3.42,+17.222, +6.068,+0.966
1636317180,+3.42,+17.205, +6.016,+0.966
1636317240,+3.43,+17.171, +5.938,+0.966
1636317300,+3.43,+17.171, +5.927,+0.967
1636317360,+3.42,+17.239, +6.095,+0.967
1636317420,+3.42,+17.298, +6.306,+0.966
1636317480,+3.42,+17.332, +6.419,+0.966
1636317540,+3.42,+17.273, +6.118,+0.966
1636317600,+3.42,+17.222, +5.953,+0.966
1636317660,+3.42,+17.213, +5.922,+0.966
1636317720,+3.42,+17.179, +5.924,+0.967
1636317780,+3.43,+17.205, +5.957,+0.966
1636317840,+3.42,+17.188, +5.878,+0.966
1636317900,+3.42,+17.179, +5.978,+0.966
1636317960,+3.42,+17.239, +6.060,+0.966
1636318020,+3.42,+17.196, +5.884,+0.967
1636318080,+3.42,+17.205, +5.885,+0.967
1636318140,+3.42,+17.188, +5.909,+0.966
1636318200,+3.42,+17.205, +5.909,+0.966
1636318260,+3.42,+17.196, +5.886,+0.966
1636318320,+3.43,+17.171, +5.837,+0.966
1636318380,+3.43,+17.179, +5.832,+0.966
1636318440,+3.43,+17.179, +4.858,+0.942
1636318500,+3.43,+17.154, +4.661,+0.939
1636318560,+3.43,+17.171, +4.751,+0.942
1636318620,+3.43,+17.171, +4.687,+0.942
1636318680,+3.42,+17.179, +4.591,+0.945
1636318740,+3.43,+17.162, +5.497,+0.967
1636318800,+3.43,+17.137, +5.696,+0.967
1636318860,+3.42,+17.179, +5.735,+0.967
1636318920,+3.42,+17.188, +5.778,+0.967
1636318980,+3.42,+17.179, +5.738,+0.967
1636319040,+3.43,+17.162, +5.620,+0.967
1636319100,+3.43,+17.188, +5.643,+0.967
1636319160,+3.42,+17.188, +5.724,+0.967
1636319220,+3.42,+17.230, +5.888,+0.967
1636319280,+3.42,+17.247, +5.895,+0.966
1636319340,+3.42,+17.247, +5.873,+0.966
1636319400,+3.42,+17.239, +5.922,+0.967
1636319460,+3.42,+17.222, +5.692,+0.966
1636319520,+3.42,+17.230, +5.657,+0.967
1636319580,+3.42,+17.230, +5.867,+0.966
1636319640,+3.42,+17.289, +6.006,+0.967
1636319700,+3.42,+17.281, +5.963,+0.966
1636319760,+3.42,+17.256, +5.784,+0.966
1636319820,+3.42,+17.298, +6.134,+0.967
1636319880,+3.42,+17.340, +6.228,+0.967
1636319940,+3.42,+17.332, +6.078,+0.966
1636320000,+3.42,+17.332, +6.039,+0.967
1636320060,+3.42,+17.315, +6.010,+0.967
1636320120,+3.42,+17.332, +5.996,+0.966
1636320180,+3.42,+17.349, +6.051,+0.966
1636320240,+3.42,+17.374, +6.092,+0.967
1636320300,+3.42,+17.340, +5.906,+0.966
1636320360,+3.42,+17.273, +5.652,+0.967
1636320420,+3.42,+17.264, +5.728,+0.967
1636320480,+3.42,+17.315, +5.942,+0.966
1636320540,+3.42,+17.281, +5.833,+0.966
1636320600,+3.42,+17.281, +5.719,+0.966
1636320660,+3.42,+17.281, +5.812,+0.966
1636320720,+3.42,+17.332, +6.115,+0.967
1636320780,+3.42,+17.366, +6.049,+0.966
1636320840,+3.42,+17.306, +5.753,+0.967
1636320900,+3.42,+17.298, +5.941,+0.967
1636320960,+3.42,+17.332, +5.987,+0.966
1636321020,+3.42,+17.332, +6.113,+0.967
1636321080,+3.42,+17.391, +6.149,+0.966
1636321140,+3.42,+17.315, +5.766,+0.966
1636321200,+3.42,+17.306, +5.783,+0.966
1636321260,+3.42,+17.323, +5.950,+0.966
1636321320,+3.42,+17.332, +5.954,+0.967
1636321380,+3.42,+17.357, +5.987,+0.966
1636321440,+3.42,+17.340, +6.002,+0.967
1636321500,+3.42,+17.332, +5.940,+0.967
1636321560,+3.42,+17.332, +5.920,+0.967
1636321620,+3.42,+17.366, +6.067,+0.967
1636321680,+3.42,+17.366, +6.119,+0.967
1636321740,+3.42,+17.357, +6.005,+0.966
1636321800,+3.42,+17.349, +5.863,+0.967
1636321860,+3.42,+17.349, +6.019,+0.966
1636321920,+3.42,+17.374, +6.102,+0.966
1636321980,+3.42,+17.374, +6.032,+0.966
1636322040,+3.42,+17.357, +5.915,+0.966
1636322100,+3.42,+17.340, +5.813,+0.966
1636322160,+3.42,+17.306, +5.738,+0.966
1636322220,+3.42,+17.289, +5.736,+0.967
1636322280,+3.42,+17.306, +5.763,+0.966
1636322340,+3.42,+17.298, +5.860,+0.967
1636322400,+3.42,+17.306, +5.854,+0.967
1636322460,+3.42,+17.298, +5.891,+0.967
1636322520,+3.42,+17.315, +5.983,+0.967
1636322580,+3.42,+17.332, +5.988,+0.967
1636322640,+3.42,+17.357, +6.059,+0.967
1636322700,+3.42,+17.357, +6.022,+0.966
1636322760,+3.42,+17.340, +5.964,+0.966
1636322820,+3.42,+17.349, +6.071,+0.967
1636322880,+3.42,+17.357, +6.036,+0.967
1636322940,+3.42,+17.340, +5.934,+0.967
1636323000,+3.42,+17.349, +6.049,+0.966
1636323060,+3.42,+17.374, +6.053,+0.966
1636323120,+3.42,+17.349, +5.991,+0.967
1636323180,+3.42,+17.332, +5.963,+0.967
1636323240,+3.42,+17.315, +5.972,+0.967
1636323300,+3.42,+17.340, +6.063,+0.966
1636323360,+3.42,+17.349, +6.113,+0.967
1636323420,+3.42,+17.366, +6.083,+0.967
1636323480,+3.42,+17.323, +5.914,+0.966
1636323540,+3.42,+17.332, +6.117,+0.967
1636323600,+3.42,+17.374, +6.310,+0.967
1636323660,+3.42,+17.383, +6.288,+0.966
1636323720,+3.42,+17.391, +6.380,+0.967
1636323780,+3.42,+17.374, +6.341,+0.967
1636323840,+3.42,+17.391, +6.322,+0.967
1636323900,+3.42,+17.425, +6.465,+0.967
1636323960,+3.42,+17.433, +6.434,+0.966
1636324020,+3.42,+17.467, +6.536,+0.966
1636324080,+3.42,+17.476, +6.500,+0.967
1636324140,+3.42,+17.484, +6.394,+0.967
1636324200,+3.42,+17.501, +6.422,+0.967
1636324260,+3.42,+17.501, +6.421,+0.966
1636324320,+3.42,+17.510, +6.428,+0.967
1636324380,+3.42,+17.510, +6.388,+0.967
1636324440,+3.42,+17.467, +6.242,+0.966
1636324500,+3.42,+17.425, +6.153,+0.967
1636324560,+3.42,+17.416, +6.104,+0.967
1636324620,+3.42,+17.391, +6.122,+0.966
1636324680,+3.42,+17.383, +6.020,+0.967
1636324740,+3.42,+17.383, +6.073,+0.967
1636324800,+3.42,+17.383, +6.118,+0.967
1636324860,+3.42,+17.366, +6.148,+0.966
1636324920,+3.42,+17.357, +6.153,+0.966
1636324980,+3.42,+17.306, +5.910,+0.966
1636325040,+3.42,+17.298, +5.916,+0.966
1636325100,+3.42,+17.315, +6.067,+0.966
1636325160,+3.42,+17.315, +6.081,+0.966
1636325220,+3.42,+17.323, +6.106,+0.966
1636325280,+3.42,+17.340, +6.105,+0.967
1636325340,+3.42,+17.323, +6.173,+0.967
1636325400,+3.42,+17.323, +6.215,+0.966
1636325460,+3.42,+17.340, +6.167,+0.967
1636325520,+3.42,+17.340, +6.160,+0.967
1636325580,+3.42,+17.374, +6.224,+0.967
1636325640,+3.42,+17.357, +6.244,+0.967
1636325700,+3.42,+17.357, +6.319,+0.967
1636325760,+3.42,+17.366, +6.306,+0.967
1636325820,+3.42,+17.357, +6.261,+0.966
1636325880,+3.42,+17.374, +6.261,+0.966
1636325940,+3.42,+17.366, +6.279,+0.967
1636326000,+3.42,+17.374, +6.231,+0.967
1636326060,+3.42,+17.374, +6.225,+0.966
1636326120,+3.42,+17.349, +6.214,+0.966
1636326180,+3.42,+17.357, +6.180,+0.967
1636326240,+3.42,+17.332, +6.138,+0.966
1636326300,+3.42,+17.349, +6.071,+0.967
1636326360,+3.42,+17.281, +5.796,+0.967
1636326420,+3.42,+17.281, +5.784,+0.966
1636326480,+3.42,+17.306, +6.036,+0.966
1636326540,+3.42,+17.340, +6.187,+0.966
1636326600,+3.42,+17.357, +6.247,+0.967
1636326660,+3.42,+17.357, +6.295,+0.967
1636326720,+3.42,+17.391, +6.433,+0.967
1636326780,+3.42,+17.400, +6.366,+0.966
1636326840,+3.42,+17.408, +6.328,+0.966
1636326900,+3.42,+17.416, +6.406,+0.967
1636326960,+3.42,+17.425, +6.498,+0.967
1636327020,+3.42,+17.442, +6.540,+0.967
1636327080,+3.42,+17.433, +6.639,+0.967
1636327140,+3.42,+17.459, +6.681,+0.967
1636327200,+3.42,+17.467, +6.690,+0.966
1636327260,+3.42,+17.450, +6.661,+0.967
1636327320,+3.42,+17.442, +6.618,+0.967
1636327380,+3.42,+17.450, +6.696,+0.967
1636327440,+3.42,+17.450, +6.792,+0.966
1636327500,+3.42,+17.493, +6.883,+0.967
1636327560,+3.42,+17.484, +6.907,+0.967
1636327620,+3.42,+17.484, +6.829,+0.967
1636327680,+3.42,+17.467, +6.905,+0.967
1636327740,+3.42,+17.484, +6.871,+0.966
1636327800,+3.42,+17.493, +6.883,+0.967
1636327860,+3.42,+17.459, +6.835,+0.967
1636327920,+3.42,+17.459, +6.784,+0.966
1636327980,+3.42,+17.467, +6.763,+0.967
1636328040,+3.42,+17.484, +6.873,+0.967
1636328100,+3.42,+17.476, +6.888,+0.967
1636328160,+3.42,+17.459, +6.888,+0.966
1636328220,+3.42,+17.467, +6.923,+0.967
1636328280,+3.42,+17.484, +6.947,+0.967
1636328340,+3.42,+17.484, +6.979,+0.967
1636328400,+3.42,+17.484, +6.954,+0.966
1636328460,+3.42,+17.484, +6.919,+0.967
1636328520,+3.42,+17.493, +6.963,+0.966
1636328580,+3.42,+17.501, +6.968,+0.967
1636328640,+3.42,+17.484, +6.909,+0.967
1636328700,+3.42,+17.493, +6.965,+0.966
1636328760,+3.42,+17.467, +6.998,+0.966
1636328820,+3.42,+17.476, +6.998,+0.966
1636328880,+3.42,+17.476, +6.871,+0.966
1636328940,+3.42,+17.450, +6.749,+0.967
1636329000,+3.42,+17.433, +6.827,+0.966
1636329060,+3.42,+17.433, +6.863,+0.967
1636329120,+3.42,+17.450, +6.894,+0.967
1636329180,+3.42,+17.450, +6.899,+0.966
1636329240,+3.42,+17.450, +6.910,+0.967
1636329300,+3.42,+17.467, +6.905,+0.967
1636329360,+3.42,+17.459, +6.847,+0.967
1636329420,+3.42,+17.442, +6.852,+0.967
1636329480,+3.42,+17.459, +6.896,+0.967
1636329540,+3.42,+17.450, +6.987,+0.966
1636329600,+3.42,+17.442, +6.998,+0.966
1636329660,+3.42,+17.476, +7.039,+0.967
1636329720,+3.42,+17.467, +6.991,+0.967
1636329780,+3.42,+17.467, +6.991,+0.967
1636329840,+3.42,+17.450, +6.992,+0.967
1636329900,+3.42,+17.459, +6.980,+0.967
1636329960,+3.42,+17.467, +6.969,+0.966
1636330020,+3.42,+17.467, +7.066,+0.967
1636330080,+3.42,+17.476, +7.058,+0.966
1636330140,+3.42,+17.459, +6.974,+0.966
1636330200,+3.42,+17.467, +6.950,+0.967
1636330260,+3.42,+17.467, +6.998,+0.967
1636330320,+3.42,+17.459, +6.988,+0.966
1636330380,+3.42,+17.467, +6.958,+0.966
1636330440,+3.42,+17.459, +7.006,+0.967
1636330500,+3.42,+17.467, +7.013,+0.966
1636330560,+3.42,+17.484, +7.106,+0.967
1636330620,+3.42,+17.467, +7.058,+0.966
1636330680,+3.42,+17.484, +7.019,+0.967
1636330740,+3.42,+17.467, +7.039,+0.967
1636330800,+3.42,+17.467, +7.071,+0.966
1636330860,+3.42,+17.484, +7.046,+0.967
1636330920,+3.42,+17.476, +7.000,+0.967
1636330980,+3.42,+17.467, +6.968,+0.966
1636331040,+3.42,+17.459, +6.930,+0.966
1636331100,+3.42,+17.467, +6.936,+0.967
1636331160,+3.42,+17.476, +6.956,+0.967
1636331220,+3.42,+17.442, +6.809,+0.966
1636331280,+3.42,+17.450, +6.848,+0.966
1636331340,+3.42,+17.450, +6.930,+0.967
1636331400,+3.42,+17.459, +6.938,+0.966
1636331460,+3.42,+17.484, +6.911,+0.966
1636331520,+3.42,+17.467, +6.925,+0.966
1636331580,+3.42,+17.459, +6.922,+0.966
1636331640,+3.42,+17.459, +6.903,+0.966
1636331700,+3.42,+17.442, +6.882,+0.967
1636331760,+3.42,+17.433, +6.831,+0.967
1636331820,+3.42,+17.450, +6.805,+0.967
1636331880,+3.42,+17.425, +6.806,+0.967
1636331940,+3.42,+17.425, +6.802,+0.967
1636332000,+3.42,+17.425, +6.785,+0.967
1636332060,+3.42,+17.450, +6.828,+0.967
1636332120,+3.42,+17.450, +6.865,+0.967
1636332180,+3.42,+17.467, +6.902,+0.967
1636332240,+3.42,+17.442, +6.909,+0.967
1636332300,+3.42,+17.450, +6.889,+0.966
1636332360,+3.42,+17.450, +6.880,+0.967
1636332420,+3.42,+17.442, +6.865,+0.967
1636332480,+3.42,+17.450, +6.858,+0.967
1636332540,+3.42,+17.442, +6.848,+0.967
1636332600,+3.42,+17.425, +6.813,+0.966
1636332660,+3.42,+17.416, +6.772,+0.966
1636332720,+3.42,+17.400, +6.747,+0.967
1636332780,+3.42,+17.416, +6.699,+0.967
1636332840,+3.42,+17.425, +6.670,+0.967
1636332900,+3.42,+17.416, +6.662,+0.967
1636332960,+3.42,+17.416, +6.659,+0.967
1636333020,+3.42,+17.400, +6.654,+0.967
1636333080,+3.42,+17.383, +6.633,+0.967
1636333140,+3.42,+17.357, +6.601,+0.967
1636333200,+3.42,+17.340, +6.486,+0.967
1636333260,+3.42,+17.349, +6.446,+0.966
1636333320,+3.42,+17.374, +6.479,+0.967
1636333380,+3.42,+17.357, +6.501,+0.967
1636333440,+3.42,+17.357, +6.492,+0.967
1636333500,+3.42,+17.349, +6.473,+0.966
1636333560,+3.42,+17.349, +6.463,+0.966
1636333620,+3.42,+17.357, +6.469,+0.967
1636333680,+3.42,+17.323, +6.440,+0.966
1636333740,+3.42,+17.323, +6.360,+0.966
1636333800,+3.42,+17.340, +6.277,+0.967
1636333860,+3.42,+17.332, +6.261,+0.967
1636333920,+3.42,+17.340, +6.255,+0.967
1636333980,+3.42,+17.323, +6.238,+0.966
1636334040,+3.42,+17.289, +6.231,+0.966
1636334100,+3.42,+17.289, +6.188,+0.967
1636334160,+3.42,+17.289, +6.119,+0.966
1636334220,+3.42,+17.306, +6.123,+0.966
1636334280,+3.42,+17.289, +6.102,+0.967
1636334340,+3.42,+17.315, +6.072,+0.967
1636334400,+3.42,+17.298, +6.067,+0.967
1636334460,+3.42,+17.306, +6.049,+0.966
1636334520,+3.42,+17.306, +6.027,+0.966
1636334580,+3.42,+17.289, +6.016,+0.966
1636334640,+3.42,+17.298, +5.997,+0.967
1636334700,+3.42,+17.298, +5.981,+0.967
1636334760,+3.42,+17.281, +5.962,+0.966
1636334820,+3.42,+17.289, +5.941,+0.967
1636334880,+3.42,+17.264, +5.925,+0.966
1636334940,+3.42,+17.281, +5.907,+0.967
1636335000,+3.42,+17.256, +5.898,+0.967
1636335060,+3.42,+17.281, +5.900,+0.967
1636335120,+3.42,+17.298, +5.914,+0.967
1636335180,+3.42,+17.289, +5.917,+0.966
1636335240,+3.42,+17.256, +5.923,+0.966
1636335300,+3.42,+17.264, +5.912,+0.967
1636335360,+3.42,+17.289, +5.899,+0.967
1636335420,+3.43,+17.273, +5.889,+0.966
1636335480,+3.42,+17.264, +5.886,+0.966
1636335540,+3.42,+17.273, +5.872,+0.966
1636335600,+3.42,+17.256, +5.859,+0.966
1636335660,+3.42,+17.247, +5.857,+0.967
1636335720,+3.42,+17.256, +5.843,+0.966
1636335780,+3.42,+17.256, +5.843,+0.967
1636335840,+3.42,+17.239, +5.846,+0.967
1636335900,+3.42,+17.256, +5.838,+0.967
1636335960,+3.42,+17.247, +5.840,+0.967
1636336020,+3.42,+17.264, +5.825,+0.966
1636336080,+3.42,+17.256, +5.823,+0.967
1636336140,+3.42,+17.230, +5.805,+0.967
1636336200,+3.43,+17.213, +5.780,+0.967
1636336260,+3.43,+17.196, +5.763,+0.967
1636336320,+3.43,+17.213, +5.745,+0.967
1636336380,+3.43,+17.205, +5.736,+0.966
1636336440,+3.42,+17.222, +5.745,+0.967
1636336500,+3.43,+17.213, +5.766,+0.967
1636336560,+3.42,+17.222, +5.768,+0.966
1636336620,+3.42,+17.247, +5.850,+0.966
1636336680,+3.42,+17.264, +6.019,+0.967
1636336740,+3.42,+17.256, +6.163,+0.967
1636336800,+3.42,+17.273, +6.234,+0.967
1636336860,+3.42,+17.264, +6.205,+0.967
1636336920,+3.43,+17.256, +6.086,+0.966
1636336980,+3.43,+17.256, +5.968,+0.966
1636337040,+3.42,+17.239, +5.907,+0.967
1636337100,+3.42,+17.256, +5.873,+0.967
1636337160,+3.42,+17.239, +5.838,+0.966
1636337220,+3.43,+17.230, +5.810,+0.967
1636337280,+3.43,+17.213, +5.828,+0.967
1636337340,+3.42,+17.239, +5.835,+0.966
1636337400,+3.43,+17.222, +5.806,+0.966
1636337460,+3.43,+17.196, +5.746,+0.967
1636337520,+3.43,+17.205, +5.747,+0.967
1636337580,+3.43,+17.205, +5.778,+0.967
1636337640,+3.43,+17.222, +5.817,+0.967
1636337700,+3.43,+17.213, +5.820,+0.967
1636337760,+3.43,+17.222, +5.797,+0.967
1636337820,+3.42,+17.230, +5.825,+0.967
1636337880,+3.43,+17.239, +5.880,+0.967
1636337940,+3.42,+17.247, +5.919,+0.967
1636338000,+3.42,+17.256, +5.984,+0.966
1636338060,+3.43,+17.273, +6.019,+0.967
1636338120,+3.42,+17.273, +6.059,+0.967
1636338180,+3.42,+17.264, +5.986,+0.967
1636338240,+3.43,+17.256, +5.927,+0.966
1636338300,+3.42,+17.264, +5.905,+0.967
1636338360,+3.43,+17.239, +5.870,+0.967
1636338420,+3.42,+17.273, +5.887,+0.967
1636338480,+3.42,+17.273, +5.967,+0.966
1636338540,+3.42,+17.289, +6.108,+0.967
1636338600,+3.42,+17.281, +6.099,+0.967
1636338660,+3.43,+17.256, +6.066,+0.967
1636338720,+3.42,+17.256, +6.013,+0.967
1636338780,+3.42,+17.256, +5.978,+0.967
1636338840,+3.42,+17.256, +5.959,+0.966
1636338900,+3.42,+17.256, +5.943,+0.966
1636338960,+3.42,+17.281, +5.947,+0.966
1636339020,+3.42,+17.239, +5.979,+0.966
1636339080,+3.42,+17.256, +5.984,+0.967
1636339140,+3.43,+17.256, +5.979,+0.967
1636339200,+3.43,+17.239, +5.952,+0.967
1636339260,+3.43,+17.239, +5.909,+0.967
1636339320,+3.43,+17.230, +5.875,+0.967
1636339380,+3.42,+17.205, +5.869,+0.967
1636339440,+3.43,+17.213, +5.855,+0.967
1636339500,+3.43,+17.213, +5.842,+0.966
1636339560,+3.43,+17.205, +5.850,+0.967
1636339620,+3.42,+17.213, +5.839,+0.966
1636339680,+3.43,+17.213, +5.850,+0.967
1636339740,+3.43,+17.222, +5.840,+0.967
1636339800,+3.43,+17.137, +5.553,+0.967
1636339860,+3.43,+17.145, +5.568,+0.967
1636339920,+3.43,+17.188, +5.838,+0.967
1636339980,+3.43,+17.179, +5.937,+0.967
1636340040,+3.43,+17.205, +5.937,+0.967
1636340100,+3.43,+17.196, +5.914,+0.967
1636340160,+3.43,+17.230, +5.900,+0.967
1636340220,+3.43,+17.213, +5.906,+0.967
1636340280,+3.43,+17.196, +5.918,+0.967
1636340340,+3.43,+17.222, +5.923,+0.967
1636340400,+3.43,+17.222, +5.924,+0.967
1636340460,+3.43,+17.222, +5.924,+0.966
1636340520,+3.42,+17.247, +5.922,+0.966
1636340580,+3.43,+17.230, +5.949,+0.967
1636340640,+3.43,+17.222, +5.945,+0.966
1636340700,+3.43,+17.230, +5.950,+0.967
1636340760,+3.43,+17.196, +5.948,+0.967
1636340820,+3.43,+17.205, +5.933,+0.967
1636340880,+3.43,+17.188, +5.916,+0.967
1636340940,+3.43,+17.162, +5.905,+0.967
1636341000,+3.43,+17.162, +5.887,+0.967
1636341060,+3.43,+17.162, +5.863,+0.966
1636341120,+3.43,+17.171, +5.843,+0.967
1636341180,+3.43,+17.179, +5.831,+0.966
1636341240,+3.43,+17.196, +5.835,+0.966
1636341300,+3.42,+17.205, +5.842,+0.967
1636341360,+3.43,+17.188, +5.854,+0.967
1636341420,+3.43,+17.196, +5.829,+0.967
1636341480,+3.43,+17.188, +5.821,+0.967
1636341540,+3.43,+17.179, +5.809,+0.966
1636341600,+3.43,+17.188, +5.818,+0.967
1636341660,+3.43,+17.196, +5.826,+0.966
1636341720,+3.43,+17.188, +5.851,+0.967
1636341780,+3.43,+17.213, +5.864,+0.967
1636341840,+3.43,+17.239, +5.919,+0.967
1636341900,+3.43,+17.230, +5.991,+0.967
1636341960,+3.42,+17.247, +6.151,+0.967
1636342020,+3.42,+17.247, +6.312,+0.967
1636342080,+3.42,+17.281, +6.369,+0.967
1636342140,+3.42,+17.273, +6.417,+0.967
1636342200,+3.43,+17.213, +6.264,+0.967
1636342260,+3.43,+17.145, +5.896,+0.967
1636342320,+3.43,+17.120, +5.705,+0.967
1636342380,+3.43,+17.145, +5.675,+0.967
1636342440,+3.43,+17.179, +5.814,+0.967
1636342500,+3.43,+17.196, +5.996,+0.966
1636342560,+3.43,+17.179, +6.148,+0.967
1636342620,+3.43,+17.162, +6.167,+0.967
1636342680,+3.43,+17.128, +6.033,+0.967
1636342740,+3.43,+17.120, +5.887,+0.966
1636342800,+3.43,+17.120, +5.799,+0.967
1636342860,+3.43,+17.120, +5.736,+0.967
1636342920,+3.43,+17.103, +5.630,+0.967
1636342980,+3.43,+17.078, +5.479,+0.967
1636343040,+3.43,+17.069, +5.392,+0.967
1636343100,+3.43,+17.061, +5.268,+0.967
1636343160,+3.43,+17.027, +5.086,+0.968
1636343220,+3.43,+17.018, +4.982,+0.968
1636343280,+3.43,+17.010, +4.953,+0.967
1636343340,+3.43,+17.018, +5.001,+0.967
1636343400,+3.43,+17.010, +5.056,+0.967
1636343460,+3.43,+17.010, +5.104,+0.967
1636343520,+3.43,+17.001, +5.194,+0.968
1636343580,+3.43,+17.001, +5.224,+0.967
1636343640,+3.43,+17.018, +5.265,+0.967
1636343700,+3.43,+17.035, +5.306,+0.967
1636343760,+3.43,+17.069, +5.338,+0.968
1636343820,+3.43,+17.061, +5.399,+0.967
1636343880,+3.43,+17.044, +5.413,+0.967
1636343940,+3.43,+17.044, +5.434,+0.967
1636344000,+3.43,+17.052, +5.448,+0.967
1636344060,+3.43,+17.052, +5.488,+0.967
1636344120,+3.43,+17.027, +5.442,+0.967
1636344180,+3.43,+17.052, +5.434,+0.967
1636344240,+3.43,+17.035, +5.463,+0.967
1636344300,+3.43,+17.052, +5.454,+0.967
1636344360,+3.43,+17.035, +5.453,+0.967
1636344420,+3.43,+17.010, +5.430,+0.967
1636344480,+3.43,+17.027, +5.385,+0.967
1636344540,+3.43,+17.010, +5.343,+0.967
1636344600,+3.43,+17.010, +5.430,+0.967
1636344660,+3.43,+17.001, +5.391,+0.967
1636344720,+3.43,+17.001, +5.345,+0.967
1636344780,+3.43,+17.035, +5.455,+0.968
1636344840,+3.43,+17.027, +5.532,+0.967
1636344900,+3.43,+17.018, +5.393,+0.967
1636344960,+3.43,+17.001, +5.344,+0.967
1636345020,+3.43,+17.018, +5.377,+0.967
1636345080,+3.43,+17.010, +5.418,+0.967
1636345140,+3.43,+17.027, +5.477,+0.967
1636345200,+3.43,+17.044, +5.470,+0.967
1636345260,+3.43,+17.035, +5.496,+0.967
1636345320,+3.43,+17.010, +5.440,+0.967
1636345380,+3.43,+16.942, +5.161,+0.968
1636345440,+3.43,+16.891, +4.961,+0.967
1636345500,+3.43,+16.933, +5.049,+0.968
1636345560,+3.43,+16.942, +5.203,+0.967
1636345620,+3.43,+16.942, +5.298,+0.967
1636345680,+3.43,+16.976, +5.282,+0.968
1636345740,+3.43,+16.950, +5.262,+0.967
1636345800,+3.43,+16.933, +5.226,+0.967
1636345860,+3.43,+16.950, +5.200,+0.967
1636345920,+3.43,+16.959, +5.186,+0.968
1636345980,+3.43,+16.950, +5.181,+0.967
1636346040,+3.43,+16.976, +5.177,+0.967
1636346100,+3.43,+16.976, +5.211,+0.967
1636346160,+3.43,+16.950, +5.193,+0.968
1636346220,+3.43,+16.933, +5.143,+0.967
1636346280,+3.43,+16.942, +5.109,+0.967
1636346340,+3.43,+16.933, +5.093,+0.967
1636346400,+3.43,+16.916, +5.081,+0.967
1636346460,+3.43,+16.908, +5.044,+0.967
1636346520,+3.43,+16.908, +5.023,+0.968
1636346580,+3.43,+16.908, +5.020,+0.968
1636346640,+3.43,+16.950, +5.110,+0.967
1636346700,+3.43,+16.933, +5.239,+0.967
1636346760,+3.43,+16.950, +5.304,+0.967
1636346820,+3.43,+16.950, +5.385,+0.967
1636346880,+3.43,+16.959, +5.424,+0.967
1636346940,+3.43,+16.959, +5.420,+0.967
1636347000,+3.43,+16.950, +5.357,+0.968
1636347060,+3.43,+16.857, +4.895,+0.967
1636347120,+3.42,+16.857, +4.818,+0.968
1636347180,+3.43,+16.916, +5.472,+0.967
1636347240,+3.43,+16.967, +5.713,+0.967
1636347300,+3.43,+16.959, +5.658,+0.967
1636347360,+3.43,+16.942, +5.505,+0.967
1636347420,+3.43,+16.933, +5.421,+0.967
1636347480,+3.43,+16.933, +5.280,+0.967
1636347540,+3.43,+16.942, +5.206,+0.968
1636347600,+3.43,+16.950, +5.169,+0.967
1636347660,+3.43,+16.950, +5.180,+0.967
1636347720,+3.43,+16.967, +5.184,+0.967
1636347780,+3.43,+16.950, +5.155,+0.967
1636347840,+3.43,+16.933, +5.111,+0.967
1636347900,+3.43,+16.933, +5.118,+0.967
1636347960,+3.43,+16.933, +5.111,+0.968
1636348020,+3.43,+16.942, +5.099,+0.967
1636348080,+3.43,+16.933, +5.094,+0.968
1636348140,+3.43,+16.959, +5.095,+0.967
1636348200,+3.43,+16.959, +5.104,+0.968
1636348260,+3.43,+16.976, +5.129,+0.968
1636348320,+3.43,+16.967, +5.155,+0.967
1636348380,+3.43,+16.976, +5.175,+0.967
1636348440,+3.43,+16.976, +5.146,+0.967
1636348500,+3.43,+16.967, +5.124,+0.967
1636348560,+3.43,+16.984, +5.111,+0.967
1636348620,+3.43,+16.976, +5.181,+0.967
1636348680,+3.43,+16.976, +5.247,+0.968
1636348740,+3.43,+16.984, +5.247,+0.968
1636348800,+3.43,+16.976, +5.265,+0.967
1636348860,+3.43,+16.967, +5.208,+0.967
1636348920,+3.43,+16.950, +5.182,+0.967
1636348980,+3.43,+16.967, +5.152,+0.967
1636349040,+3.43,+16.950, +5.122,+0.967
1636349100,+3.43,+16.925, +5.060,+0.967
1636349160,+3.43,+16.899, +5.049,+0.967
1636349220,+3.43,+16.908, +5.077,+0.968
1636349280,+3.43,+16.916, +5.103,+0.968
1636349340,+3.43,+16.925, +5.137,+0.967
1636349400,+3.43,+16.933, +5.211,+0.967
1636349460,+3.43,+16.942, +5.263,+0.968
1636349520,+3.43,+16.950, +5.365,+0.967
1636349580,+3.43,+16.950, +5.400,+0.967
1636349640,+3.43,+16.925, +5.322,+0.967
1636349700,+3.43,+16.908, +5.200,+0.967
1636349760,+3.43,+16.882, +5.221,+0.967
1636349820,+3.43,+16.874, +5.200,+0.968
1636349880,+3.43,+16.882, +5.185,+0.967
1636349940,+3.43,+16.891, +5.230,+0.967
1636350000,+3.43,+16.882, +5.236,+0.967
1636350060,+3.43,+16.882, +5.209,+0.967
1636350120,+3.43,+16.865, +5.021,+0.967
1636350180,+3.42,+16.823, +4.825,+0.968
1636350240,+3.42,+16.806, +4.785,+0.967
1636350300,+3.42,+16.815, +4.896,+0.967
1636350360,+3.42,+16.848, +5.040,+0.967
1636350420,+3.43,+16.874, +5.222,+0.967
1636350480,+3.43,+16.874, +5.347,+0.967
1636350540,+3.43,+16.899, +5.449,+0.967
1636350600,+3.43,+16.908, +5.490,+0.967
1636350660,+3.43,+16.933, +5.503,+0.967
1636350720,+3.43,+16.908, +5.558,+0.967
1636350780,+3.43,+16.916, +5.458,+0.967
1636350840,+3.43,+16.891, +5.362,+0.967
1636350900,+3.43,+16.899, +5.386,+0.967
1636350960,+3.43,+16.925, +5.479,+0.967
1636351020,+3.43,+16.950, +5.614,+0.967
1636351080,+3.43,+16.933, +5.669,+0.967
1636351140,+3.43,+16.933, +5.660,+0.967
1636351200,+3.43,+16.933, +5.644,+0.967
1636351260,+3.43,+16.933, +5.584,+0.967
1636351320,+3.43,+16.942, +5.514,+0.967
1636351380,+3.43,+16.933, +5.505,+0.967
1636351440,+3.43,+16.942, +5.504,+0.967
1636351500,+3.43,+16.899, +5.500,+0.967
1636351560,+3.43,+16.916, +5.401,+0.967
1636351620,+3.43,+16.899, +5.274,+0.967
1636351680,+3.43,+16.857, +4.991,+0.967
1636351740,+3.42,+16.832, +4.863,+0.967
1636351800,+3.42,+16.840, +4.877,+0.968
1636351860,+3.43,+16.857, +4.885,+0.967
1636351920,+3.42,+16.865, +4.871,+0.967
1636351980,+3.43,+16.857, +4.886,+0.968
1636352040,+3.43,+16.865, +4.912,+0.968
1636352100,+3.43,+16.848, +4.980,+0.967
1636352160,+3.42,+16.857, +4.910,+0.968
1636352220,+3.42,+16.857, +4.862,+0.967
1636352280,+3.42,+16.840, +4.855,+0.967
1636352340,+3.42,+16.848, +4.868,+0.967
1636352400,+3.42,+16.840, +4.898,+0.967
1636352460,+3.42,+16.848, +4.910,+0.967
1636352520,+3.42,+16.840, +4.918,+0.968
1636352580,+3.42,+16.857, +4.912,+0.968
1636352640,+3.42,+16.848, +4.905,+0.967
1636352700,+3.42,+16.848, +4.913,+0.967
1636352760,+3.43,+16.848, +4.933,+0.967
1636352820,+3.43,+16.857, +4.963,+0.967
1636352880,+3.42,+16.848, +4.971,+0.967
1636352940,+3.42,+16.832, +4.998,+0.968
1636353000,+3.42,+16.832, +5.001,+0.967
1636353060,+3.42,+16.840, +5.071,+0.968
1636353120,+3.43,+16.848, +5.161,+0.967
1636353180,+3.43,+16.857, +5.208,+0.967
1636353240,+3.43,+16.857, +5.137,+0.967
1636353300,+3.42,+16.848, +5.089,+0.968
1636353360,+3.42,+16.848, +5.060,+0.968
1636353420,+3.42,+16.857, +5.044,+0.968
1636353480,+3.43,+16.874, +5.116,+0.967
1636353540,+3.43,+16.874, +5.200,+0.967
1636353600,+3.43,+16.891, +5.303,+0.967
1636353660,+3.43,+16.891, +5.385,+0.967
1636353720,+3.43,+16.891, +5.445,+0.967
1636353780,+3.43,+16.865, +5.415,+0.967
1636353840,+3.43,+16.857, +5.378,+0.967
1636353900,+3.43,+16.865, +5.336,+0.967
1636353960,+3.43,+16.865, +5.341,+0.967
1636354020,+3.43,+16.865, +5.345,+0.967
1636354080,+3.43,+16.857, +5.337,+0.967
1636354140,+3.43,+16.857, +5.315,+0.967
1636354200,+3.43,+16.857, +5.320,+0.967
1636354260,+3.43,+16.857, +5.346,+0.967
1636354320,+3.42,+16.832, +5.317,+0.967
1636354380,+3.42,+16.840, +5.255,+0.967
1636354440,+3.42,+16.823, +5.212,+0.967
1636354500,+3.42,+16.857, +5.174,+0.968
1636354560,+3.42,+16.832, +5.234,+0.968
1636354620,+3.42,+16.840, +5.281,+0.967
1636354680,+3.42,+16.823, +5.319,+0.968
1636354740,+3.42,+16.832, +5.249,+0.967
1636354800,+3.42,+16.823, +5.194,+0.968
1636354860,+3.42,+16.815, +5.130,+0.967
1636354920,+3.42,+16.806, +5.087,+0.967
1636354980,+3.42,+16.815, +5.056,+0.967
1636355040,+3.42,+16.832, +5.031,+0.967
1636355100,+3.42,+16.823, +5.030,+0.968
1636355160,+3.42,+16.815, +4.931,+0.967
1636355220,+3.42,+16.832, +4.850,+0.968
1636355280,+3.42,+16.806, +4.761,+0.967
1636355340,+3.42,+16.789, +4.710,+0.967
1636355400,+3.42,+16.798, +4.806,+0.967
1636355460,+3.42,+16.798, +4.950,+0.968
1636355520,+3.42,+16.823, +4.938,+0.967
1636355580,+3.42,+16.789, +4.921,+0.967
1636355640,+3.42,+16.806, +5.167,+0.968
1636355700,+3.42,+16.832, +5.485,+0.967
1636355760,+3.42,+16.848, +5.728,+0.967
1636355820,+3.43,+16.857, +5.835,+0.967
1636355880,+3.43,+16.848, +5.715,+0.968
1636355940,+3.42,+16.848, +5.546,+0.967
1636356000,+3.42,+16.840, +5.310,+0.967
1636356060,+3.42,+16.823, +5.216,+0.967
1636356120,+3.42,+16.815, +5.120,+0.967
1636356180,+3.42,+16.823, +5.250,+0.967
1636356240,+3.42,+16.857, +5.495,+0.967
1636356300,+3.43,+16.874, +5.660,+0.967
1636356360,+3.43,+16.874, +5.677,+0.967
1636356420,+3.42,+16.848, +5.586,+0.967
1636356480,+3.42,+16.832, +5.291,+0.967
1636356540,+3.42,+16.823, +5.163,+0.967
1636356600,+3.42,+16.823, +5.091,+0.967
1636356660,+3.42,+16.832, +5.069,+0.968
1636356720,+3.42,+16.832, +5.107,+0.967
1636356780,+3.42,+16.823, +5.134,+0.967
1636356840,+3.42,+16.832, +5.169,+0.968
1636356900,+3.42,+16.823, +5.193,+0.967
1636356960,+3.42,+16.832, +5.079,+0.967
1636357020,+3.42,+16.815, +4.952,+0.968
1636357080,+3.42,+16.806, +4.883,+0.967
1636357140,+3.42,+16.815, +5.013,+0.968
1636357200,+3.42,+16.823, +5.212,+0.968
1636357260,+3.42,+16.806, +5.239,+0.967
1636357320,+3.42,+16.806, +5.247,+0.967
1636357380,+3.42,+16.823, +5.288,+0.967
1636357440,+3.42,+16.815, +5.345,+0.968
1636357500,+3.42,+16.823, +5.464,+0.967
1636357560,+3.42,+16.832, +5.512,+0.967
1636357620,+3.42,+16.815, +5.503,+0.967
1636357680,+3.42,+16.832, +5.476,+0.967
1636357740,+3.42,+16.815, +5.347,+0.967
1636357800,+3.42,+16.815, +5.372,+0.967
1636357860,+3.42,+16.823, +5.390,+0.967
1636357920,+3.42,+16.823, +5.394,+0.968
1636357980,+3.42,+16.815, +5.356,+0.967
1636358040,+3.42,+16.772, +5.136,+0.967
1636358100,+3.42,+16.789, +5.015,+0.967
1636358160,+3.42,+16.789, +5.125,+0.967
1636358220,+3.42,+16.789, +5.228,+0.967
1636358280,+3.42,+16.823, +5.417,+0.967
1636358340,+3.42,+16.781, +5.435,+0.967
1636358400,+3.42,+16.806, +5.410,+0.967
1636358460,+3.42,+16.798, +5.393,+0.967
1636358520,+3.42,+16.806, +5.436,+0.967
1636358580,+3.42,+16.772, +5.216,+0.967
1636358640,+3.42,+16.781, +5.121,+0.967
1636358700,+3.42,+16.772, +5.101,+0.967
1636358760,+3.42,+16.764, +5.098,+0.967
1636358820,+3.42,+16.764, +5.124,+0.967
1636358880,+3.42,+16.789, +5.171,+0.968
1636358940,+3.42,+16.772, +5.197,+0.967
1636359000,+3.42,+16.781, +5.246,+0.967
1636359060,+3.42,+16.798, +5.372,+0.967
1636359120,+3.42,+16.798, +5.460,+0.968
1636359180,+3.42,+16.798, +5.537,+0.967
1636359240,+3.42,+16.781, +5.580,+0.967
1636359300,+3.42,+16.806, +5.590,+0.967
1636359360,+3.42,+16.806, +5.608,+0.968
1636359420,+3.42,+16.806, +5.606,+0.967
1636359480,+3.42,+16.789, +5.611,+0.967
1636359540,+3.42,+16.798, +5.588,+0.967
1636359600,+3.42,+16.806, +5.567,+0.967
1636359660,+3.42,+16.789, +5.552,+0.967
1636359720,+3.42,+16.789, +5.553,+0.968
1636359780,+3.42,+16.789, +5.576,+0.968
1636359840,+3.42,+16.789, +5.590,+0.967
1636359900,+3.42,+16.798, +5.610,+0.967
1636359960,+3.42,+16.789, +5.575,+0.967
1636360020,+3.42,+16.789, +5.567,+0.967
1636360080,+3.42,+16.789, +5.554,+0.967
1636360140,+3.42,+16.798, +5.535,+0.967
1636360200,+3.42,+16.781, +5.533,+0.967
1636360260,+3.42,+16.772, +5.427,+0.967
1636360320,+3.42,+16.755, +5.224,+0.967
1636360380,+3.42,+16.772, +5.170,+0.967
1636360440,+3.42,+16.772, +5.204,+0.967
1636360500,+3.42,+16.730, +5.074,+0.968
1636360560,+3.42,+16.730, +5.037,+0.968
1636360620,+3.42,+16.755, +5.165,+0.967
1636360680,+3.42,+16.747, +5.256,+0.968
1636360740,+3.42,+16.747, +5.292,+0.967
1636360800,+3.42,+16.772, +5.299,+0.967
1636360860,+3.42,+16.755, +5.287,+0.967
1636360920,+3.42,+16.764, +5.259,+0.967
1636360980,+3.42,+16.772, +5.263,+0.967
1636361040,+3.42,+16.755, +5.276,+0.967
1636361100,+3.42,+16.772, +5.279,+0.967
1636361160,+3.42,+16.772, +5.291,+0.968
1636361220,+3.42,+16.755, +5.293,+0.967
1636361280,+3.42,+16.772, +5.290,+0.968
1636361340,+3.42,+16.764, +5.292,+0.967
1636361400,+3.42,+16.755, +5.291,+0.967
1636361460,+3.42,+16.755, +5.284,+0.967
1636361520,+3.42,+16.772, +5.267,+0.967
1636361580,+3.42,+16.755, +5.327,+0.968
1636361640,+3.42,+16.747, +5.332,+0.967
1636361700,+3.42,+16.755, +5.327,+0.968
1636361760,+3.42,+16.764, +5.341,+0.968
1636361820,+3.42,+16.747, +5.378,+0.967
1636361880,+3.42,+16.772, +5.390,+0.967
1636361940,+3.42,+16.764, +5.383,+0.967
1636362000,+3.42,+16.738, +5.380,+0.967
1636362060,+3.42,+16.755, +5.367,+0.967
1636362120,+3.42,+16.755, +5.398,+0.967
1636362180,+3.42,+16.755, +5.419,+0.967
1636362240,+3.42,+16.755, +5.425,+0.967
1636362300,+3.42,+16.755, +5.434,+0.967
1636362360,+3.42,+16.747, +5.442,+0.967
1636362420,+3.42,+16.738, +5.450,+0.967
1636362480,+3.42,+16.738, +5.453,+0.967
1636362540,+3.42,+16.755, +5.445,+0.967
1636362600,+3.42,+16.755, +5.453,+0.968
1636362660,+3.42,+16.738, +5.455,+0.967
1636362720,+3.42,+16.738, +5.466,+0.967
1636362780,+3.42,+16.747, +5.471,+0.967
1636362840,+3.42,+16.738, +5.473,+0.967
1636362900,+3.42,+16.738, +5.487,+0.967
1636362960,+3.42,+16.738, +5.484,+0.967
1636363020,+3.42,+16.730, +5.481,+0.967
1636363080,+3.42,+16.730, +5.483,+0.967
1636363140,+3.42,+16.713, +5.479,+0.967
1636363200,+3.42,+16.738, +5.464,+0.967
1636363260,+3.42,+16.730, +5.439,+0.967
1636363320,+3.42,+16.730, +5.443,+0.967
1636363380,+3.42,+16.730, +5.441,+0.967
1636363440,+3.42,+16.738, +5.437,+0.967
1636363500,+3.42,+16.730, +5.433,+0.967
1636363560,+3.42,+16.721, +5.410,+0.967
1636363620,+3.42,+16.713, +5.402,+0.968
1636363680,+3.42,+16.738, +5.393,+0.967
1636363740,+3.42,+16.713, +5.397,+0.967
1636363800,+3.42,+16.721, +5.408,+0.967
1636363860,+3.42,+16.730, +5.418,+0.968
1636363920,+3.42,+16.721, +5.414,+0.967
1636363980,+3.42,+16.721, +5.419,+0.967
1636364040,+3.42,+16.721, +5.431,+0.968
1636364100,+3.42,+16.713, +5.429,+0.967
1636364160,+3.42,+16.713, +5.429,+0.967
1636364220,+3.42,+16.696, +5.420,+0.967
1636364280,+3.42,+16.721, +5.402,+0.967
1636364340,+3.42,+16.713, +5.415,+0.967
1636364400,+3.42,+16.704, +5.420,+0.967
1636364460,+3.42,+16.704, +5.413,+0.967
1636364520,+3.42,+16.713, +5.395,+0.967
1636364580,+3.42,+16.713, +5.383,+0.967
1636364640,+3.42,+16.721, +5.376,+0.967
1636364700,+3.42,+16.713, +5.386,+0.967
1636364760,+3.42,+16.704, +5.346,+0.967
1636364820,+3.42,+16.696, +5.293,+0.967
1636364880,+3.42,+16.687, +5.279,+0.967
1636364940,+3.42,+16.704, +5.279,+0.967
1636365000,+3.42,+16.696, +5.292,+0.967
1636365060,+3.42,+16.687, +5.305,+0.967
1636365120,+3.42,+16.696, +5.309,+0.967
1636365180,+3.42,+16.679, +5.324,+0.967
1636365240,+3.42,+16.687, +5.345,+0.967
1636365300,+3.42,+16.713, +5.323,+0.967
1636365360,+3.42,+16.704, +5.328,+0.967
1636365420,+3.42,+16.687, +5.329,+0.968
1636365480,+3.42,+16.696, +5.330,+0.967
1636365540,+3.42,+16.687, +5.337,+0.967
1636365600,+3.42,+16.704, +5.331,+0.967
1636365660,+3.42,+16.696, +5.329,+0.967
1636365720,+3.42,+16.687, +5.337,+0.967
1636365780,+3.42,+16.696, +5.341,+0.967
1636365840,+3.42,+16.696, +5.345,+0.967
1636365900,+3.42,+16.679, +5.353,+0.968
1636365960,+3.42,+16.713, +5.341,+0.967
1636366020,+3.42,+16.679, +5.342,+0.967
1636366080,+3.42,+16.696, +5.319,+0.967
1636366140,+3.42,+16.696, +5.310,+0.967
1636366200,+3.42,+16.687, +5.316,+0.967
1636366260,+3.42,+16.704, +5.314,+0.967
1636366320,+3.42,+16.696, +5.319,+0.968
1636366380,+3.42,+16.696, +5.305,+0.967
1636366440,+3.42,+16.687, +5.311,+0.968
1636366500,+3.42,+16.679, +5.308,+0.967
1636366560,+3.42,+16.696, +5.288,+0.967
1636366620,+3.42,+16.679, +5.283,+0.967
1636366680,+3.42,+16.704, +5.273,+0.968
1636366740,+3.42,+16.687, +5.263,+0.967
1636366800,+3.42,+16.687, +5.247,+0.967
1636366860,+3.42,+16.704, +5.241,+0.967
1636366920,+3.42,+16.696, +5.242,+0.967
1636366980,+3.42,+16.679, +5.242,+0.967
1636367040,+3.42,+16.687, +5.249,+0.967
1636367100,+3.42,+16.687, +5.242,+0.967
1636367160,+3.42,+16.662, +5.236,+0.967
1636367220,+3.42,+16.687, +5.218,+0.968
1636367280,+3.42,+16.687, +5.222,+0.968
1636367340,+3.42,+16.679, +5.219,+0.968
1636367400,+3.42,+16.670, +5.208,+0.967
1636367460,+3.42,+16.670, +5.228,+0.967
1636367520,+3.42,+16.687, +5.228,+0.967
1636367580,+3.42,+16.670, +5.226,+0.967
1636367640,+3.42,+16.687, +5.220,+0.967
1636367700,+3.42,+16.662, +5.233,+0.967
1636367760,+3.42,+16.670, +5.244,+0.967
1636367820,+3.42,+16.670, +5.242,+0.967
1636367880,+3.42,+16.662, +5.234,+0.967
1636367940,+3.42,+16.670, +5.219,+0.967
1636368000,+3.42,+16.670, +5.213,+0.967
1636368060,+3.42,+16.679, +5.213,+0.967
1636368120,+3.42,+16.662, +5.215,+0.967
1636368180,+3.42,+16.679, +5.206,+0.967
1636368240,+3.42,+16.679, +5.201,+0.968
1636368300,+3.42,+16.696, +5.187,+0.967
1636368360,+3.42,+16.670, +5.199,+0.968
1636368420,+3.42,+16.662, +5.193,+0.967
1636368480,+3.42,+16.662, +5.188,+0.967
1636368540,+3.42,+16.679, +5.174,+0.967
1636368600,+3.42,+16.679, +5.179,+0.968
1636368660,+3.42,+16.687, +5.168,+0.967
1636368720,+3.42,+16.679, +5.162,+0.967
1636368780,+3.42,+16.670, +5.162,+0.968
1636368840,+3.42,+16.662, +5.154,+0.968
1636368900,+3.42,+16.670, +5.147,+0.967
1636368960,+3.42,+16.653, +5.139,+0.967
1636369020,+3.42,+16.662, +5.139,+0.968
1636369080,+3.42,+16.662, +5.130,+0.967
1636369140,+3.42,+16.670, +5.127,+0.967
1636369200,+3.42,+16.670, +5.122,+0.967
1636369260,+3.42,+16.645, +5.129,+0.968
1636369320,+3.42,+16.679, +5.116,+0.968
1636369380,+3.42,+16.662, +5.109,+0.967
1636369440,+3.42,+16.653, +5.089,+0.967
1636369500,+3.42,+16.645, +5.083,+0.967
1636369560,+3.42,+16.653, +5.078,+0.968
1636369620,+3.42,+16.645, +5.090,+0.968
1636369680,+3.42,+16.653, +5.096,+0.967
1636369740,+3.42,+16.653, +5.111,+0.967
1636369800,+3.42,+16.653, +5.136,+0.967
1636369860,+3.42,+16.662, +5.144,+0.967
1636369920,+3.42,+16.670, +5.144,+0.967
1636369980,+3.42,+16.653, +5.151,+0.967
1636370040,+3.42,+16.653, +5.160,+0.968
1636370100,+3.42,+16.645, +5.151,+0.968
1636370160,+3.42,+16.636, +5.146,+0.968
1636370220,+3.42,+16.653, +5.129,+0.967
1636370280,+3.42,+16.653, +5.120,+0.967
1636370340,+3.42,+16.662, +5.111,+0.967
1636370400,+3.42,+16.653, +5.108,+0.967
1636370460,+3.42,+16.645, +5.101,+0.968
1636370520,+3.42,+16.636, +5.105,+0.967
1636370580,+3.42,+16.653, +5.100,+0.967
1636370640,+3.42,+16.662, +5.092,+0.967
1636370700,+3.42,+16.645, +5.085,+0.967
1636370760,+3.42,+16.653, +5.081,+0.968
1636370820,+3.42,+16.653, +5.074,+0.967
1636370880,+3.42,+16.670, +5.071,+0.968
1636370940,+3.42,+16.645, +5.087,+0.967
1636371000,+3.42,+16.636, +5.098,+0.968
1636371060,+3.42,+16.645, +5.084,+0.967
1636371120,+3.42,+16.653, +5.094,+0.968
1636371180,+3.42,+16.645, +5.085,+0.967
1636371240,+3.42,+16.636, +5.068,+0.967
1636371300,+3.42,+16.636, +5.070,+0.968
1636371360,+3.42,+16.636, +5.069,+0.968
1636371420,+3.42,+16.628, +5.072,+0.967
1636371480,+3.42,+16.619, +5.066,+0.967
1636371540,+3.42,+16.636, +5.062,+0.967
1636371600,+3.42,+16.645, +5.054,+0.967
1636371660,+3.42,+16.636, +5.050,+0.968
1636371720,+3.42,+16.662, +5.046,+0.968
1636371780,+3.42,+16.628, +5.041,+0.967
1636371840,+3.42,+16.645, +5.046,+0.967
1636371900,+3.42,+16.636, +5.049,+0.967
1636371960,+3.42,+16.636, +5.053,+0.968
1636372020,+3.42,+16.628, +5.051,+0.967
1636372080,+3.42,+16.645, +5.046,+0.967
1636372140,+3.42,+16.619, +5.057,+0.968
1636372200,+3.42,+16.619, +5.048,+0.967
1636372260,+3.42,+16.636, +5.040,+0.967
1636372320,+3.42,+16.628, +5.031,+0.967
1636372380,+3.42,+16.628, +5.031,+0.967
1636372440,+3.42,+16.628, +5.033,+0.968
1636372500,+3.42,+16.636, +5.032,+0.968
1636372560,+3.42,+16.611, +5.033,+0.967
1636372620,+3.42,+16.619, +5.042,+0.968
1636372680,+3.42,+16.619, +5.040,+0.968
1636372740,+3.42,+16.636, +5.037,+0.968
1636372800,+3.42,+16.636, +5.028,+0.967
1636372860,+3.42,+16.628, +5.027,+0.968
1636372920,+3.42,+16.628, +5.020,+0.968
1636372980,+3.42,+16.636, +4.914,+0.968
1636373040,+3.42,+16.619, +4.879,+0.967
1636373100,+3.42,+16.628, +4.868,+0.968
1636373160,+3.42,+16.619, +4.848,+0.967
1636373220,+3.42,+16.611, +4.842,+0.968
1636373280,+3.42,+16.636, +4.824,+0.968
1636373340,+3.42,+16.619, +4.804,+0.967
1636373400,+3.42,+16.619, +4.801,+0.968
1636373460,+3.42,+16.611, +4.793,+0.968
1636373520,+3.42,+16.619, +4.778,+0.967
1636373580,+3.42,+16.611, +4.770,+0.967
1636373640,+3.42,+16.602, +4.761,+0.967
1636373700,+3.42,+16.619, +4.752,+0.967
1636373760,+3.42,+16.619, +4.752,+0.968
1636373820,+3.42,+16.628, +4.748,+0.968
1636373880,+3.42,+16.636, +4.748,+0.968
1636373940,+3.42,+16.611, +4.756,+0.968
1636374000,+3.42,+16.619, +4.749,+0.967
1636374060,+3.42,+16.619, +4.751,+0.968
1636374120,+3.42,+16.619, +4.741,+0.967
1636374180,+3.42,+16.628, +4.734,+0.967
1636374240,+3.42,+16.594, +4.726,+0.967
1636374300,+3.42,+16.619, +4.724,+0.968
1636374360,+3.42,+16.619, +4.724,+0.968
1636374420,+3.42,+16.611, +4.730,+0.967
1636374480,+3.42,+16.611, +4.738,+0.968
1636374540,+3.42,+16.619, +4.746,+0.968
1636374600,+3.42,+16.611, +4.749,+0.967
1636374660,+3.42,+16.611, +4.749,+0.967
1636374720,+3.42,+16.602, +4.754,+0.968
1636374780,+3.42,+16.602, +4.752,+0.967
1636374840,+3.42,+16.602, +4.757,+0.968
1636374900,+3.42,+16.602, +4.749,+0.968
1636374960,+3.42,+16.611, +4.755,+0.968
1636375020,+3.42,+16.602, +4.782,+0.968
1636375080,+3.42,+16.602, +4.793,+0.968
1636375140,+3.42,+16.619, +4.797,+0.968
1636375200,+3.42,+16.594, +4.803,+0.968
1636375260,+3.42,+16.594, +4.813,+0.968
1636375320,+3.42,+16.594, +4.812,+0.968
1636375380,+3.42,+16.594, +4.807,+0.967
1636375440,+3.42,+16.585, +4.820,+0.968
1636375500,+3.42,+16.594, +4.822,+0.968
1636375560,+3.42,+16.594, +4.814,+0.968
1636375620,+3.42,+16.576, +4.793,+0.967
1636375680,+3.42,+16.602, +4.774,+0.968
1636375740,+3.42,+16.619, +4.750,+0.967
1636375800,+3.42,+16.602, +4.749,+0.968
1636375860,+3.42,+16.602, +4.749,+0.968
1636375920,+3.42,+16.611, +4.742,+0.967
1636375980,+3.42,+16.611, +4.746,+0.968
1636376040,+3.42,+16.594, +4.743,+0.968
1636376100,+3.42,+16.585, +4.764,+0.967
1636376160,+3.42,+16.585, +4.796,+0.967
1636376220,+3.42,+16.576, +4.823,+0.968
1636376280,+3.42,+16.594, +4.826,+0.968
1636376340,+3.42,+16.576, +4.828,+0.968
1636376400,+3.42,+16.585, +4.825,+0.968
1636376460,+3.42,+16.585, +4.813,+0.967
1636376520,+3.42,+16.594, +4.807,+0.967
1636376580,+3.42,+16.559, +4.802,+0.968
1636376640,+3.42,+16.576, +4.792,+0.967
1636376700,+3.42,+16.585, +4.792,+0.968
1636376760,+3.42,+16.576, +4.792,+0.968
1636376820,+3.42,+16.602, +4.764,+0.968
1636376880,+3.42,+16.602, +4.759,+0.968
1636376940,+3.42,+16.594, +4.762,+0.968
1636377000,+3.42,+16.576, +4.755,+0.967
1636377060,+3.42,+16.585, +4.767,+0.968
1636377120,+3.42,+16.576, +4.774,+0.967
1636377180,+3.42,+16.576, +4.775,+0.967
1636377240,+3.42,+16.576, +4.770,+0.967
1636377300,+3.42,+16.585, +4.770,+0.967
1636377360,+3.42,+16.576, +4.774,+0.968
1636377420,+3.42,+16.585, +4.766,+0.967
1636377480,+3.42,+16.576, +4.757,+0.968
1636377540,+3.42,+16.594, +4.739,+0.968
1636377600,+3.42,+16.585, +4.715,+0.968
1636377660,+3.42,+16.602, +4.700,+0.968
1636377720,+3.42,+16.568, +4.695,+0.968
1636377780,+3.42,+16.576, +4.694,+0.968
1636377840,+3.42,+16.576, +4.677,+0.968
1636377900,+3.42,+16.602, +4.662,+0.967
1636377960,+3.42,+16.576, +4.668,+0.967
1636378020,+3.42,+16.568, +4.677,+0.967
1636378080,+3.42,+16.576, +4.693,+0.967
1636378140,+3.42,+16.576, +4.712,+0.968
1636378200,+3.42,+16.576, +4.721,+0.967
1636378260,+3.42,+16.585, +4.729,+0.967
1636378320,+3.42,+16.585, +4.732,+0.968
1636378380,+3.42,+16.594, +4.729,+0.967
1636378440,+3.42,+16.585, +4.756,+0.968
1636378500,+3.42,+16.585, +4.761,+0.967
1636378560,+3.42,+16.576, +4.756,+0.968
1636378620,+3.42,+16.576, +4.753,+0.967
1636378680,+3.42,+16.585, +4.770,+0.968
1636378740,+3.42,+16.576, +4.781,+0.968
1636378800,+3.42,+16.594, +4.760,+0.967
1636378860,+3.42,+16.585, +4.756,+0.968
1636378920,+3.42,+16.576, +4.759,+0.967
1636378980,+3.42,+16.585, +4.765,+0.967
1636379040,+3.42,+16.585, +4.779,+0.967
1636379100,+3.42,+16.585, +4.801,+0.968
1636379160,+3.42,+16.576, +4.802,+0.968
1636379220,+3.42,+16.576, +4.781,+0.967
1636379280,+3.42,+16.585, +4.770,+0.967
1636379340,+3.42,+16.559, +4.783,+0.968
1636379400,+3.42,+16.576, +4.792,+0.968
1636379460,+3.42,+16.576, +4.794,+0.967
1636379520,+3.42,+16.576, +4.793,+0.968
1636379580,+3.42,+16.576, +4.796,+0.967
1636379640,+3.42,+16.559, +4.795,+0.967
1636379700,+3.42,+16.576, +4.788,+0.968
1636379760,+3.42,+16.585, +4.770,+0.968
1636379820,+3.42,+16.576, +4.782,+0.968
1636379880,+3.42,+16.559, +4.767,+0.968
1636379940,+3.42,+16.585, +4.732,+0.968
1636380000,+3.42,+16.585, +4.718,+0.968
1636380060,+3.42,+16.576, +4.735,+0.967
1636380120,+3.42,+16.568, +4.754,+0.967
1636380180,+3.42,+16.585, +4.775,+0.968
1636380240,+3.42,+16.576, +4.774,+0.967
1636380300,+3.42,+16.585, +4.784,+0.967
1636380360,+3.42,+16.551, +4.801,+0.967
1636380420,+3.42,+16.576, +4.778,+0.967
1636380480,+3.42,+16.568, +4.759,+0.967
1636380540,+3.42,+16.559, +4.771,+0.968
1636380600,+3.42,+16.576, +4.769,+0.968
1636380660,+3.42,+16.594, +4.765,+0.967
1636380720,+3.42,+16.559, +4.771,+0.968
1636380780,+3.42,+16.568, +4.778,+0.968
1636380840,+3.42,+16.585, +4.776,+0.968
1636380900,+3.42,+16.559, +4.770,+0.967
1636380960,+3.42,+16.568, +4.764,+0.968
1636381020,+3.42,+16.559, +4.743,+0.967
1636381080,+3.42,+16.594, +4.728,+0.968
1636381140,+3.42,+16.568, +4.729,+0.968
1636381200,+3.42,+16.594, +4.724,+0.968
1636381260,+3.42,+16.576, +4.729,+0.967
1636381320,+3.42,+16.602, +4.729,+0.967
1636381380,+3.42,+16.576, +4.736,+0.968
1636381440,+3.42,+16.585, +4.732,+0.967
1636381500,+3.42,+16.594, +4.737,+0.967
1636381560,+3.42,+16.576, +4.751,+0.968
1636381620,+3.42,+16.594, +4.740,+0.967
1636381680,+3.42,+16.585, +4.744,+0.968
1636381740,+3.42,+16.568, +4.743,+0.967
1636381800,+3.42,+16.585, +4.753,+0.967
1636381860,+3.42,+16.585, +4.762,+0.967
1636381920,+3.42,+16.576, +4.766,+0.968
1636381980,+3.42,+16.585, +4.765,+0.968
1636382040,+3.42,+16.576, +4.767,+0.968
1636382100,+3.42,+16.576, +4.771,+0.968
1636382160,+3.42,+16.585, +4.760,+0.967
1636382220,+3.42,+16.576, +4.776,+0.968
1636382280,+3.42,+16.585, +4.770,+0.967
1636382340,+3.42,+16.568, +4.775,+0.967
1636382400,+3.42,+16.576, +4.779,+0.968
1636382460,+3.42,+16.585, +4.783,+0.968
1636382520,+3.42,+16.585, +4.771,+0.967
1636382580,+3.42,+16.594, +4.767,+0.967
1636382640,+3.42,+16.576, +4.767,+0.967
1636382700,+3.42,+16.585, +4.753,+0.967
1636382760,+3.42,+16.585, +4.765,+0.968
1636382820,+3.42,+16.576, +4.760,+0.967
1636382880,+3.42,+16.585, +4.738,+0.967
1636382940,+3.42,+16.594, +4.746,+0.967
1636383000,+3.42,+16.594, +4.745,+0.967
1636383060,+3.42,+16.602, +4.745,+0.967
1636383120,+3.42,+16.594, +4.742,+0.967
1636383180,+3.42,+16.602, +4.737,+0.968
1636383240,+3.42,+16.585, +4.733,+0.968
1636383300,+3.42,+16.594, +4.727,+0.968
1636383360,+3.42,+16.602, +4.704,+0.967
1636383420,+3.42,+16.611, +4.685,+0.968
1636383480,+3.42,+16.594, +4.681,+0.968
1636383540,+3.42,+16.602, +4.671,+0.967
1636383600,+3.42,+16.568, +4.668,+0.968
1636383660,+3.42,+16.602, +4.656,+0.967
1636383720,+3.42,+16.594, +4.668,+0.968
1636383780,+3.42,+16.585, +4.677,+0.968
1636383840,+3.42,+16.594, +4.668,+0.967
1636383900,+3.42,+16.602, +4.670,+0.968
1636383960,+3.42,+16.594, +4.668,+0.968
1636384020,+3.42,+16.576, +4.714,+0.967
1636384080,+3.42,+16.585, +4.753,+0.968
1636384140,+3.42,+16.594, +4.748,+0.968
1636384200,+3.42,+16.594, +4.720,+0.968
1636384260,+3.42,+16.585, +4.735,+0.968
1636384320,+3.42,+16.594, +4.732,+0.967
1636384380,+3.42,+16.585, +4.730,+0.967
1636384440,+3.42,+16.602, +4.738,+0.968
1636384500,+3.42,+16.585, +4.765,+0.967
1636384560,+3.42,+16.585, +4.800,+0.967
1636384620,+3.42,+16.594, +4.794,+0.967
1636384680,+3.42,+16.585, +4.810,+0.968
1636384740,+3.42,+16.585, +4.806,+0.968
1636384800,+3.42,+16.585, +4.805,+0.968
1636384860,+3.42,+16.594, +4.811,+0.967
1636384920,+3.42,+16.594, +4.804,+0.968
1636384980,+3.42,+16.594, +4.788,+0.968
1636385040,+3.42,+16.594, +4.784,+0.967
1636385100,+3.42,+16.602, +4.770,+0.968
1636385160,+3.42,+16.585, +4.768,+0.968
1636385220,+3.42,+16.594, +4.780,+0.967
1636385280,+3.42,+16.585, +4.780,+0.968
1636385340,+3.42,+16.602, +4.794,+0.968
1636385400,+3.42,+16.602, +4.792,+0.967
1636385460,+3.42,+16.594, +4.788,+0.968
1636385520,+3.42,+16.602, +4.779,+0.967
1636385580,+3.42,+16.594, +4.778,+0.968
1636385640,+3.42,+16.602, +4.779,+0.968
1636385700,+3.42,+16.594, +4.790,+0.968
1636385760,+3.42,+16.585, +4.798,+0.968
1636385820,+3.42,+16.602, +4.801,+0.968
1636385880,+3.42,+16.594, +4.800,+0.967
1636385940,+3.42,+16.602, +4.786,+0.967
1636386000,+3.42,+16.602, +4.784,+0.967
1636386060,+3.42,+16.585, +4.784,+0.968
1636386120,+3.42,+16.585, +4.782,+0.967
1636386180,+3.42,+16.585, +4.786,+0.967
1636386240,+3.42,+16.602, +4.785,+0.968
1636386300,+3.42,+16.602, +4.786,+0.967
1636386360,+3.42,+16.585, +4.800,+0.968
1636386420,+3.42,+16.611, +4.797,+0.967
1636386480,+3.42,+16.602, +4.806,+0.967
1636386540,+3.42,+16.594, +4.810,+0.967
1636386600,+3.42,+16.594, +4.817,+0.967
1636386660,+3.42,+16.594, +4.815,+0.967
1636386720,+3.42,+16.611, +4.810,+0.967
1636386780,+3.42,+16.585, +4.819,+0.968
1636386840,+3.42,+16.602, +4.811,+0.967
1636386900,+3.42,+16.602, +4.813,+0.968
1636386960,+3.42,+16.594, +4.797,+0.967
1636387020,+3.42,+16.594, +4.755,+0.967
1636387080,+3.42,+16.602, +4.792,+0.967
1636387140,+3.42,+16.602, +4.813,+0.967
1636387200,+3.42,+16.585, +4.831,+0.968
1636387260,+3.42,+16.602, +4.844,+0.967
1636387320,+3.42,+16.576, +4.850,+0.967
1636387380,+3.42,+16.594, +4.844,+0.968
1636387440,+3.42,+16.594, +4.835,+0.967
1636387500,+3.42,+16.594, +4.842,+0.968
1636387560,+3.42,+16.602, +4.845,+0.968
1636387620,+3.42,+16.594, +4.851,+0.968
1636387680,+3.42,+16.611, +4.853,+0.968
1636387740,+3.42,+16.594, +4.843,+0.967
1636387800,+3.42,+16.602, +4.829,+0.967
1636387860,+3.42,+16.628, +4.836,+0.967
1636387920,+3.42,+16.602, +4.848,+0.968
1636387980,+3.42,+16.602, +4.857,+0.968
1636388040,+3.42,+16.594, +4.884,+0.968
1636388100,+3.42,+16.611, +4.884,+0.968
1636388160,+3.42,+16.611, +4.871,+0.967
1636388220,+3.42,+16.611, +4.870,+0.967
1636388280,+3.42,+16.611, +4.853,+0.967
1636388340,+3.42,+16.628, +4.845,+0.967
1636388400,+3.42,+16.611, +4.843,+0.967
1636388460,+3.42,+16.594, +4.839,+0.968
1636388520,+3.42,+16.611, +4.837,+0.968
1636388580,+3.42,+16.611, +4.841,+0.968
1636388640,+3.42,+16.611, +4.833,+0.967
1636388700,+3.42,+16.611, +4.833,+0.968
1636388760,+3.42,+16.611, +4.828,+0.968
1636388820,+3.42,+16.594, +4.834,+0.968
1636388880,+3.42,+16.628, +4.819,+0.967
1636388940,+3.42,+16.611, +4.819,+0.968
1636389000,+3.42,+16.602, +4.817,+0.968
1636389060,+3.42,+16.611, +4.825,+0.968
1636389120,+3.42,+16.611, +4.814,+0.967
1636389180,+3.42,+16.611, +4.813,+0.967
1636389240,+3.42,+16.602, +4.824,+0.968
1636389300,+3.42,+16.611, +4.821,+0.967
1636389360,+3.42,+16.619, +4.822,+0.967
1636389420,+3.42,+16.611, +4.820,+0.968
1636389480,+3.42,+16.602, +4.816,+0.967
1636389540,+3.42,+16.611, +4.813,+0.967
1636389600,+3.42,+16.594, +4.811,+0.968
1636389660,+3.42,+16.602, +4.807,+0.967
1636389720,+3.42,+16.619, +4.807,+0.967
1636389780,+3.42,+16.611, +4.815,+0.967
1636389840,+3.42,+16.602, +4.831,+0.967
1636389900,+3.42,+16.602, +4.833,+0.967
1636389960,+3.42,+16.611, +4.828,+0.968
1636390020,+3.42,+16.628, +4.812,+0.968
1636390080,+3.42,+16.602, +4.822,+0.967
