7450-675903
OS REV: 1.05 Sensor Cal: 1615486687
Time (sec),  BV (Volts),  T (deg C),  DO (mg/l),  Q ()
1636217340,+3.45,+21.196, +9.297,+0.966
1636217400,+3.45,+20.720, +9.385,+0.966
1636217460,+3.45,+20.393, +9.436,+0.965
1636217520,+3.45,+20.226, +9.487,+0.965
1636217580,+3.45,+20.134, +9.525,+0.966
1636217640,+3.45,+20.025, +9.556,+0.966
1636217700,+3.45,+19.966, +9.570,+0.967
1636217760,+3.45,+19.882, +9.590,+0.967
1636217820,+3.45,+19.866, +9.560,+0.967
1636217880,+3.45,+19.815, +9.589,+0.967
1636217940,+3.45,+19.807, +9.606,+0.967
1636218000,+3.45,+19.782, +9.629,+0.967
1636218060,+3.45,+19.782, +9.625,+0.967
1636218120,+3.45,+19.773, +9.618,+0.968
1636218180,+3.45,+19.740, +9.634,+0.968
1636218240,+3.45,+19.773, +9.628,+0.968
1636218300,+3.45,+19.731, +9.636,+0.968
1636218360,+3.45,+19.748, +9.630,+0.968
1636218420,+3.45,+19.740, +9.639,+0.968
1636218480,+3.45,+19.740, +9.643,+0.968
1636218540,+3.45,+19.740, +9.649,+0.968
1636218600,+3.45,+19.757, +9.659,+0.968
1636218660,+3.45,+19.765, +9.648,+0.968
1636218720,+3.45,+19.773, +9.660,+0.968
1636218780,+3.45,+19.798, +9.653,+0.969
1636218840,+3.45,+19.790, +9.664,+0.969
1636218900,+3.45,+19.807, +9.656,+0.968
1636218960,+3.45,+19.798, +9.674,+0.969
1636219020,+3.45,+19.815, +9.663,+0.969
1636219080,+3.45,+19.849, +9.639,+0.968
1636219140,+3.45,+19.840, +9.690,+0.970
1636219200,+3.45,+19.849, +9.664,+0.968
1636219260,+3.45,+19.832, +9.684,+0.969
1636219320,+3.45,+19.840, +9.701,+0.969
1636219380,+3.44,+19.840, +9.697,+0.969
1636219440,+3.45,+19.857, +9.689,+0.969
1636219500,+3.44,+19.866, +9.702,+0.969
1636219560,+3.44,+19.882, +9.684,+0.969
1636219620,+3.44,+19.882, +9.681,+0.969
1636219680,+3.44,+19.924, +9.679,+0.969
1636219740,+3.44,+19.941, +9.683,+0.969
1636219800,+3.44,+19.958, +9.692,+0.969
1636219860,+3.44,+19.991, +9.694,+0.970
1636219920,+3.44,+19.991, +9.699,+0.969
1636219980,+3.44,+20.033, +9.695,+0.969
1636220040,+3.44,+20.025, +9.705,+0.969
1636220100,+3.45,+20.041, +9.717,+0.970
1636220160,+3.45,+20.058, +9.704,+0.969
1636220220,+3.45,+20.083, +9.709,+0.970
1636220280,+3.45,+20.117, +9.697,+0.969
1636220340,+3.45,+20.125, +9.711,+0.969
1636220400,+3.45,+20.134, +9.726,+0.970
1636220460,+3.45,+20.134, +9.726,+0.969
1636220520,+3.45,+20.125, +9.721,+0.969
1636220580,+3.45,+20.134, +9.737,+0.970
1636220640,+3.45,+20.108, +9.714,+0.969
1636220700,+3.45,+20.100, +9.721,+0.969
1636220760,+3.45,+20.092, +9.722,+0.969
1636220820,+3.45,+20.092, +9.715,+0.969
1636220880,+3.45,+20.083, +9.721,+0.969
1636220940,+3.45,+20.075, +9.722,+0.968
1636221000,+3.45,+20.075, +9.755,+0.970
1636221060,+3.45,+20.050, +9.760,+0.970
1636221120,+3.45,+20.067, +9.734,+0.968
1636221180,+3.45,+20.025, +9.761,+0.969
1636221240,+3.44,+20.025, +9.755,+0.969
1636221300,+3.44,+19.991, +9.758,+0.969
1636221360,+3.44,+19.991, +9.736,+0.969
1636221420,+3.44,+19.974, +9.766,+0.970
1636221480,+3.44,+19.958, +9.764,+0.969
1636221540,+3.44,+19.949, +9.764,+0.969
1636221600,+3.44,+19.949, +9.764,+0.969
1636221660,+3.44,+19.924, +9.760,+0.969
1636221720,+3.44,+19.924, +9.769,+0.970
1636221780,+3.44,+19.907, +9.779,+0.969
1636221840,+3.44,+19.916, +9.773,+0.969
1636221900,+3.44,+19.941, +9.760,+0.969
1636221960,+3.44,+19.933, +9.764,+0.969
1636222020,+3.44,+19.949, +9.772,+0.969
1636222080,+3.44,+19.941, +9.785,+0.970
1636222140,+3.44,+19.966, +9.782,+0.970
1636222200,+3.44,+19.966, +9.775,+0.969
1636222260,+3.44,+19.991, +9.765,+0.969
1636222320,+3.44,+19.983, +9.787,+0.970
1636222380,+3.44,+19.991, +9.771,+0.969
1636222440,+3.44,+19.991, +9.775,+0.969
1636222500,+3.44,+20.008, +9.771,+0.969
1636222560,+3.45,+20.033, +9.779,+0.970
1636222620,+3.44,+20.033, +9.778,+0.970
1636222680,+3.44,+20.050, +9.764,+0.969
1636222740,+3.45,+20.058, +9.773,+0.970
1636222800,+3.44,+20.058, +9.765,+0.969
1636222860,+3.44,+20.067, +9.745,+0.969
1636222920,+3.45,+20.083, +9.750,+0.969
1636222980,+3.45,+20.108, +9.752,+0.969
1636223040,+3.45,+20.075, +9.761,+0.969
1636223100,+3.45,+20.100, +9.751,+0.969
1636223160,+3.45,+20.108, +9.762,+0.969
1636223220,+3.45,+20.117, +9.754,+0.969
1636223280,+3.45,+20.083, +9.767,+0.969
1636223340,+3.45,+20.075, +9.783,+0.970
1636223400,+3.45,+20.108, +9.777,+0.970
1636223460,+3.45,+20.100, +9.767,+0.970
1636223520,+3.45,+20.117, +9.774,+0.970
1636223580,+3.45,+20.117, +9.765,+0.970
1636223640,+3.45,+20.100, +9.763,+0.970
1636223700,+3.45,+20.117, +9.737,+0.969
1636223760,+3.45,+20.134, +9.751,+0.969
1636223820,+3.45,+20.142, +9.758,+0.969
1636223880,+3.45,+20.150, +9.753,+0.969
1636223940,+3.45,+20.150, +9.743,+0.968
1636224000,+3.45,+20.159, +9.771,+0.970
1636224060,+3.45,+20.184, +9.769,+0.969
1636224120,+3.45,+20.192, +9.777,+0.970
1636224180,+3.45,+20.234, +9.790,+0.970
1636224240,+3.45,+20.351, +9.791,+0.969
1636224300,+3.44,+20.443, +9.769,+0.970
1636224360,+3.44,+20.527, +9.747,+0.970
1636224420,+3.44,+20.561, +9.739,+0.970
1636224480,+3.44,+20.602, +9.724,+0.970
1636224540,+3.44,+20.611, +9.727,+0.970
1636224600,+3.44,+20.644, +9.709,+0.970
1636224660,+3.44,+20.636, +9.727,+0.971
1636224720,+3.44,+20.653, +9.709,+0.970
1636224780,+3.44,+20.636, +9.714,+0.970
1636224840,+3.44,+20.644, +9.724,+0.970
1636224900,+3.44,+20.644, +9.722,+0.970
1636224960,+3.44,+20.661, +9.708,+0.970
1636225020,+3.44,+20.644, +9.724,+0.971
1636225080,+3.44,+20.628, +9.725,+0.970
1636225140,+3.44,+20.644, +9.716,+0.970
1636225200,+3.44,+20.636, +9.736,+0.970
1636225260,+3.44,+20.586, +8.868,+0.967
1636225320,+3.44,+20.586, +8.881,+0.966
1636225380,+3.44,+20.494, +8.876,+0.966
1636225440,+3.44,+19.824, +8.226,+0.964
1636225500,+3.44,+18.884, +5.058,+0.964
1636225560,+3.45,+18.337, +5.005,+0.964
1636225620,+3.45,+18.016, +4.981,+0.964
1636225680,+3.44,+17.746, +4.464,+0.965
1636225740,+3.44,+17.611, +4.622,+0.966
1636225800,+3.44,+17.552, +4.648,+0.966
1636225860,+3.45,+17.450, +4.594,+0.966
1636225920,+3.45,+17.366, +4.497,+0.966
1636225980,+3.45,+17.298, +4.463,+0.966
1636226040,+3.45,+17.256, +4.477,+0.966
1636226100,+3.45,+17.239, +4.489,+0.967
1636226160,+3.45,+17.213, +4.488,+0.967
1636226220,+3.45,+17.171, +4.502,+0.967
1636226280,+3.45,+17.179, +4.536,+0.967
1636226340,+3.45,+17.128, +4.543,+0.967
1636226400,+3.45,+17.112, +4.528,+0.967
1636226460,+3.45,+17.095, +4.530,+0.967
1636226520,+3.45,+17.078, +4.509,+0.967
1636226580,+3.45,+17.061, +4.505,+0.968
1636226640,+3.45,+17.052, +4.500,+0.967
1636226700,+3.45,+17.052, +4.503,+0.967
1636226760,+3.45,+17.027, +4.497,+0.968
1636226820,+3.45,+17.010, +4.493,+0.968
1636226880,+3.45,+17.001, +4.492,+0.968
1636226940,+3.45,+16.993, +4.494,+0.968
1636227000,+3.45,+17.001, +4.492,+0.968
1636227060,+3.45,+16.984, +4.507,+0.968
1636227120,+3.45,+16.993, +4.537,+0.968
1636227180,+3.45,+16.984, +4.590,+0.968
1636227240,+3.45,+17.010, +4.648,+0.968
1636227300,+3.45,+17.010, +4.634,+0.968
1636227360,+3.45,+17.001, +4.663,+0.968
1636227420,+3.45,+16.993, +4.665,+0.968
1636227480,+3.45,+16.976, +4.550,+0.968
1636227540,+3.45,+16.984, +4.516,+0.968
1636227600,+3.45,+16.984, +4.519,+0.968
1636227660,+3.45,+16.984, +4.567,+0.968
1636227720,+3.45,+16.993, +4.642,+0.968
1636227780,+3.45,+17.001, +4.639,+0.968
1636227840,+3.45,+16.984, +4.576,+0.968
1636227900,+3.45,+16.967, +4.543,+0.968
1636227960,+3.45,+16.993, +4.520,+0.968
1636228020,+3.45,+16.967, +4.532,+0.968
1636228080,+3.45,+16.967, +4.566,+0.968
1636228140,+3.45,+16.976, +4.571,+0.968
1636228200,+3.45,+16.959, +4.586,+0.968
1636228260,+3.45,+16.976, +4.625,+0.968
1636228320,+3.45,+16.950, +4.653,+0.968
1636228380,+3.45,+16.967, +4.657,+0.968
1636228440,+3.45,+16.967, +4.682,+0.967
1636228500,+3.45,+16.967, +4.685,+0.968
1636228560,+3.45,+16.950, +4.685,+0.968
1636228620,+3.45,+16.967, +4.674,+0.968
1636228680,+3.45,+16.959, +4.671,+0.968
1636228740,+3.45,+16.942, +4.652,+0.968
1636228800,+3.45,+16.950, +4.652,+0.968
1636228860,+3.45,+16.959, +4.659,+0.968
1636228920,+3.45,+16.950, +4.643,+0.968
1636228980,+3.45,+16.933, +4.600,+0.968
1636229040,+3.45,+16.942, +4.582,+0.968
1636229100,+3.45,+16.942, +4.582,+0.968
1636229160,+3.45,+16.933, +4.620,+0.968
1636229220,+3.45,+16.950, +4.654,+0.968
1636229280,+3.45,+16.959, +4.718,+0.968
1636229340,+3.45,+16.950, +4.748,+0.968
1636229400,+3.45,+16.959, +4.749,+0.968
1636229460,+3.45,+16.959, +4.720,+0.968
1636229520,+3.45,+16.959, +4.709,+0.968
1636229580,+3.45,+16.959, +4.716,+0.968
1636229640,+3.45,+16.984, +4.722,+0.968
1636229700,+3.45,+16.967, +4.690,+0.968
1636229760,+3.45,+16.959, +4.663,+0.968
1636229820,+3.45,+16.959, +4.665,+0.968
1636229880,+3.45,+16.976, +4.658,+0.968
1636229940,+3.45,+16.976, +4.654,+0.968
1636230000,+3.45,+16.959, +4.648,+0.968
1636230060,+3.45,+16.959, +4.622,+0.968
1636230120,+3.45,+16.959, +4.577,+0.968
1636230180,+3.45,+16.950, +1.961,+0.939
1636230240,+3.45,+16.950, +1.854,+0.946
1636230300,+3.45,+16.959, +1.768,+0.951
1636230360,+3.45,+16.959, +1.740,+0.955
1636230420,+3.45,+16.967, +1.760,+0.956
1636230480,+3.45,+16.967, +1.788,+0.956
1636230540,+3.45,+16.976, +1.787,+0.958
1636230600,+3.45,+16.967, +1.815,+0.959
1636230660,+3.45,+16.959, +1.853,+0.960
1636230720,+3.45,+16.967, +1.885,+0.961
1636230780,+3.45,+16.959, +1.920,+0.961
1636230840,+3.45,+16.959, +1.974,+0.961
1636230900,+3.45,+16.959, +2.001,+0.962
1636230960,+3.45,+16.959, +2.030,+0.962
1636231020,+3.45,+16.967, +2.078,+0.962
1636231080,+3.45,+16.984, +2.094,+0.962
1636231140,+3.45,+16.976, +2.118,+0.963
1636231200,+3.45,+16.967, +2.166,+0.963
1636231260,+3.45,+16.959, +2.218,+0.962
1636231320,+3.44,+16.976, +2.245,+0.963
1636231380,+3.45,+16.984, +2.296,+0.963
1636231440,+3.45,+16.967, +2.346,+0.963
1636231500,+3.45,+16.976, +2.379,+0.963
1636231560,+3.45,+16.976, +2.403,+0.964
1636231620,+3.45,+16.967, +2.436,+0.964
1636231680,+3.44,+16.976, +2.494,+0.964
1636231740,+3.45,+16.984, +2.542,+0.964
1636231800,+3.44,+16.984, +2.582,+0.964
1636231860,+3.45,+16.984, +2.625,+0.964
1636231920,+3.44,+16.984, +2.661,+0.964
1636231980,+3.45,+16.976, +2.694,+0.965
1636232040,+3.44,+16.993, +2.728,+0.965
1636232100,+3.44,+16.984, +2.762,+0.966
1636232160,+3.44,+17.001, +2.797,+0.966
1636232220,+3.44,+17.001, +2.859,+0.965
1636232280,+3.44,+16.993, +2.896,+0.966
1636232340,+3.44,+17.001, +2.922,+0.966
1636232400,+3.44,+16.984, +2.953,+0.966
1636232460,+3.44,+17.010, +2.977,+0.966
1636232520,+3.44,+17.001, +3.020,+0.966
1636232580,+3.44,+17.010, +3.057,+0.967
1636232640,+3.44,+17.018, +3.102,+0.967
1636232700,+3.44,+17.001, +3.143,+0.966
1636232760,+3.44,+17.010, +3.147,+0.967
1636232820,+3.44,+17.001, +3.157,+0.967
1636232880,+3.44,+17.018, +3.168,+0.967
1636232940,+3.44,+17.001, +3.209,+0.968
1636233000,+3.44,+17.010, +3.226,+0.968
1636233060,+3.44,+17.010, +3.256,+0.968
1636233120,+3.44,+17.018, +3.315,+0.968
1636233180,+3.44,+17.027, +3.340,+0.968
1636233240,+3.44,+17.018, +3.380,+0.968
1636233300,+3.44,+17.018, +3.439,+0.967
1636233360,+3.44,+17.010, +3.440,+0.968
1636233420,+3.44,+17.001, +3.452,+0.968
1636233480,+3.44,+17.001, +3.485,+0.969
1636233540,+3.44,+16.993, +3.498,+0.968
1636233600,+3.44,+17.010, +3.529,+0.969
1636233660,+3.44,+17.010, +3.558,+0.968
1636233720,+3.44,+17.010, +3.577,+0.969
1636233780,+3.44,+17.018, +3.596,+0.969
1636233840,+3.44,+17.018, +3.602,+0.969
1636233900,+3.44,+17.018, +3.622,+0.969
1636233960,+3.44,+17.027, +3.670,+0.969
1636234020,+3.44,+17.044, +3.696,+0.969
1636234080,+3.44,+17.044, +3.726,+0.969
1636234140,+3.44,+17.018, +3.760,+0.969
1636234200,+3.44,+17.027, +3.776,+0.969
1636234260,+3.44,+17.027, +3.776,+0.969
1636234320,+3.44,+17.027, +3.806,+0.969
1636234380,+3.44,+17.027, +3.830,+0.969
1636234440,+3.44,+17.035, +3.855,+0.969
1636234500,+3.44,+17.035, +3.882,+0.969
1636234560,+3.44,+17.027, +3.896,+0.969
1636234620,+3.44,+17.027, +3.911,+0.969
1636234680,+3.44,+17.035, +3.927,+0.969
1636234740,+3.44,+17.010, +3.941,+0.969
1636234800,+3.44,+17.027, +3.963,+0.969
1636234860,+3.44,+17.010, +3.993,+0.969
1636234920,+3.44,+17.044, +4.018,+0.969
1636234980,+3.44,+17.018, +4.035,+0.969
1636235040,+3.44,+17.018, +4.056,+0.969
1636235100,+3.44,+17.018, +4.084,+0.969
1636235160,+3.44,+17.001, +4.096,+0.969
1636235220,+3.44,+17.018, +4.105,+0.970
1636235280,+3.44,+17.027, +4.126,+0.970
1636235340,+3.44,+17.018, +4.162,+0.969
1636235400,+3.44,+17.035, +4.192,+0.969
1636235460,+3.44,+17.035, +4.210,+0.969
1636235520,+3.44,+17.018, +4.234,+0.969
1636235580,+3.44,+17.027, +4.235,+0.969
1636235640,+3.44,+17.027, +4.244,+0.969
1636235700,+3.44,+17.035, +4.266,+0.969
1636235760,+3.44,+17.035, +4.292,+0.969
1636235820,+3.44,+17.027, +4.326,+0.969
1636235880,+3.44,+17.035, +4.354,+0.970
1636235940,+3.44,+17.018, +4.362,+0.969
1636236000,+3.44,+17.044, +4.375,+0.969
1636236060,+3.44,+17.044, +4.405,+0.969
1636236120,+3.44,+17.052, +4.419,+0.969
1636236180,+3.44,+17.069, +4.441,+0.969
1636236240,+3.44,+17.069, +4.464,+0.969
1636236300,+3.44,+17.078, +4.479,+0.970
1636236360,+3.44,+17.103, +4.486,+0.970
1636236420,+3.44,+17.086, +4.502,+0.969
1636236480,+3.44,+17.086, +4.533,+0.969
1636236540,+3.44,+17.120, +4.541,+0.970
1636236600,+3.44,+17.103, +4.572,+0.969
1636236660,+3.44,+17.103, +4.594,+0.970
1636236720,+3.44,+17.103, +4.614,+0.970
1636236780,+3.44,+17.112, +4.624,+0.970
1636236840,+3.44,+17.128, +4.636,+0.969
1636236900,+3.44,+17.120, +4.654,+0.969
1636236960,+3.44,+17.137, +4.684,+0.970
1636237020,+3.44,+17.128, +4.711,+0.970
1636237080,+3.44,+17.137, +4.727,+0.969
1636237140,+3.44,+17.137, +4.739,+0.969
1636237200,+3.44,+17.154, +4.763,+0.969
1636237260,+3.44,+17.137, +4.788,+0.969
1636237320,+3.44,+17.128, +4.802,+0.970
1636237380,+3.44,+17.137, +4.811,+0.969
1636237440,+3.44,+17.120, +4.829,+0.969
1636237500,+3.44,+17.120, +4.845,+0.969
1636237560,+3.44,+17.145, +4.864,+0.969
1636237620,+3.44,+17.145, +4.884,+0.969
1636237680,+3.44,+17.154, +4.903,+0.969
1636237740,+3.44,+17.128, +4.935,+0.969
1636237800,+3.44,+17.120, +4.950,+0.969
1636237860,+3.44,+17.145, +4.954,+0.969
1636237920,+3.44,+17.137, +4.961,+0.969
1636237980,+3.44,+17.145, +4.971,+0.969
1636238040,+3.44,+17.137, +4.985,+0.969
1636238100,+3.44,+17.145, +4.990,+0.969
1636238160,+3.44,+17.145, +5.020,+0.970
1636238220,+3.44,+17.154, +5.026,+0.969
1636238280,+3.44,+17.162, +5.038,+0.969
1636238340,+3.44,+17.171, +5.060,+0.969
1636238400,+3.44,+17.179, +5.078,+0.969
1636238460,+3.44,+17.196, +5.099,+0.969
1636238520,+3.44,+17.213, +5.122,+0.969
1636238580,+3.44,+17.213, +5.146,+0.969
1636238640,+3.44,+17.222, +5.163,+0.969
1636238700,+3.44,+17.230, +5.185,+0.969
1636238760,+3.44,+17.222, +5.208,+0.969
1636238820,+3.44,+17.239, +5.225,+0.969
1636238880,+3.44,+17.239, +5.247,+0.969
1636238940,+3.44,+17.256, +5.272,+0.969
1636239000,+3.44,+17.239, +5.285,+0.969
1636239060,+3.44,+17.256, +5.288,+0.969
1636239120,+3.44,+17.256, +5.304,+0.969
1636239180,+3.44,+17.264, +5.323,+0.969
1636239240,+3.44,+17.281, +5.345,+0.969
1636239300,+3.44,+17.264, +5.361,+0.969
1636239360,+3.44,+17.281, +5.372,+0.969
1636239420,+3.44,+17.289, +5.390,+0.969
1636239480,+3.44,+17.315, +5.410,+0.969
1636239540,+3.44,+17.298, +5.442,+0.969
1636239600,+3.44,+17.323, +5.449,+0.969
1636239660,+3.44,+17.315, +5.477,+0.969
1636239720,+3.44,+17.298, +5.496,+0.969
1636239780,+3.44,+17.323, +5.506,+0.969
1636239840,+3.44,+17.323, +5.518,+0.969
1636239900,+3.44,+17.332, +5.531,+0.969
1636239960,+3.44,+17.332, +5.540,+0.969
1636240020,+3.44,+17.340, +5.541,+0.969
1636240080,+3.44,+17.332, +5.561,+0.969
1636240140,+3.44,+17.357, +5.568,+0.969
1636240200,+3.44,+17.340, +5.592,+0.969
1636240260,+3.44,+17.349, +5.591,+0.969
1636240320,+3.44,+17.340, +5.591,+0.968
1636240380,+3.44,+17.340, +5.587,+0.969
1636240440,+3.44,+17.349, +5.581,+0.968
1636240500,+3.44,+17.340, +5.595,+0.968
1636240560,+3.44,+17.315, +5.617,+0.969
1636240620,+3.44,+17.332, +5.611,+0.968
1636240680,+3.44,+17.306, +5.636,+0.969
1636240740,+3.44,+17.298, +5.651,+0.968
1636240800,+3.44,+17.298, +5.672,+0.969
1636240860,+3.44,+17.332, +5.676,+0.968
1636240920,+3.44,+17.306, +5.702,+0.968
1636240980,+3.44,+17.340, +5.710,+0.968
1636241040,+3.44,+17.332, +5.724,+0.968
1636241100,+3.44,+17.349, +5.738,+0.968
1636241160,+3.44,+17.349, +5.749,+0.968
1636241220,+3.44,+17.349, +5.769,+0.969
1636241280,+3.44,+17.349, +5.782,+0.968
1636241340,+3.44,+17.383, +5.791,+0.968
1636241400,+3.44,+17.374, +5.809,+0.968
1636241460,+3.44,+17.383, +5.821,+0.968
1636241520,+3.44,+17.400, +5.832,+0.968
1636241580,+3.44,+17.391, +5.834,+0.968
1636241640,+3.44,+17.416, +5.843,+0.968
1636241700,+3.44,+17.425, +5.861,+0.968
1636241760,+3.44,+17.425, +5.878,+0.968
1636241820,+3.44,+17.425, +5.897,+0.968
1636241880,+3.44,+17.425, +5.915,+0.968
1636241940,+3.44,+17.450, +5.917,+0.968
1636242000,+3.44,+17.442, +5.932,+0.968
1636242060,+3.44,+17.433, +5.938,+0.968
1636242120,+3.44,+17.450, +5.943,+0.968
1636242180,+3.44,+17.425, +5.964,+0.968
1636242240,+3.43,+17.433, +5.969,+0.968
1636242300,+3.43,+17.467, +5.967,+0.968
1636242360,+3.43,+17.442, +5.983,+0.968
1636242420,+3.44,+17.391, +5.994,+0.968
1636242480,+3.43,+17.433, +5.983,+0.968
1636242540,+3.43,+17.450, +5.999,+0.968
1636242600,+3.43,+17.433, +6.009,+0.968
1636242660,+3.43,+17.459, +6.014,+0.968
1636242720,+3.43,+17.467, +6.030,+0.968
1636242780,+3.43,+17.459, +6.044,+0.968
1636242840,+3.43,+17.501, +6.040,+0.968
1636242900,+3.43,+17.484, +6.071,+0.968
1636242960,+3.43,+17.501, +6.082,+0.969
1636243020,+3.43,+17.501, +6.102,+0.968
1636243080,+3.43,+17.501, +6.119,+0.968
1636243140,+3.43,+17.510, +6.138,+0.968
1636243200,+3.43,+17.510, +6.137,+0.968
1636243260,+3.43,+17.535, +6.134,+0.968
1636243320,+3.43,+17.526, +6.154,+0.969
1636243380,+3.43,+17.535, +6.169,+0.968
1636243440,+3.43,+17.526, +6.181,+0.968
1636243500,+3.43,+17.543, +6.188,+0.968
1636243560,+3.43,+17.510, +6.221,+0.968
1636243620,+3.43,+17.543, +6.232,+0.968
1636243680,+3.43,+17.526, +6.249,+0.968
1636243740,+3.43,+17.535, +6.251,+0.968
1636243800,+3.43,+17.526, +6.227,+0.968
1636243860,+3.43,+17.535, +6.204,+0.967
1636243920,+3.43,+17.535, +6.217,+0.968
1636243980,+3.43,+17.560, +6.234,+0.968
1636244040,+3.43,+17.560, +6.258,+0.968
1636244100,+3.43,+17.560, +6.261,+0.968
1636244160,+3.43,+17.560, +6.268,+0.968
1636244220,+3.43,+17.560, +6.276,+0.968
1636244280,+3.43,+17.577, +6.291,+0.968
1636244340,+3.43,+17.560, +6.313,+0.968
1636244400,+3.43,+17.560, +6.314,+0.968
1636244460,+3.43,+17.569, +6.326,+0.968
1636244520,+3.43,+17.552, +6.344,+0.967
1636244580,+3.43,+17.569, +6.356,+0.968
1636244640,+3.43,+17.569, +6.373,+0.968
1636244700,+3.43,+17.569, +6.338,+0.968
1636244760,+3.43,+17.586, +6.339,+0.967
1636244820,+3.43,+17.603, +6.368,+0.968
1636244880,+3.43,+17.594, +6.381,+0.968
1636244940,+3.43,+17.594, +6.398,+0.968
1636245000,+3.43,+17.628, +6.404,+0.968
1636245060,+3.43,+17.619, +6.417,+0.968
1636245120,+3.43,+17.628, +6.426,+0.968
1636245180,+3.43,+17.619, +6.440,+0.968
1636245240,+3.43,+17.611, +6.439,+0.967
1636245300,+3.43,+17.611, +6.446,+0.968
1636245360,+3.43,+17.594, +6.418,+0.968
1636245420,+3.43,+17.577, +6.424,+0.967
1636245480,+3.43,+17.577, +6.429,+0.968
1636245540,+3.43,+17.577, +6.428,+0.967
1636245600,+3.43,+17.560, +6.446,+0.968
1636245660,+3.43,+17.569, +6.455,+0.968
1636245720,+3.43,+17.594, +6.445,+0.967
1636245780,+3.43,+17.560, +6.464,+0.968
1636245840,+3.43,+17.586, +6.454,+0.968
1636245900,+3.43,+17.569, +6.473,+0.968
1636245960,+3.43,+17.560, +6.474,+0.968
1636246020,+3.43,+17.560, +6.479,+0.968
1636246080,+3.43,+17.560, +6.475,+0.967
1636246140,+3.43,+17.586, +6.478,+0.968
1636246200,+3.43,+17.577, +6.473,+0.968
1636246260,+3.43,+17.543, +6.461,+0.968
1636246320,+3.43,+17.535, +6.480,+0.968
1636246380,+3.43,+17.535, +6.478,+0.967
1636246440,+3.43,+17.501, +6.474,+0.968
1636246500,+3.43,+17.493, +6.463,+0.967
1636246560,+3.43,+17.510, +6.439,+0.967
1636246620,+3.43,+17.518, +6.430,+0.967
1636246680,+3.43,+17.535, +6.442,+0.967
1636246740,+3.43,+17.535, +6.445,+0.967
1636246800,+3.43,+17.535, +6.457,+0.968
1636246860,+3.43,+17.543, +6.452,+0.968
1636246920,+3.43,+17.535, +6.458,+0.968
1636246980,+3.43,+17.543, +6.447,+0.967
1636247040,+3.43,+17.518, +6.461,+0.968
1636247100,+3.43,+17.518, +6.460,+0.968
1636247160,+3.43,+17.510, +6.456,+0.967
1636247220,+3.43,+17.526, +6.465,+0.967
1636247280,+3.43,+17.518, +6.482,+0.967
1636247340,+3.43,+17.535, +6.472,+0.967
1636247400,+3.43,+17.535, +6.491,+0.968
1636247460,+3.43,+17.518, +6.499,+0.967
1636247520,+3.43,+17.535, +6.513,+0.967
1636247580,+3.43,+17.535, +6.544,+0.968
1636247640,+3.43,+17.543, +6.552,+0.967
1636247700,+3.43,+17.552, +6.575,+0.967
1636247760,+3.43,+17.560, +6.604,+0.968
1636247820,+3.43,+17.543, +6.622,+0.968
1636247880,+3.43,+17.543, +6.618,+0.968
1636247940,+3.43,+17.569, +6.612,+0.967
1636248000,+3.43,+17.560, +6.613,+0.967
1636248060,+3.43,+17.569, +6.640,+0.968
1636248120,+3.43,+17.569, +6.662,+0.968
1636248180,+3.43,+17.586, +6.658,+0.968
1636248240,+3.43,+17.569, +6.657,+0.967
1636248300,+3.43,+17.577, +6.671,+0.968
1636248360,+3.43,+17.577, +6.670,+0.968
1636248420,+3.43,+17.577, +6.661,+0.967
1636248480,+3.43,+17.569, +6.674,+0.968
1636248540,+3.43,+17.586, +6.671,+0.967
1636248600,+3.43,+17.586, +6.679,+0.967
1636248660,+3.43,+17.594, +6.696,+0.967
1636248720,+3.43,+17.603, +6.709,+0.968
1636248780,+3.43,+17.594, +6.697,+0.967
1636248840,+3.43,+17.611, +6.697,+0.967
1636248900,+3.43,+17.619, +6.715,+0.968
1636248960,+3.43,+17.619, +6.725,+0.968
1636249020,+3.43,+17.636, +6.717,+0.967
1636249080,+3.43,+17.628, +6.737,+0.968
1636249140,+3.43,+17.645, +6.743,+0.968
1636249200,+3.43,+17.636, +6.745,+0.967
1636249260,+3.43,+17.645, +6.759,+0.967
1636249320,+3.43,+17.628, +6.781,+0.968
1636249380,+3.43,+17.636, +6.757,+0.967
1636249440,+3.43,+17.636, +6.765,+0.968
1636249500,+3.43,+17.645, +6.775,+0.968
1636249560,+3.43,+17.653, +6.771,+0.967
1636249620,+3.43,+17.653, +6.778,+0.967
1636249680,+3.43,+17.662, +6.786,+0.967
1636249740,+3.43,+17.670, +6.803,+0.968
1636249800,+3.43,+17.636, +6.801,+0.967
1636249860,+3.43,+17.662, +6.794,+0.967
1636249920,+3.43,+17.653, +6.801,+0.967
1636249980,+3.43,+17.662, +6.804,+0.968
1636250040,+3.43,+17.653, +6.801,+0.967
1636250100,+3.43,+17.662, +6.811,+0.968
1636250160,+3.43,+17.687, +6.824,+0.967
1636250220,+3.43,+17.662, +6.838,+0.968
1636250280,+3.43,+17.670, +6.840,+0.968
1636250340,+3.43,+17.653, +6.825,+0.967
1636250400,+3.43,+17.653, +6.811,+0.967
1636250460,+3.43,+17.670, +6.804,+0.967
1636250520,+3.43,+17.662, +6.807,+0.967
1636250580,+3.43,+17.687, +6.807,+0.968
1636250640,+3.43,+17.670, +6.819,+0.967
1636250700,+3.43,+17.670, +6.799,+0.968
1636250760,+3.43,+17.662, +6.789,+0.968
1636250820,+3.43,+17.662, +6.784,+0.968
1636250880,+3.43,+17.662, +6.776,+0.967
1636250940,+3.43,+17.645, +6.773,+0.967
1636251000,+3.43,+17.653, +6.754,+0.967
1636251060,+3.43,+17.679, +6.760,+0.967
1636251120,+3.43,+17.645, +6.770,+0.968
1636251180,+3.43,+17.662, +6.761,+0.967
1636251240,+3.43,+17.645, +6.767,+0.968
1636251300,+3.43,+17.679, +6.782,+0.967
1636251360,+3.43,+17.645, +6.763,+0.967
1636251420,+3.43,+17.653, +6.723,+0.967
1636251480,+3.43,+17.628, +6.744,+0.967
1636251540,+3.43,+17.645, +6.728,+0.967
1636251600,+3.43,+17.611, +6.571,+0.966
1636251660,+3.43,+17.611, +6.617,+0.967
1636251720,+3.43,+17.603, +6.618,+0.966
1636251780,+3.43,+17.603, +6.630,+0.966
1636251840,+3.43,+17.611, +6.646,+0.967
1636251900,+3.43,+17.603, +6.651,+0.967
1636251960,+3.43,+17.586, +6.651,+0.967
1636252020,+3.43,+17.619, +6.659,+0.967
1636252080,+3.43,+17.611, +6.646,+0.966
1636252140,+3.43,+17.611, +6.663,+0.967
1636252200,+3.43,+17.603, +6.667,+0.967
1636252260,+3.43,+17.594, +6.689,+0.967
1636252320,+3.43,+17.594, +6.661,+0.967
1636252380,+3.43,+17.586, +6.673,+0.967
1636252440,+3.43,+17.577, +6.714,+0.967
1636252500,+3.43,+17.586, +6.733,+0.967
1636252560,+3.43,+17.603, +6.737,+0.967
1636252620,+3.43,+17.586, +6.755,+0.967
1636252680,+3.43,+17.594, +6.765,+0.967
1636252740,+3.43,+17.603, +6.762,+0.967
1636252800,+3.43,+17.611, +6.748,+0.967
1636252860,+3.43,+17.611, +6.769,+0.967
1636252920,+3.43,+17.569, +6.783,+0.967
1636252980,+3.43,+17.577, +6.787,+0.967
1636253040,+3.43,+17.569, +6.785,+0.967
1636253100,+3.43,+17.560, +6.789,+0.967
1636253160,+3.43,+17.569, +6.795,+0.967
1636253220,+3.43,+17.577, +6.800,+0.967
1636253280,+3.43,+17.560, +6.821,+0.967
1636253340,+3.43,+17.577, +6.841,+0.967
1636253400,+3.43,+17.586, +6.858,+0.968
1636253460,+3.43,+17.577, +6.872,+0.967
1636253520,+3.43,+17.586, +6.858,+0.967
1636253580,+3.43,+17.611, +6.863,+0.967
1636253640,+3.43,+17.603, +6.869,+0.967
1636253700,+3.43,+17.628, +6.868,+0.968
1636253760,+3.43,+17.619, +6.878,+0.967
1636253820,+3.43,+17.645, +6.879,+0.967
1636253880,+3.43,+17.645, +6.870,+0.967
1636253940,+3.43,+17.636, +6.884,+0.967
1636254000,+3.43,+17.636, +6.916,+0.968
1636254060,+3.43,+17.645, +6.883,+0.967
1636254120,+3.43,+17.653, +6.883,+0.967
1636254180,+3.43,+17.645, +6.900,+0.967
1636254240,+3.43,+17.662, +6.913,+0.967
1636254300,+3.43,+17.670, +6.899,+0.967
1636254360,+3.43,+17.636, +6.895,+0.967
1636254420,+3.43,+17.628, +6.819,+0.966
1636254480,+3.43,+17.611, +6.800,+0.967
1636254540,+3.43,+17.619, +6.823,+0.967
1636254600,+3.43,+17.611, +6.801,+0.967
1636254660,+3.43,+17.594, +6.792,+0.967
1636254720,+3.43,+17.577, +6.763,+0.967
1636254780,+3.43,+17.569, +6.761,+0.967
1636254840,+3.43,+17.552, +6.763,+0.967
1636254900,+3.43,+17.577, +6.751,+0.967
1636254960,+3.43,+17.560, +6.762,+0.967
1636255020,+3.43,+17.569, +6.763,+0.967
1636255080,+3.43,+17.569, +6.765,+0.966
1636255140,+3.43,+17.586, +6.782,+0.966
1636255200,+3.43,+17.577, +6.770,+0.967
1636255260,+3.43,+17.586, +6.769,+0.967
1636255320,+3.43,+17.577, +6.764,+0.966
1636255380,+3.43,+17.569, +6.761,+0.967
1636255440,+3.43,+17.552, +6.745,+0.966
1636255500,+3.43,+17.560, +6.736,+0.967
1636255560,+3.43,+17.552, +6.742,+0.967
1636255620,+3.43,+17.569, +6.761,+0.966
1636255680,+3.43,+17.586, +6.773,+0.967
1636255740,+3.43,+17.569, +6.764,+0.967
1636255800,+3.43,+17.560, +6.761,+0.967
1636255860,+3.43,+17.577, +6.779,+0.967
1636255920,+3.43,+17.569, +6.778,+0.967
1636255980,+3.43,+17.535, +6.795,+0.967
1636256040,+3.43,+17.560, +6.817,+0.967
1636256100,+3.43,+17.552, +6.821,+0.967
1636256160,+3.43,+17.560, +6.836,+0.967
1636256220,+3.43,+17.518, +6.841,+0.967
1636256280,+3.43,+17.535, +6.863,+0.967
1636256340,+3.43,+17.526, +6.874,+0.967
1636256400,+3.43,+17.535, +6.882,+0.967
1636256460,+3.43,+17.535, +6.905,+0.967
1636256520,+3.43,+17.535, +6.904,+0.967
1636256580,+3.43,+17.543, +6.915,+0.966
1636256640,+3.43,+17.535, +6.961,+0.966
1636256700,+3.43,+17.535, +6.987,+0.966
1636256760,+3.43,+17.535, +7.018,+0.968
1636256820,+3.43,+17.560, +7.004,+0.967
1636256880,+3.43,+17.535, +7.025,+0.967
1636256940,+3.43,+17.560, +7.042,+0.968
1636257000,+3.43,+17.543, +7.047,+0.967
1636257060,+3.43,+17.569, +7.038,+0.967
1636257120,+3.43,+17.569, +7.047,+0.967
1636257180,+3.43,+17.577, +7.048,+0.967
1636257240,+3.43,+17.569, +6.994,+0.967
1636257300,+3.43,+17.569, +6.988,+0.967
1636257360,+3.43,+17.543, +6.944,+0.967
1636257420,+3.43,+17.518, +6.914,+0.967
1636257480,+3.43,+17.518, +6.937,+0.966
1636257540,+3.43,+17.535, +6.953,+0.967
1636257600,+3.43,+17.535, +6.964,+0.967
1636257660,+3.43,+17.569, +6.952,+0.967
1636257720,+3.43,+17.535, +6.895,+0.967
1636257780,+3.43,+17.543, +6.850,+0.966
1636257840,+3.43,+17.543, +6.818,+0.966
1636257900,+3.43,+17.535, +6.804,+0.966
1636257960,+3.43,+17.543, +6.827,+0.966
1636258020,+3.43,+17.552, +6.841,+0.967
1636258080,+3.43,+17.543, +6.860,+0.966
1636258140,+3.43,+17.526, +6.855,+0.967
1636258200,+3.43,+17.518, +6.781,+0.966
1636258260,+3.43,+17.526, +6.788,+0.967
1636258320,+3.43,+17.535, +6.783,+0.967
1636258380,+3.43,+17.510, +6.693,+0.965
1636258440,+3.43,+17.476, +6.635,+0.965
1636258500,+3.43,+17.476, +6.578,+0.965
1636258560,+3.43,+17.493, +6.572,+0.965
1636258620,+3.43,+17.476, +6.584,+0.965
1636258680,+3.43,+17.476, +6.575,+0.965
1636258740,+3.43,+17.459, +6.552,+0.965
1636258800,+3.43,+17.467, +6.524,+0.965
1636258860,+3.43,+17.450, +6.488,+0.965
1636258920,+3.43,+17.442, +6.450,+0.965
1636258980,+3.43,+17.450, +6.427,+0.965
1636259040,+3.43,+17.459, +6.426,+0.965
1636259100,+3.43,+17.459, +6.452,+0.966
1636259160,+3.43,+17.433, +6.428,+0.965
1636259220,+3.43,+17.425, +6.407,+0.966
1636259280,+3.43,+17.425, +6.367,+0.965
1636259340,+3.43,+17.425, +6.415,+0.966
1636259400,+3.43,+17.416, +6.393,+0.965
1636259460,+3.43,+17.400, +6.347,+0.965
1636259520,+3.43,+17.374, +6.333,+0.965
1636259580,+3.43,+17.374, +6.301,+0.965
1636259640,+3.43,+17.383, +6.262,+0.965
1636259700,+3.43,+17.383, +6.280,+0.965
1636259760,+3.43,+17.383, +6.263,+0.965
1636259820,+3.43,+17.374, +6.255,+0.964
1636259880,+3.43,+17.374, +6.312,+0.965
1636259940,+3.43,+17.383, +6.335,+0.966
1636260000,+3.43,+17.391, +6.321,+0.965
1636260060,+3.43,+17.357, +6.377,+0.966
1636260120,+3.43,+17.357, +6.391,+0.966
1636260180,+3.43,+17.357, +6.411,+0.966
1636260240,+3.43,+17.357, +6.434,+0.966
1636260300,+3.43,+17.391, +6.469,+0.967
1636260360,+3.43,+17.374, +6.486,+0.966
1636260420,+3.43,+17.349, +6.308,+0.966
1636260480,+3.43,+17.332, +6.245,+0.966
1636260540,+3.43,+17.332, +6.287,+0.965
1636260600,+3.43,+17.340, +6.318,+0.966
1636260660,+3.43,+17.349, +6.416,+0.966
1636260720,+3.43,+17.366, +6.397,+0.966
1636260780,+3.43,+17.400, +6.475,+0.967
1636260840,+3.43,+17.416, +6.465,+0.967
1636260900,+3.43,+17.366, +6.399,+0.966
1636260960,+3.43,+17.374, +6.391,+0.966
1636261020,+3.43,+17.391, +6.374,+0.966
1636261080,+3.43,+17.374, +6.360,+0.966
1636261140,+3.43,+17.374, +6.365,+0.966
1636261200,+3.43,+17.391, +6.401,+0.966
1636261260,+3.43,+17.400, +6.413,+0.966
1636261320,+3.43,+17.391, +6.415,+0.967
1636261380,+3.43,+17.383, +6.400,+0.966
1636261440,+3.43,+17.374, +6.387,+0.967
1636261500,+3.43,+17.366, +6.383,+0.966
1636261560,+3.43,+17.366, +6.411,+0.967
1636261620,+3.43,+17.332, +6.396,+0.966
1636261680,+3.43,+17.332, +6.382,+0.966
1636261740,+3.43,+17.340, +6.433,+0.967
1636261800,+3.43,+17.323, +6.426,+0.967
1636261860,+3.43,+17.332, +6.403,+0.967
1636261920,+3.43,+17.332, +6.389,+0.966
1636261980,+3.43,+17.323, +6.389,+0.966
1636262040,+3.43,+17.315, +6.346,+0.966
1636262100,+3.43,+17.323, +6.291,+0.966
1636262160,+3.43,+17.332, +6.309,+0.966
1636262220,+3.43,+17.315, +6.373,+0.966
1636262280,+3.43,+17.306, +6.367,+0.966
1636262340,+3.43,+17.298, +6.338,+0.966
1636262400,+3.43,+17.306, +6.275,+0.966
1636262460,+3.43,+17.315, +6.246,+0.966
1636262520,+3.43,+17.315, +6.253,+0.966
1636262580,+3.43,+17.306, +6.280,+0.966
1636262640,+3.43,+17.323, +6.212,+0.965
1636262700,+3.43,+17.340, +6.231,+0.967
1636262760,+3.43,+17.357, +6.242,+0.967
1636262820,+3.43,+17.357, +6.248,+0.966
1636262880,+3.43,+17.383, +6.321,+0.967
1636262940,+3.43,+17.366, +6.357,+0.966
1636263000,+3.43,+17.374, +6.253,+0.966
1636263060,+3.43,+17.366, +6.238,+0.967
1636263120,+3.43,+17.383, +6.251,+0.966
1636263180,+3.43,+17.383, +6.295,+0.966
1636263240,+3.43,+17.408, +6.327,+0.966
1636263300,+3.43,+17.400, +6.389,+0.967
1636263360,+3.43,+17.366, +6.353,+0.966
1636263420,+3.43,+17.349, +6.222,+0.966
1636263480,+3.43,+17.340, +6.162,+0.966
1636263540,+3.43,+17.349, +6.170,+0.966
1636263600,+3.43,+17.366, +6.197,+0.966
1636263660,+3.43,+17.374, +6.235,+0.966
1636263720,+3.43,+17.366, +6.232,+0.966
1636263780,+3.43,+17.349, +6.194,+0.967
1636263840,+3.43,+17.357, +6.210,+0.966
1636263900,+3.43,+17.383, +6.255,+0.967
1636263960,+3.43,+17.374, +6.276,+0.967
1636264020,+3.43,+17.400, +6.308,+0.966
1636264080,+3.43,+17.391, +6.353,+0.967
1636264140,+3.43,+17.366, +6.346,+0.967
1636264200,+3.43,+17.374, +6.338,+0.967
1636264260,+3.43,+17.357, +6.398,+0.967
1636264320,+3.43,+17.323, +6.428,+0.967
1636264380,+3.43,+17.332, +6.433,+0.967
1636264440,+3.43,+17.349, +6.449,+0.967
1636264500,+3.43,+17.349, +6.459,+0.967
1636264560,+3.43,+17.349, +6.473,+0.967
1636264620,+3.43,+17.357, +6.468,+0.967
1636264680,+3.43,+17.323, +6.433,+0.967
1636264740,+3.43,+17.357, +6.374,+0.967
1636264800,+3.43,+17.357, +6.401,+0.967
1636264860,+3.43,+17.357, +6.438,+0.967
1636264920,+3.43,+17.323, +6.398,+0.967
1636264980,+3.43,+17.332, +6.344,+0.966
1636265040,+3.43,+17.306, +6.324,+0.967
1636265100,+3.43,+17.298, +6.267,+0.966
1636265160,+3.43,+17.298, +6.183,+0.966
1636265220,+3.43,+17.281, +6.206,+0.966
1636265280,+3.43,+17.273, +6.220,+0.967
1636265340,+3.43,+17.273, +6.220,+0.966
1636265400,+3.43,+17.289, +6.269,+0.967
1636265460,+3.43,+17.281, +6.168,+0.967
1636265520,+3.43,+17.264, +6.123,+0.966
1636265580,+3.43,+17.273, +6.119,+0.966
1636265640,+3.43,+17.239, +6.113,+0.966
1636265700,+3.43,+17.273, +6.043,+0.966
1636265760,+3.43,+17.256, +6.065,+0.966
1636265820,+3.43,+17.256, +6.118,+0.967
1636265880,+3.43,+17.247, +6.097,+0.966
1636265940,+3.43,+17.247, +6.062,+0.966
1636266000,+3.43,+17.230, +6.066,+0.966
1636266060,+3.43,+17.247, +6.062,+0.966
1636266120,+3.43,+17.239, +6.033,+0.966
1636266180,+3.43,+17.222, +6.022,+0.966
1636266240,+3.43,+17.230, +6.013,+0.966
1636266300,+3.43,+17.247, +6.057,+0.966
1636266360,+3.43,+17.230, +6.095,+0.966
1636266420,+3.43,+17.239, +6.065,+0.966
1636266480,+3.43,+17.230, +6.076,+0.966
1636266540,+3.43,+17.222, +6.055,+0.966
1636266600,+3.43,+17.230, +6.007,+0.966
1636266660,+3.43,+17.222, +6.013,+0.966
1636266720,+3.43,+17.239, +6.043,+0.966
1636266780,+3.43,+17.230, +6.018,+0.966
1636266840,+3.43,+17.222, +6.024,+0.966
1636266900,+3.43,+17.230, +6.030,+0.966
1636266960,+3.43,+17.230, +6.063,+0.966
1636267020,+3.43,+17.222, +6.019,+0.966
1636267080,+3.43,+17.230, +6.000,+0.966
1636267140,+3.43,+17.247, +5.991,+0.966
1636267200,+3.43,+17.222, +6.030,+0.966
1636267260,+3.43,+17.230, +6.026,+0.966
1636267320,+3.43,+17.222, +6.035,+0.966
1636267380,+3.43,+17.239, +6.044,+0.966
1636267440,+3.43,+17.196, +5.999,+0.967
1636267500,+3.43,+17.205, +5.985,+0.966
1636267560,+3.43,+17.222, +5.980,+0.966
1636267620,+3.43,+17.247, +6.025,+0.966
1636267680,+3.43,+17.222, +6.069,+0.966
1636267740,+3.43,+17.213, +6.015,+0.966
1636267800,+3.43,+17.222, +6.063,+0.966
1636267860,+3.43,+17.239, +6.007,+0.966
1636267920,+3.43,+17.239, +6.014,+0.967
1636267980,+3.43,+17.239, +6.029,+0.966
1636268040,+3.43,+17.230, +6.042,+0.966
1636268100,+3.43,+17.239, +6.070,+0.966
1636268160,+3.43,+17.239, +6.105,+0.967
1636268220,+3.43,+17.239, +6.085,+0.967
1636268280,+3.43,+17.247, +6.091,+0.967
1636268340,+3.43,+17.247, +6.055,+0.967
1636268400,+3.43,+17.256, +6.074,+0.967
1636268460,+3.43,+17.230, +6.079,+0.967
1636268520,+3.43,+17.230, +6.036,+0.966
1636268580,+3.43,+17.213, +6.061,+0.967
1636268640,+3.43,+17.188, +5.953,+0.966
1636268700,+3.43,+17.196, +5.913,+0.966
1636268760,+3.43,+17.205, +5.952,+0.966
1636268820,+3.43,+17.188, +5.878,+0.966
1636268880,+3.43,+17.171, +5.842,+0.966
1636268940,+3.43,+17.196, +5.849,+0.966
1636269000,+3.43,+17.179, +5.930,+0.967
1636269060,+3.43,+17.179, +5.893,+0.966
1636269120,+3.43,+17.188, +5.900,+0.966
1636269180,+3.43,+17.171, +5.899,+0.966
1636269240,+3.43,+17.154, +5.877,+0.966
1636269300,+3.43,+17.196, +5.845,+0.966
1636269360,+3.43,+17.205, +5.873,+0.966
1636269420,+3.43,+17.205, +5.900,+0.966
1636269480,+3.43,+17.213, +5.901,+0.966
1636269540,+3.43,+17.179, +5.934,+0.966
1636269600,+3.43,+17.162, +5.885,+0.966
1636269660,+3.43,+17.154, +5.807,+0.966
1636269720,+3.43,+17.171, +5.876,+0.966
1636269780,+3.43,+17.205, +5.914,+0.967
1636269840,+3.43,+17.213, +5.943,+0.967
1636269900,+3.43,+17.205, +5.988,+0.966
1636269960,+3.43,+17.205, +6.009,+0.967
1636270020,+3.43,+17.205, +5.987,+0.967
1636270080,+3.43,+17.188, +5.933,+0.966
1636270140,+3.43,+17.179, +5.896,+0.966
1636270200,+3.43,+17.188, +5.913,+0.967
1636270260,+3.43,+17.196, +5.946,+0.967
1636270320,+3.43,+17.188, +5.944,+0.967
1636270380,+3.43,+17.205, +5.934,+0.967
1636270440,+3.43,+17.213, +5.952,+0.967
1636270500,+3.43,+17.196, +6.009,+0.967
1636270560,+3.43,+17.171, +5.889,+0.966
1636270620,+3.43,+17.162, +5.792,+0.966
1636270680,+3.43,+17.179, +5.748,+0.966
1636270740,+3.43,+17.179, +5.746,+0.966
1636270800,+3.43,+17.179, +5.816,+0.966
1636270860,+3.43,+17.179, +5.860,+0.966
1636270920,+3.43,+17.171, +5.874,+0.967
1636270980,+3.43,+17.162, +5.817,+0.966
1636271040,+3.43,+17.154, +5.789,+0.966
1636271100,+3.43,+17.171, +5.743,+0.966
1636271160,+3.43,+17.162, +5.748,+0.966
1636271220,+3.43,+17.154, +5.731,+0.966
1636271280,+3.43,+17.137, +5.697,+0.966
1636271340,+3.43,+17.128, +5.569,+0.966
1636271400,+3.43,+17.137, +5.529,+0.966
1636271460,+3.43,+17.112, +5.562,+0.966
1636271520,+3.43,+17.120, +5.557,+0.966
1636271580,+3.43,+17.120, +5.555,+0.966
1636271640,+3.43,+17.120, +5.544,+0.966
1636271700,+3.43,+17.103, +5.595,+0.966
1636271760,+3.43,+17.112, +5.679,+0.967
1636271820,+3.43,+17.145, +5.905,+0.967
1636271880,+3.43,+17.145, +5.925,+0.967
1636271940,+3.43,+17.112, +5.718,+0.967
1636272000,+3.43,+17.103, +5.577,+0.966
1636272060,+3.43,+17.095, +5.638,+0.967
1636272120,+3.43,+17.103, +5.558,+0.966
1636272180,+3.43,+17.103, +5.458,+0.966
1636272240,+3.43,+17.095, +5.447,+0.966
1636272300,+3.43,+17.103, +5.463,+0.966
1636272360,+3.43,+17.095, +5.431,+0.966
1636272420,+3.43,+17.112, +5.478,+0.966
1636272480,+3.43,+17.095, +5.469,+0.966
1636272540,+3.43,+17.078, +5.473,+0.966
1636272600,+3.43,+17.086, +5.429,+0.966
1636272660,+3.43,+17.078, +5.425,+0.966
1636272720,+3.43,+17.078, +5.411,+0.966
1636272780,+3.43,+17.086, +5.444,+0.966
1636272840,+3.43,+17.069, +5.474,+0.966
1636272900,+3.43,+17.061, +5.469,+0.966
1636272960,+3.43,+17.086, +5.491,+0.967
1636273020,+3.43,+17.078, +5.513,+0.967
1636273080,+3.43,+17.061, +5.510,+0.967
1636273140,+3.43,+17.061, +5.519,+0.967
1636273200,+3.43,+17.061, +5.527,+0.967
1636273260,+3.43,+17.061, +5.437,+0.966
1636273320,+3.43,+17.044, +5.429,+0.966
1636273380,+3.43,+17.052, +5.416,+0.967
1636273440,+3.43,+17.069, +5.436,+0.967
1636273500,+3.43,+17.052, +5.499,+0.967
1636273560,+3.43,+17.078, +5.496,+0.967
1636273620,+3.43,+17.052, +5.475,+0.967
1636273680,+3.43,+17.052, +5.451,+0.967
1636273740,+3.43,+17.061, +5.489,+0.967
1636273800,+3.43,+17.069, +5.538,+0.967
1636273860,+3.43,+17.061, +5.522,+0.967
1636273920,+3.43,+17.044, +5.464,+0.967
1636273980,+3.43,+17.052, +5.438,+0.966
1636274040,+3.43,+17.069, +5.430,+0.967
1636274100,+3.43,+17.052, +5.467,+0.967
1636274160,+3.43,+17.069, +5.441,+0.967
1636274220,+3.43,+17.061, +5.470,+0.967
1636274280,+3.43,+17.044, +5.493,+0.967
1636274340,+3.43,+17.061, +5.475,+0.967
1636274400,+3.43,+17.044, +5.506,+0.967
1636274460,+3.43,+17.052, +5.519,+0.967
1636274520,+3.43,+17.044, +5.520,+0.967
1636274580,+3.43,+17.044, +5.513,+0.967
1636274640,+3.43,+17.052, +5.548,+0.967
1636274700,+3.43,+17.061, +5.587,+0.967
1636274760,+3.43,+17.078, +5.607,+0.967
1636274820,+3.43,+17.061, +5.593,+0.967
1636274880,+3.43,+17.061, +5.577,+0.967
1636274940,+3.43,+17.044, +5.571,+0.967
1636275000,+3.43,+17.044, +5.566,+0.967
1636275060,+3.43,+17.035, +5.476,+0.967
1636275120,+3.43,+17.044, +5.426,+0.967
1636275180,+3.43,+17.027, +5.406,+0.967
1636275240,+3.43,+17.001, +5.349,+0.966
1636275300,+3.43,+17.018, +5.345,+0.967
1636275360,+3.43,+17.018, +5.372,+0.967
1636275420,+3.43,+17.035, +5.463,+0.967
1636275480,+3.43,+17.035, +5.518,+0.967
1636275540,+3.43,+17.027, +5.567,+0.967
1636275600,+3.43,+17.044, +5.593,+0.967
1636275660,+3.43,+17.044, +5.593,+0.967
1636275720,+3.43,+17.035, +5.494,+0.967
1636275780,+3.43,+17.027, +5.456,+0.967
1636275840,+3.43,+17.018, +5.454,+0.967
1636275900,+3.43,+17.018, +5.463,+0.967
1636275960,+3.43,+17.010, +5.487,+0.967
1636276020,+3.43,+17.027, +5.431,+0.967
1636276080,+3.43,+17.010, +5.625,+0.967
1636276140,+3.43,+17.044, +5.979,+0.967
1636276200,+3.43,+17.018, +6.135,+0.967
1636276260,+3.43,+17.027, +6.119,+0.967
1636276320,+3.43,+17.027, +5.974,+0.967
1636276380,+3.43,+17.027, +5.875,+0.967
1636276440,+3.43,+17.027, +5.933,+0.967
1636276500,+3.43,+17.018, +6.031,+0.967
1636276560,+3.43,+17.035, +6.044,+0.967
1636276620,+3.43,+17.035, +6.069,+0.967
1636276680,+3.43,+17.010, +5.917,+0.967
1636276740,+3.43,+17.018, +5.864,+0.967
1636276800,+3.43,+17.010, +5.882,+0.967
1636276860,+3.43,+17.027, +5.817,+0.967
1636276920,+3.43,+17.018, +5.774,+0.967
1636276980,+3.43,+17.010, +5.779,+0.967
1636277040,+3.43,+17.018, +5.821,+0.967
1636277100,+3.43,+17.010, +5.861,+0.967
1636277160,+3.43,+17.018, +5.874,+0.967
1636277220,+3.43,+17.018, +5.966,+0.967
1636277280,+3.43,+17.027, +6.054,+0.967
1636277340,+3.43,+17.010, +6.109,+0.967
1636277400,+3.43,+17.035, +6.153,+0.967
1636277460,+3.43,+17.035, +6.187,+0.967
1636277520,+3.43,+17.018, +6.213,+0.967
1636277580,+3.43,+17.010, +6.237,+0.967
1636277640,+3.43,+17.010, +6.232,+0.967
1636277700,+3.43,+17.001, +6.267,+0.968
1636277760,+3.43,+17.010, +6.305,+0.967
1636277820,+3.43,+17.010, +6.317,+0.967
1636277880,+3.43,+17.010, +6.305,+0.967
1636277940,+3.43,+17.001, +6.309,+0.967
1636278000,+3.43,+16.993, +6.316,+0.967
1636278060,+3.43,+17.010, +6.314,+0.967
1636278120,+3.43,+16.993, +6.335,+0.967
1636278180,+3.43,+16.993, +6.356,+0.967
1636278240,+3.43,+17.001, +6.368,+0.967
1636278300,+3.43,+16.984, +6.373,+0.967
1636278360,+3.43,+16.984, +6.364,+0.967
1636278420,+3.43,+16.976, +6.316,+0.967
1636278480,+3.43,+16.967, +6.260,+0.967
1636278540,+3.43,+16.984, +6.251,+0.967
1636278600,+3.43,+16.959, +6.233,+0.967
1636278660,+3.43,+16.984, +6.188,+0.966
1636278720,+3.43,+16.967, +6.120,+0.967
1636278780,+3.43,+16.959, +6.027,+0.967
1636278840,+3.43,+16.976, +5.972,+0.966
1636278900,+3.43,+16.967, +5.985,+0.966
1636278960,+3.43,+16.967, +5.944,+0.967
1636279020,+3.43,+16.959, +5.876,+0.966
1636279080,+3.43,+16.976, +5.902,+0.967
1636279140,+3.43,+16.950, +5.904,+0.967
1636279200,+3.43,+16.959, +5.882,+0.966
1636279260,+3.43,+16.967, +5.851,+0.966
1636279320,+3.43,+16.959, +5.708,+0.967
1636279380,+3.43,+16.950, +5.588,+0.966
1636279440,+3.43,+16.950, +5.454,+0.966
1636279500,+3.43,+16.942, +5.328,+0.966
1636279560,+3.43,+16.950, +5.217,+0.965
1636279620,+3.43,+16.959, +5.210,+0.965
1636279680,+3.43,+16.959, +5.368,+0.966
1636279740,+3.43,+16.959, +5.479,+0.966
1636279800,+3.43,+16.950, +5.657,+0.967
1636279860,+3.43,+16.950, +5.697,+0.967
1636279920,+3.43,+16.967, +5.531,+0.966
1636279980,+3.43,+16.950, +5.439,+0.967
1636280040,+3.43,+16.959, +5.379,+0.966
1636280100,+3.43,+16.950, +5.296,+0.966
1636280160,+3.43,+16.942, +5.309,+0.966
1636280220,+3.43,+16.950, +5.331,+0.966
1636280280,+3.43,+16.950, +5.403,+0.966
1636280340,+3.43,+16.925, +5.382,+0.966
1636280400,+3.43,+16.916, +5.382,+0.966
1636280460,+3.43,+16.916, +5.165,+0.966
1636280520,+3.43,+16.925, +5.085,+0.966
1636280580,+3.43,+16.908, +5.083,+0.966
1636280640,+3.43,+16.908, +5.132,+0.966
1636280700,+3.43,+16.908, +5.241,+0.966
1636280760,+3.43,+16.891, +5.192,+0.966
1636280820,+3.43,+16.916, +5.035,+0.966
1636280880,+3.43,+16.916, +5.069,+0.966
1636280940,+3.43,+16.899, +5.049,+0.966
1636281000,+3.43,+16.891, +4.961,+0.966
1636281060,+3.43,+16.891, +4.899,+0.966
1636281120,+3.43,+16.899, +4.972,+0.966
1636281180,+3.43,+16.916, +5.079,+0.967
1636281240,+3.43,+16.916, +5.225,+0.966
1636281300,+3.43,+16.916, +5.270,+0.967
1636281360,+3.43,+16.899, +5.416,+0.967
1636281420,+3.43,+16.933, +5.533,+0.967
1636281480,+3.43,+16.908, +5.511,+0.967
1636281540,+3.43,+16.933, +5.520,+0.967
1636281600,+3.43,+16.916, +5.548,+0.967
1636281660,+3.43,+16.925, +5.572,+0.968
1636281720,+3.43,+16.916, +5.527,+0.967
1636281780,+3.43,+16.933, +5.377,+0.967
1636281840,+3.43,+16.916, +5.374,+0.967
1636281900,+3.43,+16.908, +5.422,+0.967
1636281960,+3.43,+16.908, +5.507,+0.967
1636282020,+3.43,+16.925, +5.553,+0.967
1636282080,+3.43,+16.899, +5.578,+0.967
1636282140,+3.43,+16.925, +5.620,+0.967
1636282200,+3.43,+16.942, +5.630,+0.967
1636282260,+3.43,+16.925, +5.656,+0.967
1636282320,+3.43,+16.916, +5.698,+0.967
1636282380,+3.43,+16.916, +5.688,+0.967
1636282440,+3.43,+16.899, +5.677,+0.967
1636282500,+3.43,+16.908, +5.688,+0.967
1636282560,+3.43,+16.916, +5.694,+0.967
1636282620,+3.43,+16.899, +5.687,+0.967
1636282680,+3.43,+16.916, +5.660,+0.967
1636282740,+3.43,+16.916, +5.645,+0.967
1636282800,+3.43,+16.908, +5.679,+0.967
1636282860,+3.43,+16.908, +5.629,+0.967
1636282920,+3.43,+16.916, +5.573,+0.967
1636282980,+3.43,+16.908, +5.575,+0.967
1636283040,+3.43,+16.899, +5.567,+0.967
1636283100,+3.43,+16.908, +5.541,+0.967
1636283160,+3.43,+16.899, +5.538,+0.967
1636283220,+3.43,+16.891, +5.517,+0.967
1636283280,+3.43,+16.908, +5.567,+0.967
1636283340,+3.43,+16.899, +5.594,+0.967
1636283400,+3.43,+16.899, +5.592,+0.967
1636283460,+3.43,+16.882, +5.571,+0.967
1636283520,+3.43,+16.899, +5.573,+0.967
1636283580,+3.43,+16.891, +5.583,+0.967
1636283640,+3.43,+16.882, +5.587,+0.967
1636283700,+3.43,+16.891, +5.606,+0.967
1636283760,+3.43,+16.882, +5.621,+0.967
1636283820,+3.43,+16.865, +5.618,+0.967
1636283880,+3.43,+16.882, +5.593,+0.967
1636283940,+3.43,+16.874, +5.581,+0.967
1636284000,+3.43,+16.874, +5.549,+0.967
1636284060,+3.43,+16.882, +5.511,+0.967
1636284120,+3.43,+16.891, +5.495,+0.967
1636284180,+3.43,+16.865, +5.477,+0.967
1636284240,+3.43,+16.882, +5.454,+0.967
1636284300,+3.43,+16.874, +5.428,+0.967
1636284360,+3.43,+16.865, +5.442,+0.967
1636284420,+3.43,+16.865, +5.449,+0.966
1636284480,+3.43,+16.891, +5.450,+0.967
1636284540,+3.43,+16.865, +5.424,+0.967
1636284600,+3.43,+16.874, +5.336,+0.967
1636284660,+3.43,+16.865, +5.280,+0.967
1636284720,+3.43,+16.874, +5.211,+0.967
1636284780,+3.43,+16.865, +5.247,+0.967
1636284840,+3.43,+16.848, +5.320,+0.967
1636284900,+3.43,+16.857, +5.347,+0.967
1636284960,+3.43,+16.865, +5.358,+0.967
1636285020,+3.43,+16.865, +5.370,+0.967
1636285080,+3.43,+16.848, +5.375,+0.967
1636285140,+3.43,+16.840, +5.297,+0.967
1636285200,+3.43,+16.848, +5.298,+0.967
1636285260,+3.43,+16.840, +5.282,+0.967
1636285320,+3.43,+16.848, +5.313,+0.967
1636285380,+3.43,+16.857, +5.385,+0.967
1636285440,+3.43,+16.848, +5.368,+0.967
1636285500,+3.43,+16.840, +5.326,+0.967
1636285560,+3.43,+16.848, +5.282,+0.967
1636285620,+3.43,+16.840, +5.304,+0.967
1636285680,+3.43,+16.840, +5.327,+0.967
1636285740,+3.43,+16.848, +5.360,+0.967
1636285800,+3.42,+16.823, +5.378,+0.967
1636285860,+3.43,+16.832, +5.336,+0.967
1636285920,+3.43,+16.832, +5.343,+0.967
1636285980,+3.42,+16.832, +5.332,+0.967
1636286040,+3.42,+16.832, +5.315,+0.967
1636286100,+3.43,+16.823, +5.338,+0.967
1636286160,+3.43,+16.832, +5.316,+0.967
1636286220,+3.43,+16.823, +5.338,+0.967
1636286280,+3.43,+16.832, +5.333,+0.967
1636286340,+3.43,+16.823, +5.292,+0.967
1636286400,+3.43,+16.823, +5.253,+0.967
1636286460,+3.43,+16.823, +5.236,+0.967
1636286520,+3.43,+16.806, +5.210,+0.967
1636286580,+3.43,+16.815, +5.212,+0.967
1636286640,+3.43,+16.798, +5.273,+0.967
1636286700,+3.43,+16.798, +5.299,+0.967
1636286760,+3.43,+16.798, +5.306,+0.967
1636286820,+3.43,+16.823, +5.249,+0.967
1636286880,+3.42,+16.798, +5.237,+0.967
1636286940,+3.42,+16.798, +5.204,+0.967
1636287000,+3.42,+16.781, +5.195,+0.967
1636287060,+3.42,+16.798, +5.169,+0.967
1636287120,+3.42,+16.798, +5.130,+0.967
1636287180,+3.42,+16.789, +5.155,+0.967
1636287240,+3.42,+16.806, +5.177,+0.967
1636287300,+3.42,+16.798, +5.172,+0.967
1636287360,+3.42,+16.798, +5.164,+0.967
1636287420,+3.42,+16.789, +5.155,+0.967
1636287480,+3.42,+16.798, +5.118,+0.967
1636287540,+3.42,+16.781, +5.124,+0.967
1636287600,+3.42,+16.789, +5.097,+0.967
1636287660,+3.42,+16.764, +5.089,+0.967
1636287720,+3.42,+16.781, +5.073,+0.967
1636287780,+3.42,+16.789, +5.071,+0.967
1636287840,+3.42,+16.772, +5.095,+0.967
1636287900,+3.42,+16.755, +5.054,+0.967
1636287960,+3.42,+16.781, +5.077,+0.967
1636288020,+3.42,+16.781, +5.115,+0.967
1636288080,+3.42,+16.772, +5.096,+0.967
1636288140,+3.42,+16.772, +4.949,+0.967
1636288200,+3.42,+16.781, +4.924,+0.967
1636288260,+3.42,+16.789, +4.922,+0.967
1636288320,+3.42,+16.781, +4.936,+0.967
1636288380,+3.42,+16.781, +4.948,+0.967
1636288440,+3.42,+16.764, +4.930,+0.967
1636288500,+3.42,+16.781, +4.946,+0.967
1636288560,+3.42,+16.764, +4.952,+0.967
1636288620,+3.42,+16.772, +4.946,+0.967
1636288680,+3.42,+16.755, +4.986,+0.967
1636288740,+3.42,+16.755, +4.978,+0.967
1636288800,+3.42,+16.781, +4.938,+0.967
1636288860,+3.42,+16.764, +4.919,+0.967
1636288920,+3.42,+16.764, +4.910,+0.967
1636288980,+3.42,+16.764, +4.896,+0.967
1636289040,+3.42,+16.772, +4.917,+0.967
1636289100,+3.42,+16.764, +4.905,+0.968
1636289160,+3.42,+16.772, +4.875,+0.967
1636289220,+3.42,+16.772, +4.846,+0.967
1636289280,+3.42,+16.764, +4.818,+0.967
1636289340,+3.42,+16.764, +4.821,+0.967
1636289400,+3.42,+16.755, +4.817,+0.967
1636289460,+3.42,+16.772, +4.821,+0.967
1636289520,+3.42,+16.747, +4.842,+0.967
1636289580,+3.42,+16.772, +4.836,+0.967
1636289640,+3.42,+16.772, +4.839,+0.967
1636289700,+3.42,+16.781, +4.826,+0.967
1636289760,+3.42,+16.755, +4.832,+0.967
1636289820,+3.42,+16.755, +4.872,+0.967
1636289880,+3.42,+16.747, +4.877,+0.968
1636289940,+3.42,+16.755, +4.862,+0.967
1636290000,+3.42,+16.755, +4.851,+0.968
1636290060,+3.42,+16.747, +4.830,+0.968
1636290120,+3.42,+16.747, +4.818,+0.967
1636290180,+3.42,+16.755, +4.815,+0.968
1636290240,+3.42,+16.738, +4.832,+0.967
1636290300,+3.42,+16.747, +4.821,+0.967
1636290360,+3.42,+16.738, +4.800,+0.967
1636290420,+3.42,+16.730, +4.790,+0.967
1636290480,+3.42,+16.738, +4.786,+0.967
1636290540,+3.42,+16.721, +4.763,+0.967
1636290600,+3.42,+16.755, +4.738,+0.967
1636290660,+3.42,+16.747, +4.743,+0.967
1636290720,+3.42,+16.730, +4.720,+0.967
1636290780,+3.42,+16.747, +4.723,+0.967
1636290840,+3.42,+16.738, +4.713,+0.967
1636290900,+3.42,+16.730, +4.711,+0.967
1636290960,+3.42,+16.721, +4.702,+0.967
1636291020,+3.42,+16.755, +4.712,+0.967
1636291080,+3.42,+16.730, +4.709,+0.967
1636291140,+3.42,+16.738, +4.703,+0.968
1636291200,+3.42,+16.721, +4.701,+0.967
1636291260,+3.42,+16.730, +4.701,+0.967
1636291320,+3.42,+16.730, +4.701,+0.967
1636291380,+3.42,+16.730, +4.695,+0.967
1636291440,+3.42,+16.738, +4.682,+0.967
1636291500,+3.42,+16.730, +4.691,+0.967
1636291560,+3.42,+16.730, +4.683,+0.967
1636291620,+3.42,+16.721, +4.671,+0.967
1636291680,+3.42,+16.721, +4.667,+0.967
1636291740,+3.42,+16.721, +4.659,+0.967
1636291800,+3.42,+16.747, +4.645,+0.967
1636291860,+3.42,+16.713, +4.645,+0.967
1636291920,+3.42,+16.713, +4.631,+0.967
1636291980,+3.42,+16.713, +4.614,+0.967
1636292040,+3.42,+16.721, +4.616,+0.967
1636292100,+3.42,+16.721, +4.613,+0.967
1636292160,+3.42,+16.721, +4.631,+0.967
1636292220,+3.42,+16.713, +4.633,+0.967
1636292280,+3.42,+16.721, +4.636,+0.968
1636292340,+3.42,+16.721, +4.647,+0.968
1636292400,+3.42,+16.721, +4.632,+0.967
1636292460,+3.42,+16.696, +4.617,+0.967
1636292520,+3.42,+16.696, +4.603,+0.967
1636292580,+3.42,+16.704, +4.591,+0.967
1636292640,+3.42,+16.721, +4.581,+0.967
1636292700,+3.42,+16.730, +4.571,+0.967
1636292760,+3.42,+16.721, +4.573,+0.967
1636292820,+3.42,+16.713, +4.579,+0.967
1636292880,+3.42,+16.721, +4.578,+0.968
1636292940,+3.42,+16.713, +4.575,+0.967
1636293000,+3.42,+16.721, +4.568,+0.967
1636293060,+3.42,+16.721, +4.571,+0.968
1636293120,+3.42,+16.721, +4.578,+0.967
1636293180,+3.42,+16.713, +4.576,+0.967
1636293240,+3.42,+16.704, +4.577,+0.967
1636293300,+3.42,+16.713, +4.569,+0.967
1636293360,+3.42,+16.721, +4.573,+0.967
1636293420,+3.42,+16.704, +4.566,+0.967
1636293480,+3.42,+16.721, +4.541,+0.967
1636293540,+3.42,+16.713, +4.535,+0.967
1636293600,+3.42,+16.713, +4.529,+0.967
1636293660,+3.42,+16.721, +4.529,+0.967
1636293720,+3.42,+16.713, +4.545,+0.967
1636293780,+3.42,+16.721, +4.550,+0.967
1636293840,+3.42,+16.704, +4.571,+0.967
1636293900,+3.42,+16.721, +4.588,+0.967
1636293960,+3.42,+16.704, +4.596,+0.967
1636294020,+3.42,+16.704, +4.608,+0.967
1636294080,+3.42,+16.713, +4.608,+0.967
1636294140,+3.42,+16.696, +4.613,+0.967
1636294200,+3.42,+16.696, +4.612,+0.967
1636294260,+3.42,+16.704, +4.611,+0.967
1636294320,+3.42,+16.687, +4.613,+0.967
1636294380,+3.42,+16.704, +4.616,+0.967
1636294440,+3.42,+16.713, +4.616,+0.967
1636294500,+3.42,+16.696, +4.617,+0.967
1636294560,+3.42,+16.713, +4.609,+0.967
1636294620,+3.42,+16.704, +4.609,+0.967
1636294680,+3.42,+16.704, +4.607,+0.967
1636294740,+3.42,+16.704, +4.607,+0.968
1636294800,+3.42,+16.713, +4.598,+0.967
1636294860,+3.42,+16.713, +4.603,+0.967
1636294920,+3.42,+16.721, +4.625,+0.967
1636294980,+3.42,+16.721, +4.643,+0.967
1636295040,+3.42,+16.713, +4.647,+0.967
1636295100,+3.42,+16.704, +4.647,+0.967
1636295160,+3.42,+16.713, +4.649,+0.968
1636295220,+3.42,+16.687, +4.651,+0.967
1636295280,+3.42,+16.704, +4.655,+0.967
1636295340,+3.42,+16.704, +4.654,+0.967
1636295400,+3.42,+16.704, +4.654,+0.967
1636295460,+3.42,+16.704, +4.653,+0.967
1636295520,+3.42,+16.704, +4.663,+0.967
1636295580,+3.42,+16.713, +4.662,+0.967
1636295640,+3.42,+16.704, +4.674,+0.968
1636295700,+3.42,+16.704, +4.672,+0.967
1636295760,+3.42,+16.704, +4.661,+0.967
1636295820,+3.42,+16.704, +4.659,+0.967
1636295880,+3.42,+16.713, +4.654,+0.968
1636295940,+3.42,+16.713, +4.646,+0.967
1636296000,+3.42,+16.721, +4.638,+0.967
1636296060,+3.42,+16.730, +4.639,+0.967
1636296120,+3.42,+16.713, +4.633,+0.967
1636296180,+3.42,+16.713, +4.632,+0.967
1636296240,+3.42,+16.704, +4.637,+0.967
1636296300,+3.42,+16.704, +4.644,+0.967
1636296360,+3.42,+16.713, +4.642,+0.967
1636296420,+3.42,+16.721, +4.645,+0.968
1636296480,+3.42,+16.713, +4.640,+0.967
1636296540,+3.42,+16.713, +4.642,+0.967
1636296600,+3.42,+16.713, +4.652,+0.968
1636296660,+3.42,+16.704, +4.649,+0.967
1636296720,+3.42,+16.721, +4.653,+0.967
1636296780,+3.42,+16.721, +4.671,+0.967
1636296840,+3.42,+16.721, +4.680,+0.967
1636296900,+3.42,+16.721, +4.690,+0.968
1636296960,+3.42,+16.713, +4.698,+0.967
1636297020,+3.42,+16.713, +4.698,+0.967
1636297080,+3.42,+16.730, +4.692,+0.967
1636297140,+3.42,+16.730, +4.697,+0.967
1636297200,+3.42,+16.721, +4.695,+0.967
1636297260,+3.42,+16.713, +4.702,+0.967
1636297320,+3.42,+16.721, +4.696,+0.967
1636297380,+3.42,+16.730, +4.690,+0.967
1636297440,+3.42,+16.713, +4.696,+0.967
1636297500,+3.42,+16.738, +4.695,+0.967
1636297560,+3.42,+16.721, +4.693,+0.967
1636297620,+3.42,+16.704, +4.691,+0.967
1636297680,+3.42,+16.721, +4.676,+0.967
1636297740,+3.42,+16.713, +4.660,+0.967
1636297800,+3.42,+16.721, +4.651,+0.967
1636297860,+3.42,+16.730, +4.645,+0.967
1636297920,+3.42,+16.713, +4.646,+0.967
1636297980,+3.42,+16.730, +4.644,+0.967
1636298040,+3.42,+16.713, +4.646,+0.967
1636298100,+3.42,+16.721, +4.649,+0.967
1636298160,+3.42,+16.713, +4.649,+0.967
1636298220,+3.42,+16.713, +4.645,+0.967
1636298280,+3.42,+16.704, +4.639,+0.967
1636298340,+3.42,+16.713, +4.638,+0.967
1636298400,+3.42,+16.704, +4.644,+0.967
1636298460,+3.42,+16.721, +4.638,+0.967
1636298520,+3.42,+16.713, +4.631,+0.967
1636298580,+3.42,+16.713, +4.625,+0.967
1636298640,+3.42,+16.721, +4.622,+0.967
1636298700,+3.42,+16.730, +4.629,+0.967
1636298760,+3.42,+16.713, +4.636,+0.967
1636298820,+3.42,+16.721, +4.634,+0.967
1636298880,+3.42,+16.704, +4.638,+0.967
1636298940,+3.42,+16.730, +4.626,+0.967
1636299000,+3.42,+16.713, +4.625,+0.967
1636299060,+3.42,+16.721, +4.612,+0.967
1636299120,+3.42,+16.704, +4.613,+0.967
1636299180,+3.42,+16.730, +4.623,+0.967
1636299240,+3.42,+16.713, +4.639,+0.967
1636299300,+3.42,+16.738, +4.628,+0.967
1636299360,+3.42,+16.721, +4.616,+0.967
1636299420,+3.42,+16.721, +4.606,+0.967
1636299480,+3.42,+16.713, +4.593,+0.967
1636299540,+3.42,+16.713, +4.584,+0.967
1636299600,+3.42,+16.713, +4.582,+0.967
1636299660,+3.42,+16.713, +4.584,+0.967
1636299720,+3.42,+16.721, +4.570,+0.967
1636299780,+3.42,+16.704, +4.550,+0.967
1636299840,+3.42,+16.713, +4.555,+0.967
1636299900,+3.42,+16.721, +4.546,+0.967
1636299960,+3.42,+16.721, +4.556,+0.967
1636300020,+3.42,+16.704, +4.565,+0.968
1636300080,+3.42,+16.721, +4.561,+0.967
1636300140,+3.42,+16.704, +4.571,+0.968
1636300200,+3.42,+16.721, +4.568,+0.967
1636300260,+3.42,+16.730, +4.568,+0.967
1636300320,+3.42,+16.704, +4.568,+0.967
1636300380,+3.42,+16.721, +4.568,+0.967
1636300440,+3.42,+16.713, +4.571,+0.967
1636300500,+3.42,+16.713, +4.574,+0.967
1636300560,+3.42,+16.713, +4.577,+0.967
1636300620,+3.42,+16.721, +4.581,+0.967
1636300680,+3.42,+16.730, +4.583,+0.967
1636300740,+3.42,+16.730, +4.595,+0.967
1636300800,+3.42,+16.713, +4.611,+0.967
1636300860,+3.42,+16.721, +4.612,+0.967
1636300920,+3.42,+16.730, +4.603,+0.967
1636300980,+3.42,+16.721, +4.602,+0.967
1636301040,+3.42,+16.730, +4.604,+0.967
1636301100,+3.42,+16.704, +4.597,+0.967
1636301160,+3.42,+16.713, +4.583,+0.968
1636301220,+3.42,+16.730, +4.593,+0.967
1636301280,+3.42,+16.730, +4.601,+0.967
1636301340,+3.42,+16.713, +4.579,+0.967
1636301400,+3.42,+16.679, +4.545,+0.967
1636301460,+3.42,+16.738, +4.551,+0.967
1636301520,+3.42,+16.721, +4.587,+0.967
1636301580,+3.42,+16.721, +4.623,+0.967
1636301640,+3.42,+16.730, +4.637,+0.967
1636301700,+3.42,+16.721, +4.606,+0.967
1636301760,+3.42,+16.738, +4.555,+0.967
1636301820,+3.42,+16.721, +4.570,+0.967
1636301880,+3.42,+16.713, +4.618,+0.967
1636301940,+3.42,+16.747, +4.626,+0.967
1636302000,+3.42,+16.738, +4.658,+0.967
1636302060,+3.42,+16.704, +4.643,+0.967
1636302120,+3.42,+16.713, +4.646,+0.967
1636302180,+3.42,+16.704, +4.609,+0.967
1636302240,+3.42,+16.730, +4.599,+0.967
1636302300,+3.42,+16.738, +4.614,+0.967
1636302360,+3.42,+16.721, +4.648,+0.967
1636302420,+3.42,+16.738, +4.649,+0.967
1636302480,+3.42,+16.738, +4.658,+0.967
1636302540,+3.42,+16.721, +4.660,+0.967
1636302600,+3.42,+16.721, +4.643,+0.967
1636302660,+3.42,+16.730, +4.625,+0.967
1636302720,+3.42,+16.721, +4.623,+0.967
1636302780,+3.42,+16.738, +4.598,+0.967
1636302840,+3.42,+16.738, +4.599,+0.967
1636302900,+3.42,+16.730, +4.611,+0.967
1636302960,+3.42,+16.730, +4.622,+0.967
1636303020,+3.42,+16.730, +4.637,+0.967
1636303080,+3.42,+16.755, +4.612,+0.967
1636303140,+3.42,+16.747, +4.621,+0.967
1636303200,+3.42,+16.747, +4.581,+0.967
1636303260,+3.42,+16.747, +4.509,+0.967
1636303320,+3.42,+16.730, +4.486,+0.967
1636303380,+3.42,+16.738, +4.525,+0.967
1636303440,+3.42,+16.738, +4.570,+0.967
1636303500,+3.42,+16.747, +4.571,+0.967
1636303560,+3.42,+16.730, +4.632,+0.967
1636303620,+3.42,+16.764, +4.627,+0.967
1636303680,+3.42,+16.747, +4.609,+0.967
