7450-738779
OS REV: 1.05 Sensor Cal: 1615484540
Time (sec),  BV (Volts),  T (deg C),  DO (mg/l),  Q ()
1636390140,+3.41,+16.762, +5.303,+0.991
1636390200,+3.41,+16.762, +5.353,+0.991
1636390260,+3.41,+16.762, +5.359,+0.991
1636390320,+3.41,+16.796, +5.378,+0.991
1636390380,+3.41,+16.813, +5.498,+0.991
1636390440,+3.41,+16.847, +5.534,+0.992
1636390500,+3.41,+16.864, +5.557,+0.991
1636390560,+3.41,+16.881, +5.498,+0.991
1636390620,+3.41,+16.873, +5.507,+0.991
1636390680,+3.41,+16.907, +5.494,+0.991
1636390740,+3.41,+16.923, +5.483,+0.991
1636390800,+3.41,+16.923, +5.479,+0.991
1636390860,+3.41,+16.940, +5.468,+0.991
1636390920,+3.41,+16.940, +5.470,+0.991
1636390980,+3.41,+16.957, +5.494,+0.992
1636391040,+3.41,+16.949, +5.486,+0.991
1636391100,+3.41,+16.957, +5.474,+0.991
1636391160,+3.41,+16.940, +5.486,+0.991
1636391220,+3.41,+16.932, +5.514,+0.991
1636391280,+3.41,+16.940, +5.624,+0.991
1636391340,+3.41,+16.957, +5.603,+0.991
1636391400,+3.41,+16.949, +5.661,+0.991
1636391460,+3.41,+16.932, +5.608,+0.991
1636391520,+3.41,+16.940, +5.589,+0.991
1636391580,+3.41,+16.957, +5.647,+0.991
1636391640,+3.41,+16.932, +5.616,+0.991
1636391700,+3.41,+16.949, +5.630,+0.991
1636391760,+3.41,+16.932, +5.613,+0.991
1636391820,+3.41,+16.949, +5.657,+0.991
1636391880,+3.41,+16.940, +5.630,+0.991
1636391940,+3.41,+16.949, +5.652,+0.991
1636392000,+3.41,+16.957, +5.665,+0.991
1636392060,+3.41,+16.974, +5.779,+0.991
1636392120,+3.41,+16.966, +5.762,+0.991
1636392180,+3.41,+16.949, +5.707,+0.991
1636392240,+3.41,+16.957, +5.684,+0.991
1636392300,+3.41,+16.949, +5.692,+0.991
1636392360,+3.41,+16.957, +5.718,+0.991
1636392420,+3.41,+16.974, +5.864,+0.991
1636392480,+3.41,+17.000, +5.874,+0.991
1636392540,+3.41,+16.991, +5.804,+0.991
1636392600,+3.41,+16.991, +5.835,+0.991
1636392660,+3.41,+17.017, +5.842,+0.990
1636392720,+3.41,+17.034, +5.856,+0.990
1636392780,+3.41,+17.025, +5.896,+0.991
1636392840,+3.41,+17.034, +5.854,+0.990
1636392900,+3.41,+17.034, +5.852,+0.991
1636392960,+3.41,+17.042, +5.815,+0.990
1636393020,+3.41,+17.042, +5.831,+0.991
1636393080,+3.41,+17.059, +5.835,+0.990
1636393140,+3.41,+17.042, +5.838,+0.991
1636393200,+3.41,+17.034, +5.786,+0.991
1636393260,+3.41,+17.025, +5.806,+0.990
1636393320,+3.41,+17.008, +5.751,+0.991
1636393380,+3.41,+17.008, +5.724,+0.991
1636393440,+3.41,+17.017, +5.710,+0.991
1636393500,+3.41,+17.017, +5.783,+0.991
1636393560,+3.41,+17.034, +5.789,+0.991
1636393620,+3.41,+17.017, +5.828,+0.991
1636393680,+3.41,+17.034, +5.770,+0.991
1636393740,+3.41,+17.017, +5.786,+0.991
1636393800,+3.41,+17.076, +5.868,+0.991
1636393860,+3.41,+17.059, +5.818,+0.990
1636393920,+3.41,+17.042, +5.743,+0.991
1636393980,+3.41,+17.042, +5.718,+0.990
1636394040,+3.41,+17.059, +5.782,+0.991
1636394100,+3.41,+17.068, +5.778,+0.990
1636394160,+3.41,+17.059, +5.787,+0.991
1636394220,+3.41,+17.051, +5.772,+0.991
1636394280,+3.41,+17.051, +5.719,+0.991
1636394340,+3.41,+17.034, +5.737,+0.991
1636394400,+3.41,+17.051, +5.760,+0.991
1636394460,+3.41,+17.034, +5.762,+0.990
1636394520,+3.41,+17.025, +5.705,+0.991
1636394580,+3.41,+17.017, +5.665,+0.991
1636394640,+3.41,+17.034, +5.710,+0.990
1636394700,+3.41,+17.034, +5.686,+0.991
1636394760,+3.41,+17.042, +5.764,+0.990
1636394820,+3.41,+17.059, +5.743,+0.991
1636394880,+3.41,+17.042, +5.751,+0.991
1636394940,+3.41,+17.068, +5.715,+0.991
1636395000,+3.41,+17.085, +5.777,+0.991
1636395060,+3.41,+17.085, +5.773,+0.991
1636395120,+3.41,+17.068, +5.769,+0.991
1636395180,+3.41,+17.093, +5.842,+0.991
1636395240,+3.41,+17.102, +5.846,+0.990
1636395300,+3.41,+17.127, +5.894,+0.991
1636395360,+3.41,+17.102, +5.825,+0.991
1636395420,+3.41,+17.110, +5.820,+0.991
1636395480,+3.41,+17.127, +5.824,+0.991
1636395540,+3.41,+17.127, +5.833,+0.991
1636395600,+3.41,+17.127, +5.749,+0.991
1636395660,+3.41,+17.110, +5.721,+0.991
1636395720,+3.41,+17.102, +5.763,+0.991
1636395780,+3.41,+17.119, +5.761,+0.991
1636395840,+3.41,+17.110, +5.730,+0.991
1636395900,+3.41,+17.076, +5.712,+0.991
1636395960,+3.41,+17.102, +5.705,+0.991
1636396020,+3.41,+17.093, +5.710,+0.991
1636396080,+3.41,+17.093, +5.732,+0.991
1636396140,+3.41,+17.102, +5.740,+0.990
1636396200,+3.41,+17.110, +5.733,+0.990
1636396260,+3.41,+17.119, +5.730,+0.991
1636396320,+3.41,+17.110, +5.730,+0.991
1636396380,+3.41,+17.127, +5.748,+0.991
1636396440,+3.41,+17.127, +5.743,+0.991
1636396500,+3.41,+17.152, +5.791,+0.991
1636396560,+3.41,+17.152, +5.822,+0.991
1636396620,+3.41,+17.195, +5.838,+0.991
1636396680,+3.41,+17.195, +5.840,+0.991
1636396740,+3.41,+17.203, +5.845,+0.991
1636396800,+3.41,+17.220, +5.847,+0.991
1636396860,+3.41,+17.229, +5.840,+0.991
1636396920,+3.41,+17.212, +5.636,+0.991
1636396980,+3.41,+17.203, +5.780,+0.991
1636397040,+3.41,+17.246, +5.890,+0.991
1636397100,+3.41,+17.296, +5.916,+0.991
1636397160,+3.41,+17.322, +5.896,+0.991
1636397220,+3.41,+17.322, +5.914,+0.990
1636397280,+3.41,+17.347, +5.953,+0.990
1636397340,+3.41,+17.364, +5.939,+0.991
1636397400,+3.41,+17.356, +5.898,+0.990
1636397460,+3.41,+17.313, +5.914,+0.991
1636397520,+3.41,+17.330, +5.897,+0.990
1636397580,+3.41,+17.313, +5.925,+0.991
1636397640,+3.41,+17.313, +5.934,+0.990
1636397700,+3.41,+17.305, +5.931,+0.991
1636397760,+3.41,+17.330, +5.963,+0.990
1636397820,+3.41,+17.339, +5.989,+0.991
1636397880,+3.41,+17.347, +5.988,+0.991
1636397940,+3.41,+17.356, +5.988,+0.991
1636398000,+3.41,+17.356, +5.982,+0.991
1636398060,+3.41,+17.373, +6.039,+0.991
1636398120,+3.41,+17.381, +6.022,+0.991
1636398180,+3.41,+17.364, +6.016,+0.991
1636398240,+3.41,+17.356, +6.015,+0.991
1636398300,+3.41,+17.381, +6.077,+0.991
1636398360,+3.41,+17.398, +6.060,+0.991
1636398420,+3.41,+17.381, +6.033,+0.991
1636398480,+3.41,+17.373, +6.057,+0.991
1636398540,+3.41,+17.389, +6.062,+0.991
1636398600,+3.41,+17.389, +6.065,+0.991
1636398660,+3.41,+17.398, +6.061,+0.991
1636398720,+3.41,+17.381, +6.074,+0.990
1636398780,+3.41,+17.373, +6.049,+0.990
1636398840,+3.41,+17.364, +6.065,+0.991
1636398900,+3.41,+17.373, +6.064,+0.991
1636398960,+3.41,+17.364, +6.061,+0.991
1636399020,+3.41,+17.356, +6.050,+0.991
1636399080,+3.41,+17.339, +6.054,+0.991
1636399140,+3.41,+17.389, +6.087,+0.991
1636399200,+3.41,+17.406, +6.091,+0.991
1636399260,+3.41,+17.440, +6.097,+0.990
1636399320,+3.41,+17.432, +6.096,+0.991
1636399380,+3.41,+17.423, +6.097,+0.991
1636399440,+3.41,+17.449, +6.105,+0.991
1636399500,+3.41,+17.432, +6.088,+0.991
1636399560,+3.41,+17.423, +6.086,+0.991
1636399620,+3.41,+17.432, +6.084,+0.990
1636399680,+3.41,+17.423, +6.095,+0.991
1636399740,+3.41,+17.415, +6.083,+0.991
1636399800,+3.41,+17.406, +6.076,+0.990
1636399860,+3.41,+17.398, +6.085,+0.990
1636399920,+3.41,+17.398, +6.095,+0.990
1636399980,+3.41,+17.415, +6.089,+0.990
1636400040,+3.41,+17.389, +6.094,+0.990
1636400100,+3.41,+17.457, +6.126,+0.991
1636400160,+3.41,+17.482, +6.130,+0.991
1636400220,+3.41,+17.466, +6.140,+0.991
1636400280,+3.41,+17.499, +6.143,+0.991
1636400340,+3.41,+17.508, +6.141,+0.991
1636400400,+3.41,+17.499, +6.138,+0.991
1636400460,+3.41,+17.499, +6.139,+0.991
1636400520,+3.41,+17.491, +6.136,+0.991
1636400580,+3.41,+17.516, +6.153,+0.991
1636400640,+3.41,+17.499, +6.154,+0.991
1636400700,+3.41,+17.508, +6.163,+0.991
1636400760,+3.41,+17.516, +6.184,+0.991
1636400820,+3.41,+17.533, +6.175,+0.991
1636400880,+3.41,+17.525, +6.182,+0.991
1636400940,+3.41,+17.567, +6.239,+0.991
1636401000,+3.41,+17.550, +6.209,+0.991
1636401060,+3.41,+17.525, +6.213,+0.991
1636401120,+3.41,+17.516, +6.192,+0.991
1636401180,+3.41,+17.499, +6.191,+0.991
1636401240,+3.41,+17.516, +6.228,+0.991
1636401300,+3.41,+17.516, +6.209,+0.991
1636401360,+3.41,+17.525, +6.271,+0.991
1636401420,+3.41,+17.525, +6.270,+0.991
1636401480,+3.41,+17.533, +6.254,+0.991
1636401540,+3.41,+17.542, +6.282,+0.991
1636401600,+3.41,+17.533, +6.262,+0.991
1636401660,+3.41,+17.542, +6.268,+0.991
1636401720,+3.41,+17.533, +6.236,+0.991
1636401780,+3.41,+17.559, +6.274,+0.991
1636401840,+3.41,+17.533, +6.273,+0.991
1636401900,+3.41,+17.525, +6.252,+0.991
1636401960,+3.41,+17.533, +6.257,+0.991
1636402020,+3.41,+17.533, +6.251,+0.991
1636402080,+3.41,+17.525, +6.231,+0.991
1636402140,+3.41,+17.499, +6.227,+0.991
1636402200,+3.41,+17.491, +6.214,+0.991
1636402260,+3.41,+17.508, +6.207,+0.991
1636402320,+3.41,+17.482, +6.197,+0.991
1636402380,+3.41,+17.474, +6.206,+0.991
1636402440,+3.41,+17.474, +6.226,+0.991
1636402500,+3.41,+17.499, +6.235,+0.991
1636402560,+3.41,+17.508, +6.232,+0.991
1636402620,+3.41,+17.525, +6.222,+0.991
1636402680,+3.41,+17.525, +6.219,+0.991
1636402740,+3.41,+17.499, +6.197,+0.991
1636402800,+3.41,+17.516, +6.275,+0.991
1636402860,+3.41,+17.533, +6.290,+0.991
1636402920,+3.41,+17.559, +6.317,+0.991
1636402980,+3.41,+17.559, +6.393,+0.991
1636403040,+3.41,+17.575, +6.384,+0.991
1636403100,+3.41,+17.601, +6.476,+0.991
1636403160,+3.41,+17.601, +6.495,+0.991
1636403220,+3.41,+17.609, +6.511,+0.991
1636403280,+3.41,+17.592, +6.502,+0.991
1636403340,+3.41,+17.601, +6.501,+0.991
1636403400,+3.41,+17.592, +6.489,+0.991
1636403460,+3.41,+17.575, +6.549,+0.991
1636403520,+3.41,+17.609, +6.604,+0.991
1636403580,+3.41,+17.601, +6.546,+0.991
1636403640,+3.41,+17.601, +6.560,+0.991
1636403700,+3.41,+17.618, +6.596,+0.991
1636403760,+3.41,+17.618, +6.569,+0.991
1636403820,+3.41,+17.626, +6.586,+0.991
1636403880,+3.41,+17.609, +6.629,+0.991
1636403940,+3.41,+17.635, +6.618,+0.992
1636404000,+3.41,+17.626, +6.606,+0.991
1636404060,+3.41,+17.626, +6.610,+0.991
1636404120,+3.41,+17.635, +6.618,+0.991
1636404180,+3.41,+17.635, +6.599,+0.991
1636404240,+3.41,+17.635, +6.630,+0.991
1636404300,+3.41,+17.652, +6.639,+0.991
1636404360,+3.41,+17.660, +6.639,+0.991
1636404420,+3.41,+17.652, +6.596,+0.991
1636404480,+3.41,+17.668, +6.631,+0.991
1636404540,+3.41,+17.668, +6.627,+0.991
1636404600,+3.41,+17.668, +6.617,+0.991
1636404660,+3.41,+17.660, +6.640,+0.991
1636404720,+3.41,+17.668, +6.667,+0.991
1636404780,+3.41,+17.652, +6.652,+0.991
1636404840,+3.41,+17.660, +6.638,+0.991
1636404900,+3.41,+17.635, +6.660,+0.991
1636404960,+3.41,+17.643, +6.626,+0.991
1636405020,+3.41,+17.643, +6.680,+0.991
1636405080,+3.41,+17.643, +6.716,+0.991
1636405140,+3.41,+17.643, +6.685,+0.991
1636405200,+3.41,+17.635, +6.734,+0.991
1636405260,+3.41,+17.643, +6.740,+0.991
1636405320,+3.41,+17.643, +6.721,+0.991
1636405380,+3.41,+17.626, +6.675,+0.991
1636405440,+3.41,+17.635, +6.725,+0.991
1636405500,+3.41,+17.643, +6.838,+0.991
1636405560,+3.41,+17.643, +6.799,+0.991
1636405620,+3.41,+17.626, +6.748,+0.991
1636405680,+3.41,+17.626, +6.760,+0.991
1636405740,+3.41,+17.618, +6.822,+0.992
1636405800,+3.41,+17.635, +6.847,+0.991
1636405860,+3.41,+17.635, +6.860,+0.991
1636405920,+3.41,+17.626, +6.911,+0.991
1636405980,+3.41,+17.635, +6.916,+0.991
1636406040,+3.41,+17.635, +6.940,+0.991
1636406100,+3.41,+17.626, +6.937,+0.991
1636406160,+3.41,+17.652, +6.919,+0.991
1636406220,+3.41,+17.643, +6.908,+0.991
1636406280,+3.41,+17.652, +6.883,+0.991
1636406340,+3.41,+17.652, +6.855,+0.991
1636406400,+3.41,+17.660, +6.833,+0.991
1636406460,+3.41,+17.652, +6.814,+0.991
1636406520,+3.41,+17.635, +6.783,+0.991
1636406580,+3.41,+17.652, +6.757,+0.991
1636406640,+3.41,+17.652, +6.751,+0.991
1636406700,+3.41,+17.652, +6.727,+0.991
1636406760,+3.41,+17.643, +6.703,+0.991
1636406820,+3.41,+17.618, +6.677,+0.991
1636406880,+3.41,+17.626, +6.666,+0.991
1636406940,+3.41,+17.601, +6.655,+0.991
1636407000,+3.41,+17.609, +6.644,+0.991
1636407060,+3.41,+17.618, +6.618,+0.991
1636407120,+3.41,+17.626, +6.607,+0.991
1636407180,+3.41,+17.618, +6.601,+0.991
1636407240,+3.41,+17.618, +6.578,+0.991
1636407300,+3.41,+17.601, +6.573,+0.992
1636407360,+3.41,+17.584, +6.542,+0.992
1636407420,+3.41,+17.584, +6.541,+0.991
1636407480,+3.41,+17.592, +6.535,+0.991
1636407540,+3.41,+17.584, +6.580,+0.992
1636407600,+3.41,+17.575, +6.569,+0.991
1636407660,+3.41,+17.592, +6.563,+0.991
1636407720,+3.41,+17.592, +6.567,+0.991
1636407780,+3.41,+17.567, +6.551,+0.992
1636407840,+3.41,+17.575, +6.585,+0.991
1636407900,+3.41,+17.584, +6.588,+0.991
1636407960,+3.41,+17.584, +6.591,+0.991
1636408020,+3.41,+17.584, +6.564,+0.992
1636408080,+3.41,+17.567, +6.544,+0.992
1636408140,+3.41,+17.584, +6.559,+0.991
1636408200,+3.41,+17.567, +6.525,+0.992
1636408260,+3.41,+17.575, +6.578,+0.992
1636408320,+3.41,+17.584, +6.571,+0.991
1636408380,+3.41,+17.575, +6.558,+0.991
1636408440,+3.41,+17.584, +6.599,+0.991
1636408500,+3.41,+17.592, +6.560,+0.991
1636408560,+3.41,+17.575, +6.512,+0.992
1636408620,+3.41,+17.575, +6.532,+0.991
1636408680,+3.41,+17.567, +6.508,+0.991
1636408740,+3.41,+17.575, +6.538,+0.992
1636408800,+3.41,+17.542, +6.473,+0.992
1636408860,+3.41,+17.525, +6.501,+0.992
1636408920,+3.41,+17.542, +6.464,+0.992
1636408980,+3.41,+17.516, +6.472,+0.991
1636409040,+3.41,+17.508, +6.471,+0.991
1636409100,+3.41,+17.516, +6.483,+0.991
1636409160,+3.41,+17.482, +6.438,+0.992
1636409220,+3.41,+17.482, +6.476,+0.992
1636409280,+3.41,+17.499, +6.468,+0.992
1636409340,+3.41,+17.482, +6.442,+0.991
1636409400,+3.41,+17.508, +6.487,+0.992
1636409460,+3.41,+17.474, +6.441,+0.991
1636409520,+3.41,+17.482, +6.445,+0.992
1636409580,+3.41,+17.482, +6.475,+0.992
1636409640,+3.41,+17.491, +6.514,+0.992
1636409700,+3.41,+17.508, +6.537,+0.992
1636409760,+3.41,+17.516, +6.515,+0.992
1636409820,+3.41,+17.516, +6.578,+0.992
1636409880,+3.41,+17.525, +6.624,+0.992
1636409940,+3.41,+17.533, +6.614,+0.992
1636410000,+3.41,+17.559, +6.641,+0.992
1636410060,+3.41,+17.550, +6.671,+0.992
1636410120,+3.41,+17.567, +6.613,+0.991
1636410180,+3.41,+17.584, +6.658,+0.992
1636410240,+3.41,+17.559, +6.666,+0.992
1636410300,+3.41,+17.567, +6.669,+0.991
1636410360,+3.41,+17.584, +6.678,+0.991
1636410420,+3.41,+17.592, +6.655,+0.991
1636410480,+3.41,+17.567, +6.657,+0.992
1636410540,+3.41,+17.575, +6.694,+0.991
1636410600,+3.41,+17.575, +6.638,+0.992
1636410660,+3.41,+17.592, +6.679,+0.992
1636410720,+3.41,+17.592, +6.708,+0.992
1636410780,+3.41,+17.592, +6.718,+0.992
1636410840,+3.41,+17.584, +6.717,+0.992
1636410900,+3.41,+17.592, +6.708,+0.992
1636410960,+3.41,+17.584, +6.712,+0.992
1636411020,+3.41,+17.601, +6.704,+0.991
1636411080,+3.41,+17.584, +6.724,+0.992
1636411140,+3.41,+17.592, +6.724,+0.992
1636411200,+3.41,+17.601, +6.708,+0.992
1636411260,+3.41,+17.584, +6.711,+0.991
1636411320,+3.41,+17.609, +6.701,+0.991
1636411380,+3.41,+17.584, +6.715,+0.991
1636411440,+3.41,+17.601, +6.671,+0.992
1636411500,+3.41,+17.584, +6.707,+0.992
1636411560,+3.41,+17.575, +6.735,+0.992
1636411620,+3.41,+17.575, +6.725,+0.991
1636411680,+3.41,+17.575, +6.724,+0.992
1636411740,+3.41,+17.592, +6.725,+0.992
1636411800,+3.41,+17.575, +6.764,+0.992
1636411860,+3.41,+17.575, +6.804,+0.992
1636411920,+3.41,+17.575, +6.803,+0.992
1636411980,+3.41,+17.584, +6.807,+0.992
1636412040,+3.41,+17.575, +6.856,+0.992
1636412100,+3.41,+17.575, +6.819,+0.992
1636412160,+3.41,+17.575, +6.851,+0.992
1636412220,+3.41,+17.550, +6.915,+0.992
1636412280,+3.41,+17.567, +6.923,+0.992
1636412340,+3.41,+17.559, +6.914,+0.992
1636412400,+3.41,+17.559, +6.909,+0.992
1636412460,+3.41,+17.575, +6.890,+0.991
1636412520,+3.41,+17.559, +6.936,+0.992
1636412580,+3.41,+17.550, +6.968,+0.991
1636412640,+3.41,+17.533, +6.960,+0.992
1636412700,+3.41,+17.533, +6.963,+0.992
1636412760,+3.41,+17.542, +6.970,+0.991
1636412820,+3.41,+17.525, +6.975,+0.992
1636412880,+3.41,+17.525, +6.954,+0.992
1636412940,+3.41,+17.542, +6.912,+0.991
1636413000,+3.41,+17.533, +6.922,+0.992
1636413060,+3.41,+17.508, +6.959,+0.992
1636413120,+3.41,+17.508, +6.952,+0.992
1636413180,+3.41,+17.516, +6.934,+0.992
1636413240,+3.41,+17.499, +6.882,+0.992
1636413300,+3.41,+17.491, +6.880,+0.992
1636413360,+3.41,+17.466, +6.866,+0.992
1636413420,+3.41,+17.457, +6.857,+0.992
1636413480,+3.41,+17.482, +6.824,+0.992
1636413540,+3.41,+17.474, +6.826,+0.992
1636413600,+3.41,+17.491, +6.844,+0.992
1636413660,+3.41,+17.499, +6.872,+0.992
1636413720,+3.41,+17.499, +6.879,+0.992
1636413780,+3.41,+17.474, +6.848,+0.991
1636413840,+3.41,+17.449, +6.848,+0.991
1636413900,+3.41,+17.474, +6.901,+0.992
1636413960,+3.41,+17.491, +6.931,+0.992
1636414020,+3.41,+17.457, +6.975,+0.991
1636414080,+3.41,+17.449, +6.981,+0.991
1636414140,+3.41,+17.449, +7.015,+0.992
1636414200,+3.41,+17.440, +7.030,+0.992
1636414260,+3.41,+17.423, +7.046,+0.992
1636414320,+3.41,+17.432, +7.058,+0.991
1636414380,+3.41,+17.432, +7.068,+0.991
1636414440,+3.41,+17.440, +7.056,+0.992
1636414500,+3.41,+17.423, +7.047,+0.992
1636414560,+3.41,+17.423, +7.067,+0.992
1636414620,+3.41,+17.423, +7.074,+0.992
1636414680,+3.41,+17.423, +7.070,+0.991
1636414740,+3.41,+17.423, +7.100,+0.992
1636414800,+3.41,+17.432, +7.110,+0.992
1636414860,+3.41,+17.432, +7.087,+0.991
1636414920,+3.41,+17.423, +7.084,+0.991
1636414980,+3.41,+17.440, +7.056,+0.991
1636415040,+3.41,+17.423, +7.057,+0.992
1636415100,+3.41,+17.423, +7.048,+0.992
1636415160,+3.41,+17.432, +7.044,+0.992
1636415220,+3.41,+17.415, +7.044,+0.992
1636415280,+3.41,+17.432, +7.036,+0.992
1636415340,+3.41,+17.432, +7.029,+0.991
1636415400,+3.41,+17.440, +7.038,+0.992
1636415460,+3.41,+17.423, +7.050,+0.992
1636415520,+3.41,+17.440, +7.055,+0.992
1636415580,+3.41,+17.440, +7.056,+0.992
1636415640,+3.41,+17.440, +7.061,+0.992
1636415700,+3.41,+17.440, +7.044,+0.992
1636415760,+3.41,+17.449, +7.032,+0.992
1636415820,+3.41,+17.449, +7.026,+0.992
1636415880,+3.41,+17.466, +7.016,+0.992
1636415940,+3.41,+17.474, +7.027,+0.992
1636416000,+3.41,+17.474, +7.040,+0.992
1636416060,+3.41,+17.457, +7.053,+0.992
1636416120,+3.41,+17.482, +7.059,+0.992
1636416180,+3.41,+17.482, +7.068,+0.992
1636416240,+3.41,+17.491, +7.101,+0.992
1636416300,+3.41,+17.491, +7.133,+0.992
1636416360,+3.41,+17.474, +7.148,+0.992
1636416420,+3.41,+17.491, +7.162,+0.992
1636416480,+3.41,+17.491, +7.132,+0.991
1636416540,+3.41,+17.440, +7.048,+0.992
1636416600,+3.41,+17.440, +7.000,+0.991
1636416660,+3.41,+17.440, +7.024,+0.992
1636416720,+3.41,+17.449, +7.030,+0.991
1636416780,+3.41,+17.457, +7.043,+0.992
1636416840,+3.41,+17.466, +7.047,+0.991
1636416900,+3.41,+17.491, +7.060,+0.992
1636416960,+3.41,+17.466, +7.072,+0.991
1636417020,+3.41,+17.466, +7.094,+0.992
1636417080,+3.41,+17.482, +7.087,+0.991
1636417140,+3.41,+17.491, +7.097,+0.992
1636417200,+3.41,+17.499, +7.108,+0.991
1636417260,+3.41,+17.499, +7.129,+0.991
1636417320,+3.41,+17.491, +7.140,+0.992
1636417380,+3.41,+17.482, +7.143,+0.991
1636417440,+3.41,+17.482, +7.149,+0.992
1636417500,+3.41,+17.474, +7.137,+0.992
1636417560,+3.41,+17.482, +7.132,+0.992
1636417620,+3.41,+17.508, +7.130,+0.992
1636417680,+3.41,+17.482, +7.135,+0.992
1636417740,+3.41,+17.474, +7.127,+0.991
1636417800,+3.41,+17.491, +7.114,+0.992
1636417860,+3.41,+17.482, +7.103,+0.992
1636417920,+3.41,+17.466, +7.085,+0.991
1636417980,+3.41,+17.499, +7.067,+0.991
1636418040,+3.41,+17.482, +7.067,+0.992
1636418100,+3.41,+17.491, +7.081,+0.992
1636418160,+3.41,+17.482, +7.091,+0.991
1636418220,+3.41,+17.491, +7.094,+0.992
1636418280,+3.41,+17.491, +7.094,+0.992
1636418340,+3.41,+17.474, +7.092,+0.991
1636418400,+3.41,+17.474, +7.093,+0.991
1636418460,+3.41,+17.491, +7.089,+0.991
1636418520,+3.41,+17.491, +7.095,+0.992
1636418580,+3.41,+17.474, +7.092,+0.992
1636418640,+3.41,+17.466, +7.099,+0.992
1636418700,+3.41,+17.474, +7.093,+0.992
1636418760,+3.41,+17.466, +7.082,+0.992
1636418820,+3.41,+17.457, +7.074,+0.991
1636418880,+3.41,+17.449, +7.050,+0.991
1636418940,+3.41,+17.457, +7.032,+0.991
1636419000,+3.41,+17.432, +7.033,+0.992
1636419060,+3.41,+17.432, +7.023,+0.992
1636419120,+3.41,+17.415, +6.993,+0.992
1636419180,+3.41,+17.432, +6.971,+0.992
1636419240,+3.41,+17.432, +6.956,+0.992
1636419300,+3.41,+17.432, +6.950,+0.992
1636419360,+3.41,+17.432, +6.953,+0.992
1636419420,+3.41,+17.415, +6.939,+0.991
1636419480,+3.41,+17.423, +6.930,+0.992
1636419540,+3.41,+17.432, +6.928,+0.992
1636419600,+3.41,+17.440, +6.919,+0.991
1636419660,+3.41,+17.432, +6.919,+0.992
1636419720,+3.41,+17.432, +6.925,+0.992
1636419780,+3.41,+17.423, +6.920,+0.991
1636419840,+3.41,+17.432, +6.919,+0.992
1636419900,+3.41,+17.432, +6.922,+0.992
1636419960,+3.41,+17.415, +6.910,+0.992
1636420020,+3.41,+17.423, +6.903,+0.992
1636420080,+3.41,+17.423, +6.894,+0.992
1636420140,+3.41,+17.415, +6.891,+0.991
1636420200,+3.41,+17.423, +6.896,+0.992
1636420260,+3.41,+17.406, +6.908,+0.992
1636420320,+3.41,+17.423, +6.899,+0.992
1636420380,+3.41,+17.415, +6.911,+0.992
1636420440,+3.41,+17.406, +6.904,+0.991
1636420500,+3.41,+17.432, +6.905,+0.992
1636420560,+3.41,+17.406, +6.919,+0.992
1636420620,+3.41,+17.415, +6.917,+0.992
1636420680,+3.41,+17.415, +6.913,+0.992
1636420740,+3.41,+17.406, +6.909,+0.992
1636420800,+3.41,+17.406, +6.899,+0.992
1636420860,+3.41,+17.423, +6.896,+0.992
1636420920,+3.41,+17.389, +6.886,+0.992
1636420980,+3.41,+17.406, +6.874,+0.992
1636421040,+3.41,+17.398, +6.855,+0.992
1636421100,+3.41,+17.389, +6.859,+0.993
1636421160,+3.41,+17.398, +6.833,+0.992
1636421220,+3.41,+17.398, +6.840,+0.991
1636421280,+3.41,+17.398, +6.857,+0.992
1636421340,+3.41,+17.373, +6.849,+0.991
1636421400,+3.41,+17.356, +6.822,+0.992
1636421460,+3.41,+17.373, +6.775,+0.992
1636421520,+3.41,+17.356, +6.760,+0.992
1636421580,+3.41,+17.373, +6.737,+0.992
1636421640,+3.41,+17.364, +6.739,+0.991
1636421700,+3.41,+17.364, +6.755,+0.992
1636421760,+3.41,+17.364, +6.749,+0.992
1636421820,+3.41,+17.373, +6.735,+0.992
1636421880,+3.41,+17.364, +6.738,+0.992
1636421940,+3.41,+17.339, +6.732,+0.992
1636422000,+3.41,+17.356, +6.722,+0.992
1636422060,+3.41,+17.339, +6.721,+0.992
1636422120,+3.41,+17.330, +6.701,+0.991
1636422180,+3.41,+17.330, +6.679,+0.992
1636422240,+3.41,+17.313, +6.653,+0.992
1636422300,+3.41,+17.330, +6.626,+0.992
1636422360,+3.41,+17.330, +6.604,+0.991
1636422420,+3.41,+17.322, +6.595,+0.992
1636422480,+3.41,+17.322, +6.589,+0.992
1636422540,+3.41,+17.313, +6.565,+0.992
1636422600,+3.41,+17.322, +6.557,+0.992
1636422660,+3.41,+17.330, +6.561,+0.992
1636422720,+3.41,+17.339, +6.580,+0.992
1636422780,+3.41,+17.330, +6.594,+0.992
1636422840,+3.41,+17.330, +6.598,+0.992
1636422900,+3.41,+17.313, +6.591,+0.992
1636422960,+3.41,+17.330, +6.585,+0.992
1636423020,+3.41,+17.330, +6.603,+0.992
1636423080,+3.41,+17.322, +6.620,+0.992
1636423140,+3.41,+17.322, +6.626,+0.992
1636423200,+3.41,+17.322, +6.627,+0.992
1636423260,+3.41,+17.356, +6.625,+0.992
1636423320,+3.41,+17.330, +6.628,+0.992
1636423380,+3.41,+17.330, +6.640,+0.992
1636423440,+3.41,+17.330, +6.651,+0.992
1636423500,+3.41,+17.322, +6.661,+0.991
1636423560,+3.41,+17.330, +6.673,+0.992
1636423620,+3.41,+17.339, +6.686,+0.992
1636423680,+3.41,+17.339, +6.711,+0.992
1636423740,+3.41,+17.322, +6.736,+0.992
1636423800,+3.41,+17.330, +6.749,+0.992
1636423860,+3.41,+17.339, +6.756,+0.992
1636423920,+3.41,+17.322, +6.762,+0.992
1636423980,+3.41,+17.322, +6.760,+0.992
1636424040,+3.41,+17.330, +6.742,+0.992
1636424100,+3.41,+17.322, +6.745,+0.992
1636424160,+3.41,+17.313, +6.739,+0.992
1636424220,+3.41,+17.339, +6.729,+0.992
1636424280,+3.41,+17.305, +6.736,+0.992
1636424340,+3.41,+17.305, +6.729,+0.992
1636424400,+3.41,+17.313, +6.725,+0.992
1636424460,+3.41,+17.322, +6.729,+0.992
1636424520,+3.41,+17.313, +6.731,+0.992
1636424580,+3.41,+17.296, +6.747,+0.992
1636424640,+3.41,+17.296, +6.732,+0.992
1636424700,+3.41,+17.313, +6.721,+0.992
1636424760,+3.41,+17.305, +6.716,+0.992
1636424820,+3.41,+17.313, +6.708,+0.992
1636424880,+3.41,+17.296, +6.714,+0.992
1636424940,+3.41,+17.296, +6.712,+0.992
1636425000,+3.41,+17.271, +6.704,+0.992
1636425060,+3.41,+17.279, +6.664,+0.992
1636425120,+3.41,+17.262, +6.627,+0.991
1636425180,+3.41,+17.254, +6.583,+0.992
1636425240,+3.41,+17.262, +6.532,+0.992
1636425300,+3.41,+17.262, +6.492,+0.991
1636425360,+3.41,+17.271, +6.472,+0.992
1636425420,+3.41,+17.271, +6.451,+0.992
1636425480,+3.41,+17.271, +6.452,+0.992
1636425540,+3.41,+17.262, +6.472,+0.992
1636425600,+3.41,+17.246, +6.469,+0.992
1636425660,+3.41,+17.246, +6.459,+0.992
1636425720,+3.41,+17.220, +6.394,+0.992
1636425780,+3.41,+17.195, +6.343,+0.992
1636425840,+3.41,+17.186, +6.289,+0.991
1636425900,+3.41,+17.186, +6.247,+0.992
1636425960,+3.41,+17.203, +6.241,+0.992
1636426020,+3.41,+17.212, +6.284,+0.992
1636426080,+3.41,+17.203, +6.311,+0.991
1636426140,+3.41,+17.212, +6.328,+0.992
1636426200,+3.41,+17.220, +6.342,+0.992
1636426260,+3.41,+17.229, +6.355,+0.992
1636426320,+3.41,+17.237, +6.359,+0.991
1636426380,+3.41,+17.237, +6.379,+0.992
1636426440,+3.41,+17.212, +6.380,+0.992
1636426500,+3.41,+17.220, +6.357,+0.992
1636426560,+3.41,+17.220, +6.340,+0.992
1636426620,+3.41,+17.203, +6.315,+0.991
1636426680,+3.41,+17.220, +6.297,+0.992
1636426740,+3.41,+17.229, +6.275,+0.992
1636426800,+3.41,+17.220, +6.275,+0.992
1636426860,+3.41,+17.220, +6.285,+0.992
1636426920,+3.41,+17.220, +6.303,+0.991
1636426980,+3.41,+17.229, +6.318,+0.992
1636427040,+3.41,+17.220, +6.314,+0.992
1636427100,+3.41,+17.220, +6.306,+0.992
1636427160,+3.41,+17.220, +6.306,+0.992
1636427220,+3.41,+17.212, +6.305,+0.992
1636427280,+3.41,+17.212, +6.320,+0.992
1636427340,+3.41,+17.212, +6.321,+0.992
1636427400,+3.41,+17.220, +6.310,+0.992
1636427460,+3.41,+17.203, +6.293,+0.992
1636427520,+3.41,+17.220, +6.268,+0.992
1636427580,+3.41,+17.212, +6.293,+0.992
1636427640,+3.41,+17.212, +6.325,+0.992
1636427700,+3.41,+17.203, +6.338,+0.991
1636427760,+3.41,+17.195, +6.362,+0.992
1636427820,+3.41,+17.195, +6.374,+0.992
1636427880,+3.41,+17.195, +6.397,+0.991
1636427940,+3.41,+17.186, +6.417,+0.992
1636428000,+3.41,+17.186, +6.375,+0.992
1636428060,+3.41,+17.186, +6.325,+0.992
1636428120,+3.41,+17.178, +6.280,+0.992
1636428180,+3.41,+17.186, +6.239,+0.992
1636428240,+3.41,+17.152, +6.213,+0.992
1636428300,+3.41,+17.161, +6.191,+0.992
1636428360,+3.41,+17.178, +6.185,+0.992
1636428420,+3.41,+17.169, +6.164,+0.992
1636428480,+3.41,+17.161, +6.128,+0.992
1636428540,+3.41,+17.152, +6.082,+0.992
1636428600,+3.41,+17.169, +6.033,+0.992
1636428660,+3.41,+17.161, +5.989,+0.992
1636428720,+3.41,+17.152, +6.001,+0.992
1636428780,+3.41,+17.169, +6.114,+0.992
1636428840,+3.41,+17.152, +6.190,+0.992
1636428900,+3.41,+17.152, +6.238,+0.992
1636428960,+3.41,+17.161, +6.150,+0.992
1636429020,+3.41,+17.135, +6.107,+0.992
1636429080,+3.41,+17.135, +6.136,+0.992
1636429140,+3.41,+17.152, +6.168,+0.992
1636429200,+3.41,+17.169, +6.206,+0.992
1636429260,+3.41,+17.152, +6.318,+0.992
1636429320,+3.41,+17.152, +6.379,+0.992
1636429380,+3.41,+17.169, +6.277,+0.992
1636429440,+3.41,+17.127, +6.164,+0.992
1636429500,+3.41,+17.119, +6.099,+0.991
1636429560,+3.41,+17.093, +6.126,+0.992
1636429620,+3.41,+17.110, +6.176,+0.992
1636429680,+3.41,+17.110, +6.203,+0.992
1636429740,+3.41,+17.119, +6.191,+0.992
1636429800,+3.41,+17.127, +6.200,+0.992
1636429860,+3.41,+17.127, +6.238,+0.992
1636429920,+3.41,+17.127, +6.283,+0.992
1636429980,+3.41,+17.144, +6.282,+0.992
1636430040,+3.41,+17.135, +6.288,+0.992
1636430100,+3.41,+17.119, +6.284,+0.992
1636430160,+3.41,+17.127, +6.274,+0.992
1636430220,+3.41,+17.119, +6.272,+0.992
1636430280,+3.41,+17.135, +6.285,+0.992
1636430340,+3.41,+17.135, +6.290,+0.992
1636430400,+3.41,+17.119, +6.305,+0.992
1636430460,+3.41,+17.127, +6.302,+0.992
1636430520,+3.41,+17.110, +6.313,+0.992
1636430580,+3.41,+17.119, +6.300,+0.992
1636430640,+3.41,+17.110, +6.287,+0.992
1636430700,+3.41,+17.102, +6.281,+0.992
1636430760,+3.41,+17.127, +6.273,+0.992
1636430820,+3.41,+17.110, +6.277,+0.992
1636430880,+3.41,+17.119, +6.269,+0.992
1636430940,+3.41,+17.119, +6.265,+0.992
1636431000,+3.41,+17.119, +6.262,+0.992
1636431060,+3.41,+17.135, +6.247,+0.992
1636431120,+3.41,+17.102, +6.243,+0.992
1636431180,+3.41,+17.102, +6.230,+0.992
1636431240,+3.41,+17.110, +6.214,+0.992
1636431300,+3.41,+17.093, +6.216,+0.992
1636431360,+3.41,+17.102, +6.208,+0.992
1636431420,+3.41,+17.102, +6.182,+0.992
1636431480,+3.41,+17.110, +6.159,+0.991
1636431540,+3.41,+17.102, +6.150,+0.992
1636431600,+3.41,+17.102, +6.131,+0.992
1636431660,+3.41,+17.102, +6.124,+0.992
1636431720,+3.41,+17.085, +6.104,+0.992
1636431780,+3.41,+17.093, +6.098,+0.992
1636431840,+3.41,+17.093, +6.096,+0.992
1636431900,+3.41,+17.085, +6.091,+0.992
1636431960,+3.41,+17.085, +6.087,+0.992
1636432020,+3.41,+17.085, +6.086,+0.992
1636432080,+3.41,+17.068, +6.078,+0.992
1636432140,+3.41,+17.085, +6.063,+0.991
1636432200,+3.41,+17.076, +6.077,+0.992
1636432260,+3.41,+17.076, +6.092,+0.992
1636432320,+3.41,+17.076, +6.079,+0.992
1636432380,+3.41,+17.059, +6.082,+0.992
1636432440,+3.41,+17.059, +6.075,+0.992
1636432500,+3.41,+17.059, +6.070,+0.992
1636432560,+3.41,+17.051, +6.072,+0.992
1636432620,+3.41,+17.051, +6.058,+0.992
1636432680,+3.41,+17.068, +6.040,+0.992
1636432740,+3.41,+17.059, +6.025,+0.992
1636432800,+3.41,+17.051, +6.016,+0.992
1636432860,+3.41,+17.059, +6.006,+0.992
1636432920,+3.41,+17.059, +6.006,+0.992
1636432980,+3.41,+17.042, +6.001,+0.992
1636433040,+3.41,+17.051, +5.982,+0.992
1636433100,+3.41,+17.042, +5.974,+0.992
1636433160,+3.41,+17.051, +5.959,+0.992
1636433220,+3.41,+17.042, +5.966,+0.992
1636433280,+3.41,+17.042, +5.979,+0.992
1636433340,+3.41,+17.042, +5.989,+0.992
1636433400,+3.41,+17.034, +6.009,+0.992
1636433460,+3.41,+17.025, +6.015,+0.992
1636433520,+3.41,+17.042, +5.999,+0.992
1636433580,+3.41,+17.025, +5.993,+0.992
1636433640,+3.41,+17.042, +6.005,+0.992
1636433700,+3.41,+17.025, +6.000,+0.992
1636433760,+3.41,+17.025, +6.001,+0.992
1636433820,+3.41,+17.034, +6.009,+0.992
1636433880,+3.41,+17.034, +6.037,+0.992
1636433940,+3.41,+17.025, +6.055,+0.992
1636434000,+3.41,+17.034, +6.063,+0.992
1636434060,+3.41,+17.025, +6.074,+0.992
1636434120,+3.41,+17.034, +6.091,+0.992
1636434180,+3.41,+17.025, +6.097,+0.992
1636434240,+3.41,+17.042, +6.091,+0.992
1636434300,+3.41,+17.017, +6.094,+0.992
1636434360,+3.41,+17.042, +6.088,+0.992
1636434420,+3.41,+17.034, +6.085,+0.992
1636434480,+3.41,+17.017, +6.084,+0.992
1636434540,+3.41,+17.017, +6.097,+0.992
1636434600,+3.41,+17.025, +6.116,+0.992
1636434660,+3.41,+17.008, +6.163,+0.992
1636434720,+3.41,+17.025, +6.166,+0.992
1636434780,+3.41,+17.008, +6.156,+0.992
1636434840,+3.41,+17.000, +6.170,+0.992
1636434900,+3.41,+17.017, +6.169,+0.992
1636434960,+3.41,+17.017, +6.180,+0.992
1636435020,+3.41,+17.000, +6.200,+0.992
1636435080,+3.41,+17.000, +6.195,+0.992
1636435140,+3.41,+16.991, +6.186,+0.992
1636435200,+3.41,+17.008, +6.178,+0.992
1636435260,+3.41,+17.017, +6.182,+0.992
1636435320,+3.41,+17.008, +6.190,+0.992
1636435380,+3.41,+16.991, +6.186,+0.992
1636435440,+3.41,+16.983, +6.181,+0.992
1636435500,+3.41,+16.991, +6.175,+0.992
1636435560,+3.41,+16.983, +6.120,+0.992
1636435620,+3.41,+16.983, +6.099,+0.992
1636435680,+3.41,+17.000, +6.089,+0.992
1636435740,+3.41,+16.983, +6.094,+0.992
1636435800,+3.41,+16.983, +6.088,+0.992
1636435860,+3.41,+16.991, +6.072,+0.992
1636435920,+3.41,+16.991, +6.080,+0.992
1636435980,+3.41,+16.991, +6.055,+0.992
1636436040,+3.41,+16.974, +6.063,+0.992
1636436100,+3.41,+16.966, +6.057,+0.992
1636436160,+3.41,+16.966, +6.035,+0.992
1636436220,+3.41,+16.974, +6.034,+0.992
1636436280,+3.41,+16.966, +6.061,+0.992
1636436340,+3.41,+16.974, +6.072,+0.992
1636436400,+3.41,+16.974, +6.053,+0.992
1636436460,+3.41,+16.974, +6.062,+0.992
1636436520,+3.41,+16.966, +6.070,+0.992
1636436580,+3.41,+16.983, +6.105,+0.992
1636436640,+3.41,+16.957, +6.134,+0.992
1636436700,+3.41,+16.966, +6.151,+0.992
1636436760,+3.41,+16.974, +6.152,+0.991
1636436820,+3.41,+16.957, +6.179,+0.992
1636436880,+3.41,+16.957, +6.180,+0.992
1636436940,+3.41,+16.957, +6.168,+0.992
1636437000,+3.41,+16.974, +6.144,+0.992
1636437060,+3.41,+16.957, +6.152,+0.992
1636437120,+3.41,+16.957, +6.168,+0.992
1636437180,+3.41,+16.940, +6.175,+0.992
1636437240,+3.41,+16.966, +6.155,+0.992
1636437300,+3.41,+16.966, +6.155,+0.992
1636437360,+3.41,+16.940, +6.144,+0.992
1636437420,+3.41,+16.940, +6.116,+0.992
1636437480,+3.41,+16.949, +6.109,+0.992
1636437540,+3.41,+16.949, +6.101,+0.992
1636437600,+3.41,+16.940, +6.129,+0.992
1636437660,+3.41,+16.932, +6.138,+0.992
1636437720,+3.41,+16.940, +6.137,+0.992
1636437780,+3.41,+16.932, +6.133,+0.992
1636437840,+3.41,+16.932, +6.128,+0.992
1636437900,+3.41,+16.923, +6.123,+0.992
1636437960,+3.41,+16.932, +6.117,+0.992
1636438020,+3.42,+16.932, +6.092,+0.992
1636438080,+3.41,+16.915, +6.091,+0.992
1636438140,+3.41,+16.923, +6.079,+0.992
1636438200,+3.41,+16.932, +6.060,+0.992
1636438260,+3.41,+16.915, +6.057,+0.992
1636438320,+3.41,+16.932, +6.050,+0.992
1636438380,+3.41,+16.915, +6.064,+0.992
1636438440,+3.41,+16.932, +6.066,+0.992
1636438500,+3.41,+16.932, +6.072,+0.992
1636438560,+3.41,+16.932, +6.080,+0.992
1636438620,+3.41,+16.923, +6.066,+0.992
1636438680,+3.41,+16.932, +6.069,+0.992
1636438740,+3.41,+16.923, +6.076,+0.992
1636438800,+3.41,+16.915, +6.098,+0.992
1636438860,+3.41,+16.932, +6.118,+0.992
1636438920,+3.41,+16.923, +6.127,+0.992
1636438980,+3.41,+16.923, +6.108,+0.992
1636439040,+3.41,+16.907, +6.056,+0.992
1636439100,+3.41,+16.932, +6.008,+0.992
1636439160,+3.41,+16.932, +5.992,+0.992
1636439220,+3.41,+16.940, +5.996,+0.992
1636439280,+3.41,+16.923, +6.001,+0.992
1636439340,+3.41,+16.907, +5.974,+0.992
1636439400,+3.41,+16.915, +5.944,+0.992
1636439460,+3.41,+16.898, +6.017,+0.992
1636439520,+3.41,+16.915, +6.059,+0.992
1636439580,+3.41,+16.907, +6.064,+0.992
1636439640,+3.41,+16.907, +6.049,+0.992
1636439700,+3.41,+16.907, +6.036,+0.992
1636439760,+3.41,+16.923, +6.044,+0.992
1636439820,+3.41,+16.923, +6.052,+0.992
1636439880,+3.41,+16.915, +6.062,+0.992
1636439940,+3.41,+16.915, +6.042,+0.992
1636440000,+3.42,+16.915, +6.028,+0.992
1636440060,+3.41,+16.907, +6.029,+0.992
1636440120,+3.42,+16.923, +6.009,+0.992
1636440180,+3.41,+16.898, +5.996,+0.992
1636440240,+3.42,+16.907, +6.003,+0.992
1636440300,+3.41,+16.907, +6.003,+0.992
1636440360,+3.41,+16.898, +6.017,+0.992
1636440420,+3.41,+16.898, +6.045,+0.992
1636440480,+3.41,+16.881, +6.069,+0.992
1636440540,+3.41,+16.898, +6.075,+0.992
1636440600,+3.41,+16.907, +6.086,+0.992
1636440660,+3.41,+16.915, +6.090,+0.992
1636440720,+3.41,+16.890, +6.095,+0.992
1636440780,+3.41,+16.907, +6.093,+0.992
1636440840,+3.41,+16.898, +6.104,+0.992
1636440900,+3.41,+16.890, +6.092,+0.992
1636440960,+3.41,+16.890, +6.077,+0.992
1636441020,+3.41,+16.898, +6.070,+0.992
1636441080,+3.41,+16.890, +6.064,+0.992
1636441140,+3.41,+16.907, +6.060,+0.992
1636441200,+3.41,+16.890, +6.073,+0.992
1636441260,+3.41,+16.907, +6.053,+0.992
1636441320,+3.41,+16.907, +6.034,+0.992
1636441380,+3.41,+16.890, +6.018,+0.992
1636441440,+3.41,+16.890, +6.015,+0.992
1636441500,+3.41,+16.898, +6.054,+0.992
1636441560,+3.41,+16.890, +6.056,+0.992
1636441620,+3.41,+16.890, +6.059,+0.992
1636441680,+3.41,+16.890, +6.056,+0.992
1636441740,+3.41,+16.881, +6.056,+0.992
1636441800,+3.41,+16.881, +6.056,+0.992
1636441860,+3.41,+16.873, +6.060,+0.992
1636441920,+3.41,+16.898, +6.055,+0.992
1636441980,+3.41,+16.890, +6.039,+0.992
1636442040,+3.41,+16.881, +6.047,+0.992
1636442100,+3.41,+16.881, +6.056,+0.992
1636442160,+3.41,+16.881, +6.077,+0.992
1636442220,+3.41,+16.873, +6.059,+0.992
1636442280,+3.41,+16.881, +6.051,+0.992
1636442340,+3.41,+16.873, +6.044,+0.992
1636442400,+3.41,+16.873, +6.018,+0.992
1636442460,+3.41,+16.881, +6.016,+0.992
1636442520,+3.41,+16.881, +6.026,+0.992
1636442580,+3.41,+16.873, +6.006,+0.992
1636442640,+3.41,+16.873, +6.006,+0.992
1636442700,+3.41,+16.881, +5.960,+0.992
1636442760,+3.41,+16.873, +5.934,+0.991
1636442820,+3.41,+16.890, +5.931,+0.992
1636442880,+3.41,+16.890, +5.895,+0.992
1636442940,+3.41,+16.898, +5.860,+0.992
1636443000,+3.41,+16.898, +5.845,+0.992
1636443060,+3.41,+16.898, +5.871,+0.992
1636443120,+3.41,+16.881, +5.858,+0.992
1636443180,+3.41,+16.898, +5.830,+0.992
1636443240,+3.41,+16.898, +5.813,+0.992
1636443300,+3.41,+16.898, +5.807,+0.992
1636443360,+3.41,+16.881, +5.811,+0.992
1636443420,+3.41,+16.881, +5.813,+0.992
1636443480,+3.41,+16.898, +5.811,+0.992
1636443540,+3.41,+16.898, +5.801,+0.992
1636443600,+3.41,+16.898, +5.777,+0.992
1636443660,+3.41,+16.881, +5.773,+0.992
1636443720,+3.41,+16.907, +5.758,+0.992
1636443780,+3.41,+16.898, +5.761,+0.992
1636443840,+3.41,+16.898, +5.776,+0.992
1636443900,+3.41,+16.890, +5.741,+0.992
1636443960,+3.41,+16.890, +5.726,+0.992
1636444020,+3.41,+16.898, +5.695,+0.992
1636444080,+3.41,+16.881, +5.703,+0.992
1636444140,+3.41,+16.898, +5.707,+0.992
1636444200,+3.41,+16.890, +5.710,+0.992
1636444260,+3.41,+16.881, +5.696,+0.992
1636444320,+3.41,+16.890, +5.695,+0.992
1636444380,+3.41,+16.890, +5.695,+0.992
1636444440,+3.41,+16.898, +5.682,+0.992
1636444500,+3.41,+16.881, +5.699,+0.992
1636444560,+3.41,+16.890, +5.698,+0.992
1636444620,+3.41,+16.890, +5.685,+0.992
1636444680,+3.41,+16.881, +5.679,+0.992
1636444740,+3.41,+16.890, +5.690,+0.992
1636444800,+3.41,+16.890, +5.704,+0.992
1636444860,+3.41,+16.898, +5.698,+0.992
1636444920,+3.41,+16.881, +5.712,+0.992
1636444980,+3.41,+16.890, +5.711,+0.992
1636445040,+3.41,+16.890, +5.699,+0.992
1636445100,+3.41,+16.890, +5.705,+0.992
1636445160,+3.41,+16.881, +5.701,+0.992
1636445220,+3.41,+16.873, +5.710,+0.992
1636445280,+3.41,+16.890, +5.700,+0.992
1636445340,+3.41,+16.881, +5.710,+0.992
1636445400,+3.41,+16.873, +5.705,+0.992
1636445460,+3.41,+16.881, +5.709,+0.992
1636445520,+3.41,+16.881, +5.703,+0.992
1636445580,+3.41,+16.890, +5.688,+0.992
1636445640,+3.41,+16.873, +5.682,+0.992
1636445700,+3.41,+16.881, +5.684,+0.992
1636445760,+3.41,+16.873, +5.685,+0.992
1636445820,+3.41,+16.890, +5.685,+0.992
1636445880,+3.41,+16.881, +5.681,+0.992
1636445940,+3.41,+16.881, +5.681,+0.992
1636446000,+3.41,+16.890, +5.679,+0.992
1636446060,+3.41,+16.881, +5.680,+0.992
1636446120,+3.41,+16.881, +5.682,+0.992
1636446180,+3.41,+16.898, +5.690,+0.992
1636446240,+3.41,+16.864, +5.694,+0.992
1636446300,+3.41,+16.881, +5.682,+0.992
1636446360,+3.41,+16.881, +5.698,+0.992
1636446420,+3.41,+16.890, +5.699,+0.992
1636446480,+3.41,+16.881, +5.695,+0.992
1636446540,+3.41,+16.864, +5.699,+0.992
1636446600,+3.41,+16.881, +5.686,+0.991
1636446660,+3.41,+16.881, +5.689,+0.992
1636446720,+3.41,+16.864, +5.688,+0.992
1636446780,+3.41,+16.881, +5.667,+0.992
1636446840,+3.41,+16.864, +5.676,+0.992
1636446900,+3.41,+16.881, +5.684,+0.992
1636446960,+3.41,+16.873, +5.686,+0.992
1636447020,+3.41,+16.873, +5.681,+0.992
1636447080,+3.41,+16.890, +5.664,+0.992
1636447140,+3.41,+16.890, +5.650,+0.992
1636447200,+3.41,+16.873, +5.660,+0.992
1636447260,+3.41,+16.881, +5.675,+0.992
1636447320,+3.41,+16.881, +5.675,+0.992
1636447380,+3.41,+16.873, +5.688,+0.992
1636447440,+3.41,+16.873, +5.689,+0.992
1636447500,+3.41,+16.873, +5.686,+0.992
1636447560,+3.41,+16.873, +5.680,+0.992
1636447620,+3.41,+16.864, +5.661,+0.992
1636447680,+3.41,+16.873, +5.656,+0.992
1636447740,+3.41,+16.847, +5.667,+0.992
1636447800,+3.41,+16.856, +5.671,+0.992
1636447860,+3.41,+16.873, +5.660,+0.992
1636447920,+3.41,+16.856, +5.666,+0.992
1636447980,+3.41,+16.856, +5.669,+0.992
1636448040,+3.41,+16.856, +5.684,+0.992
1636448100,+3.41,+16.856, +5.683,+0.992
1636448160,+3.41,+16.847, +5.697,+0.992
1636448220,+3.41,+16.864, +5.700,+0.992
1636448280,+3.41,+16.856, +5.705,+0.992
1636448340,+3.41,+16.856, +5.713,+0.992
1636448400,+3.41,+16.856, +5.742,+0.992
1636448460,+3.41,+16.873, +5.750,+0.992
1636448520,+3.41,+16.839, +5.757,+0.992
1636448580,+3.41,+16.847, +5.752,+0.992
1636448640,+3.41,+16.847, +5.757,+0.992
1636448700,+3.41,+16.856, +5.748,+0.992
1636448760,+3.41,+16.856, +5.745,+0.992
1636448820,+3.41,+16.839, +5.732,+0.992
1636448880,+3.41,+16.856, +5.713,+0.992
1636448940,+3.41,+16.839, +5.727,+0.992
1636449000,+3.41,+16.839, +5.734,+0.992
1636449060,+3.41,+16.830, +5.719,+0.992
1636449120,+3.41,+16.856, +5.700,+0.992
1636449180,+3.41,+16.839, +5.701,+0.992
1636449240,+3.41,+16.856, +5.684,+0.992
1636449300,+3.41,+16.847, +5.684,+0.992
1636449360,+3.41,+16.839, +5.688,+0.992
1636449420,+3.41,+16.847, +5.682,+0.992
1636449480,+3.41,+16.856, +5.695,+0.992
1636449540,+3.41,+16.830, +5.713,+0.992
1636449600,+3.41,+16.847, +5.692,+0.992
1636449660,+3.41,+16.856, +5.678,+0.992
1636449720,+3.41,+16.830, +5.698,+0.992
1636449780,+3.41,+16.847, +5.693,+0.992
1636449840,+3.41,+16.839, +5.703,+0.992
1636449900,+3.41,+16.847, +5.702,+0.992
1636449960,+3.41,+16.856, +5.708,+0.992
1636450020,+3.41,+16.847, +5.703,+0.992
1636450080,+3.41,+16.839, +5.683,+0.992
1636450140,+3.41,+16.847, +5.672,+0.992
1636450200,+3.41,+16.847, +5.674,+0.992
1636450260,+3.41,+16.847, +5.668,+0.992
1636450320,+3.41,+16.847, +5.676,+0.992
1636450380,+3.41,+16.839, +5.690,+0.992
1636450440,+3.41,+16.839, +5.708,+0.992
1636450500,+3.41,+16.839, +5.717,+0.992
1636450560,+3.41,+16.856, +5.717,+0.992
1636450620,+3.41,+16.830, +5.720,+0.992
1636450680,+3.41,+16.839, +5.710,+0.992
1636450740,+3.41,+16.822, +5.710,+0.992
1636450800,+3.41,+16.847, +5.710,+0.992
1636450860,+3.41,+16.839, +5.712,+0.992
1636450920,+3.41,+16.839, +5.711,+0.992
1636450980,+3.41,+16.839, +5.704,+0.992
1636451040,+3.41,+16.839, +5.704,+0.992
1636451100,+3.41,+16.847, +5.688,+0.992
1636451160,+3.41,+16.830, +5.676,+0.992
1636451220,+3.41,+16.830, +5.672,+0.992
1636451280,+3.41,+16.830, +5.670,+0.992
1636451340,+3.41,+16.830, +5.672,+0.992
1636451400,+3.41,+16.822, +5.663,+0.992
1636451460,+3.41,+16.822, +5.663,+0.992
1636451520,+3.41,+16.813, +5.698,+0.992
1636451580,+3.41,+16.839, +5.690,+0.992
1636451640,+3.41,+16.839, +5.685,+0.992
1636451700,+3.41,+16.822, +5.687,+0.992
1636451760,+3.41,+16.839, +5.670,+0.992
1636451820,+3.41,+16.822, +5.674,+0.992
1636451880,+3.41,+16.822, +5.667,+0.992
1636451940,+3.41,+16.830, +5.661,+0.992
1636452000,+3.41,+16.822, +5.654,+0.992
1636452060,+3.41,+16.822, +5.647,+0.992
1636452120,+3.41,+16.822, +5.648,+0.992
1636452180,+3.41,+16.813, +5.668,+0.992
1636452240,+3.41,+16.822, +5.661,+0.992
1636452300,+3.41,+16.830, +5.663,+0.992
1636452360,+3.41,+16.813, +5.658,+0.992
1636452420,+3.41,+16.822, +5.655,+0.992
1636452480,+3.41,+16.796, +5.647,+0.992
1636452540,+3.41,+16.813, +5.651,+0.992
1636452600,+3.41,+16.839, +5.646,+0.992
1636452660,+3.41,+16.822, +5.652,+0.992
1636452720,+3.41,+16.813, +5.658,+0.992
1636452780,+3.41,+16.813, +5.653,+0.992
1636452840,+3.41,+16.830, +5.645,+0.992
1636452900,+3.41,+16.813, +5.643,+0.992
1636452960,+3.41,+16.813, +5.626,+0.992
1636453020,+3.41,+16.805, +5.632,+0.992
1636453080,+3.41,+16.805, +5.622,+0.992
1636453140,+3.41,+16.805, +5.618,+0.992
1636453200,+3.41,+16.805, +5.615,+0.992
1636453260,+3.41,+16.805, +5.592,+0.992
1636453320,+3.41,+16.805, +5.585,+0.992
1636453380,+3.41,+16.813, +5.578,+0.992
1636453440,+3.41,+16.813, +5.593,+0.992
1636453500,+3.41,+16.805, +5.630,+0.992
1636453560,+3.41,+16.805, +5.638,+0.992
1636453620,+3.41,+16.830, +5.627,+0.992
1636453680,+3.41,+16.796, +5.622,+0.992
1636453740,+3.41,+16.788, +5.614,+0.992
1636453800,+3.41,+16.805, +5.656,+0.992
1636453860,+3.41,+16.796, +5.662,+0.992
1636453920,+3.41,+16.805, +5.660,+0.992
1636453980,+3.41,+16.813, +5.648,+0.992
1636454040,+3.41,+16.813, +5.639,+0.992
1636454100,+3.41,+16.805, +5.649,+0.992
1636454160,+3.41,+16.788, +5.651,+0.992
1636454220,+3.41,+16.796, +5.640,+0.992
1636454280,+3.41,+16.796, +5.630,+0.992
1636454340,+3.41,+16.788, +5.623,+0.992
1636454400,+3.41,+16.805, +5.603,+0.992
1636454460,+3.41,+16.805, +5.597,+0.992
1636454520,+3.41,+16.796, +5.594,+0.992
1636454580,+3.41,+16.796, +5.587,+0.992
1636454640,+3.41,+16.779, +5.580,+0.992
1636454700,+3.41,+16.805, +5.588,+0.992
1636454760,+3.41,+16.813, +5.606,+0.992
1636454820,+3.41,+16.796, +5.617,+0.992
1636454880,+3.41,+16.813, +5.616,+0.992
1636454940,+3.41,+16.813, +5.618,+0.992
1636455000,+3.41,+16.813, +5.622,+0.992
1636455060,+3.41,+16.813, +5.618,+0.992
1636455120,+3.41,+16.796, +5.609,+0.992
1636455180,+3.41,+16.805, +5.603,+0.992
1636455240,+3.41,+16.805, +5.604,+0.992
1636455300,+3.41,+16.813, +5.590,+0.992
1636455360,+3.41,+16.813, +5.586,+0.992
1636455420,+3.41,+16.805, +5.568,+0.992
1636455480,+3.41,+16.788, +5.582,+0.992
1636455540,+3.41,+16.805, +5.588,+0.992
1636455600,+3.41,+16.788, +5.588,+0.992
1636455660,+3.41,+16.805, +5.591,+0.992
1636455720,+3.41,+16.788, +5.593,+0.992
1636455780,+3.41,+16.788, +5.584,+0.992
1636455840,+3.41,+16.788, +5.581,+0.992
1636455900,+3.41,+16.779, +5.589,+0.992
1636455960,+3.41,+16.805, +5.572,+0.992
1636456020,+3.41,+16.796, +5.571,+0.992
1636456080,+3.41,+16.788, +5.558,+0.992
1636456140,+3.41,+16.788, +5.537,+0.992
1636456200,+3.41,+16.796, +5.528,+0.992
1636456260,+3.41,+16.796, +5.525,+0.992
1636456320,+3.41,+16.779, +5.524,+0.992
1636456380,+3.41,+16.788, +5.519,+0.992
1636456440,+3.41,+16.788, +5.516,+0.992
1636456500,+3.41,+16.779, +5.530,+0.992
1636456560,+3.41,+16.796, +5.525,+0.992
1636456620,+3.41,+16.796, +5.524,+0.992
1636456680,+3.41,+16.796, +5.522,+0.992
1636456740,+3.41,+16.788, +5.513,+0.992
1636456800,+3.41,+16.796, +5.505,+0.992
1636456860,+3.41,+16.796, +5.505,+0.992
1636456920,+3.41,+16.796, +5.534,+0.992
1636456980,+3.41,+16.805, +5.540,+0.992
1636457040,+3.41,+16.779, +5.544,+0.992
1636457100,+3.41,+16.805, +5.533,+0.992
1636457160,+3.41,+16.796, +5.575,+0.992
1636457220,+3.41,+16.796, +5.579,+0.992
1636457280,+3.41,+16.788, +5.577,+0.992
1636457340,+3.41,+16.779, +5.564,+0.992
1636457400,+3.41,+16.779, +5.561,+0.992
1636457460,+3.41,+16.771, +5.558,+0.992
1636457520,+3.41,+16.771, +5.554,+0.992
1636457580,+3.41,+16.779, +5.548,+0.992
1636457640,+3.41,+16.788, +5.538,+0.992
1636457700,+3.41,+16.771, +5.537,+0.992
1636457760,+3.41,+16.771, +5.532,+0.992
1636457820,+3.41,+16.754, +5.530,+0.992
1636457880,+3.41,+16.788, +5.518,+0.992
1636457940,+3.41,+16.762, +5.515,+0.992
1636458000,+3.41,+16.788, +5.514,+0.992
1636458060,+3.41,+16.779, +5.526,+0.992
1636458120,+3.41,+16.796, +5.523,+0.992
1636458180,+3.41,+16.788, +5.525,+0.992
1636458240,+3.41,+16.771, +5.533,+0.992
1636458300,+3.41,+16.779, +5.527,+0.992
1636458360,+3.41,+16.796, +5.519,+0.992
1636458420,+3.41,+16.788, +5.521,+0.992
1636458480,+3.41,+16.771, +5.514,+0.992
1636458540,+3.41,+16.779, +5.506,+0.992
1636458600,+3.41,+16.779, +5.505,+0.992
1636458660,+3.41,+16.796, +5.498,+0.992
1636458720,+3.41,+16.771, +5.505,+0.993
1636458780,+3.41,+16.771, +5.492,+0.992
1636458840,+3.41,+16.771, +5.487,+0.992
1636458900,+3.41,+16.779, +5.481,+0.992
1636458960,+3.41,+16.779, +5.474,+0.992
1636459020,+3.41,+16.779, +5.474,+0.992
1636459080,+3.41,+16.771, +5.469,+0.992
1636459140,+3.41,+16.771, +5.461,+0.992
1636459200,+3.41,+16.779, +5.456,+0.992
1636459260,+3.41,+16.796, +5.450,+0.992
1636459320,+3.41,+16.788, +5.446,+0.992
1636459380,+3.41,+16.779, +5.443,+0.992
1636459440,+3.41,+16.788, +5.435,+0.992
1636459500,+3.41,+16.779, +5.439,+0.992
1636459560,+3.41,+16.771, +5.437,+0.992
1636459620,+3.41,+16.779, +5.436,+0.992
1636459680,+3.41,+16.762, +5.427,+0.992
1636459740,+3.41,+16.779, +5.411,+0.992
1636459800,+3.41,+16.788, +5.407,+0.992
1636459860,+3.41,+16.796, +5.404,+0.992
1636459920,+3.41,+16.762, +5.412,+0.992
1636459980,+3.41,+16.779, +5.421,+0.992
1636460040,+3.41,+16.796, +5.431,+0.992
1636460100,+3.41,+16.788, +5.439,+0.992
1636460160,+3.41,+16.779, +5.441,+0.992
1636460220,+3.41,+16.762, +5.445,+0.992
1636460280,+3.41,+16.762, +5.452,+0.992
1636460340,+3.41,+16.762, +5.446,+0.992
1636460400,+3.41,+16.762, +5.439,+0.992
1636460460,+3.41,+16.771, +5.437,+0.992
1636460520,+3.41,+16.771, +5.428,+0.992
1636460580,+3.41,+16.754, +5.427,+0.992
1636460640,+3.41,+16.779, +5.423,+0.992
1636460700,+3.41,+16.762, +5.427,+0.992
1636460760,+3.41,+16.771, +5.424,+0.992
1636460820,+3.41,+16.762, +5.426,+0.992
1636460880,+3.41,+16.771, +5.417,+0.992
1636460940,+3.41,+16.762, +5.412,+0.992
1636461000,+3.41,+16.762, +5.406,+0.992
1636461060,+3.41,+16.771, +5.387,+0.992
1636461120,+3.41,+16.762, +5.372,+0.992
1636461180,+3.41,+16.762, +5.370,+0.992
1636461240,+3.41,+16.754, +5.361,+0.992
1636461300,+3.41,+16.745, +5.356,+0.992
1636461360,+3.41,+16.762, +5.355,+0.992
1636461420,+3.41,+16.754, +5.366,+0.992
1636461480,+3.41,+16.771, +5.364,+0.992
1636461540,+3.41,+16.745, +5.367,+0.992
1636461600,+3.41,+16.737, +5.363,+0.992
1636461660,+3.41,+16.762, +5.360,+0.992
1636461720,+3.41,+16.728, +5.372,+0.992
1636461780,+3.41,+16.737, +5.377,+0.992
1636461840,+3.41,+16.745, +5.384,+0.992
1636461900,+3.41,+16.754, +5.388,+0.992
1636461960,+3.41,+16.720, +5.399,+0.992
1636462020,+3.41,+16.728, +5.402,+0.992
1636462080,+3.41,+16.745, +5.399,+0.992
1636462140,+3.41,+16.728, +5.399,+0.992
1636462200,+3.41,+16.728, +5.404,+0.992
1636462260,+3.41,+16.737, +5.391,+0.992
1636462320,+3.41,+16.745, +5.387,+0.992
1636462380,+3.41,+16.754, +5.381,+0.992
1636462440,+3.41,+16.754, +5.366,+0.992
1636462500,+3.41,+16.737, +5.359,+0.992
1636462560,+3.41,+16.737, +5.354,+0.992
1636462620,+3.41,+16.745, +5.355,+0.992
1636462680,+3.41,+16.745, +5.355,+0.992
1636462740,+3.41,+16.737, +5.360,+0.992
1636462800,+3.41,+16.754, +5.344,+0.992
1636462860,+3.41,+16.754, +5.346,+0.992
1636462920,+3.41,+16.754, +5.343,+0.992
1636462980,+3.41,+16.745, +5.331,+0.992
1636463040,+3.41,+16.745, +5.323,+0.992
1636463100,+3.41,+16.745, +5.315,+0.992
1636463160,+3.41,+16.745, +5.318,+0.992
1636463220,+3.41,+16.737, +5.314,+0.992
1636463280,+3.41,+16.745, +5.307,+0.992
1636463340,+3.41,+16.737, +5.306,+0.992
1636463400,+3.41,+16.754, +5.295,+0.992
1636463460,+3.41,+16.737, +5.287,+0.992
1636463520,+3.41,+16.737, +5.271,+0.992
1636463580,+3.41,+16.737, +5.285,+0.992
1636463640,+3.41,+16.737, +5.270,+0.992
1636463700,+3.41,+16.754, +5.271,+0.992
1636463760,+3.41,+16.762, +5.285,+0.992
1636463820,+3.41,+16.754, +5.289,+0.992
1636463880,+3.41,+16.737, +5.287,+0.992
1636463940,+3.41,+16.745, +5.281,+0.992
1636464000,+3.41,+16.745, +5.271,+0.992
1636464060,+3.41,+16.745, +5.282,+0.992
1636464120,+3.41,+16.771, +5.270,+0.992
1636464180,+3.41,+16.745, +5.275,+0.992
1636464240,+3.41,+16.754, +5.276,+0.992
1636464300,+3.41,+16.762, +5.276,+0.992
1636464360,+3.41,+16.754, +5.273,+0.992
1636464420,+3.41,+16.745, +5.264,+0.992
1636464480,+3.41,+16.745, +5.266,+0.992
1636464540,+3.41,+16.745, +5.261,+0.992
1636464600,+3.41,+16.754, +5.260,+0.992
1636464660,+3.41,+16.754, +5.258,+0.992
1636464720,+3.41,+16.737, +5.269,+0.992
1636464780,+3.41,+16.737, +5.251,+0.992
1636464840,+3.41,+16.762, +5.231,+0.992
1636464900,+3.41,+16.754, +5.223,+0.992
1636464960,+3.41,+16.737, +5.236,+0.992
1636465020,+3.41,+16.745, +5.252,+0.992
1636465080,+3.41,+16.754, +5.282,+0.992
1636465140,+3.41,+16.737, +5.302,+0.992
1636465200,+3.41,+16.737, +5.307,+0.992
1636465260,+3.41,+16.745, +5.299,+0.992
1636465320,+3.41,+16.745, +5.294,+0.992
1636465380,+3.41,+16.762, +5.289,+0.992
1636465440,+3.41,+16.737, +5.295,+0.992
1636465500,+3.41,+16.754, +5.298,+0.992
1636465560,+3.41,+16.754, +5.289,+0.992
1636465620,+3.41,+16.745, +5.286,+0.992
1636465680,+3.41,+16.737, +5.285,+0.992
1636465740,+3.41,+16.754, +5.271,+0.992
1636465800,+3.41,+16.754, +5.258,+0.992
1636465860,+3.41,+16.771, +5.246,+0.992
1636465920,+3.41,+16.762, +5.240,+0.992
1636465980,+3.41,+16.771, +5.242,+0.992
1636466040,+3.41,+16.754, +5.253,+0.992
1636466100,+3.41,+16.754, +5.245,+0.992
1636466160,+3.41,+16.779, +5.232,+0.992
1636466220,+3.41,+16.771, +5.231,+0.992
1636466280,+3.41,+16.771, +5.237,+0.992
1636466340,+3.41,+16.771, +5.238,+0.992
1636466400,+3.41,+16.762, +5.241,+0.992
1636466460,+3.41,+16.762, +5.234,+0.992
1636466520,+3.41,+16.762, +5.228,+0.992
1636466580,+3.41,+16.771, +5.228,+0.992
1636466640,+3.41,+16.771, +5.223,+0.992
1636466700,+3.41,+16.788, +5.216,+0.992
1636466760,+3.41,+16.771, +5.225,+0.992
1636466820,+3.41,+16.779, +5.220,+0.992
1636466880,+3.41,+16.788, +5.218,+0.992
1636466940,+3.41,+16.771, +5.219,+0.992
1636467000,+3.41,+16.788, +5.223,+0.992
1636467060,+3.41,+16.779, +5.222,+0.992
1636467120,+3.41,+16.771, +5.230,+0.992
1636467180,+3.41,+16.788, +5.224,+0.992
1636467240,+3.41,+16.762, +5.225,+0.992
1636467300,+3.41,+16.779, +5.227,+0.992
1636467360,+3.41,+16.796, +5.227,+0.992
1636467420,+3.41,+16.788, +5.224,+0.992
1636467480,+3.41,+16.771, +5.211,+0.992
1636467540,+3.41,+16.788, +5.211,+0.992
1636467600,+3.41,+16.788, +5.220,+0.992
1636467660,+3.41,+16.779, +5.252,+0.992
1636467720,+3.41,+16.788, +5.266,+0.992
1636467780,+3.41,+16.779, +5.286,+0.992
1636467840,+3.41,+16.788, +5.293,+0.992
1636467900,+3.41,+16.788, +5.307,+0.992
1636467960,+3.41,+16.788, +5.321,+0.992
1636468020,+3.41,+16.796, +5.328,+0.992
1636468080,+3.41,+16.779, +5.345,+0.992
1636468140,+3.41,+16.788, +5.369,+0.992
1636468200,+3.41,+16.805, +5.381,+0.992
1636468260,+3.41,+16.788, +5.389,+0.992
1636468320,+3.41,+16.788, +5.378,+0.992
1636468380,+3.41,+16.779, +5.375,+0.991
1636468440,+3.41,+16.796, +5.369,+0.992
1636468500,+3.41,+16.796, +5.370,+0.992
1636468560,+3.41,+16.805, +5.365,+0.992
1636468620,+3.41,+16.805, +5.391,+0.992
1636468680,+3.41,+16.796, +5.397,+0.992
1636468740,+3.41,+16.788, +5.401,+0.992
1636468800,+3.41,+16.813, +5.400,+0.992
1636468860,+3.41,+16.805, +5.416,+0.992
1636468920,+3.41,+16.805, +5.421,+0.992
1636468980,+3.41,+16.805, +5.414,+0.992
1636469040,+3.41,+16.788, +5.416,+0.992
1636469100,+3.41,+16.805, +5.440,+0.992
1636469160,+3.41,+16.788, +5.441,+0.992
1636469220,+3.41,+16.822, +5.438,+0.992
1636469280,+3.41,+16.822, +5.474,+0.992
1636469340,+3.41,+16.796, +5.467,+0.992
1636469400,+3.41,+16.805, +5.442,+0.992
1636469460,+3.41,+16.805, +5.454,+0.992
1636469520,+3.41,+16.813, +5.452,+0.992
1636469580,+3.41,+16.805, +5.443,+0.992
1636469640,+3.41,+16.796, +5.428,+0.992
1636469700,+3.41,+16.822, +5.419,+0.992
1636469760,+3.41,+16.805, +5.426,+0.991
1636469820,+3.41,+16.813, +5.430,+0.992
1636469880,+3.41,+16.805, +5.421,+0.992
1636469940,+3.41,+16.813, +5.397,+0.992
1636470000,+3.41,+16.813, +5.395,+0.992
1636470060,+3.41,+16.822, +5.381,+0.991
1636470120,+3.41,+16.822, +5.399,+0.992
1636470180,+3.41,+16.822, +5.413,+0.992
1636470240,+3.41,+16.839, +5.422,+0.992
1636470300,+3.41,+16.839, +5.443,+0.992
1636470360,+3.41,+16.822, +5.440,+0.992
1636470420,+3.41,+16.822, +5.444,+0.992
1636470480,+3.41,+16.822, +5.469,+0.991
1636470540,+3.41,+16.839, +5.476,+0.992
1636470600,+3.41,+16.822, +5.472,+0.992
1636470660,+3.41,+16.847, +5.467,+0.992
1636470720,+3.41,+16.839, +5.484,+0.992
1636470780,+3.41,+16.847, +5.503,+0.991
1636470840,+3.41,+16.847, +5.490,+0.992
1636470900,+3.41,+16.839, +5.464,+0.992
1636470960,+3.41,+16.822, +5.466,+0.992
1636471020,+3.41,+16.830, +5.476,+0.992
1636471080,+3.41,+16.839, +5.490,+0.992
1636471140,+3.41,+16.856, +5.522,+0.991
1636471200,+3.41,+16.864, +5.523,+0.991
1636471260,+3.41,+16.847, +5.520,+0.992
1636471320,+3.41,+16.847, +5.519,+0.992
1636471380,+3.41,+16.847, +5.532,+0.992
1636471440,+3.41,+16.856, +5.539,+0.992
1636471500,+3.41,+16.856, +5.576,+0.992
1636471560,+3.41,+16.873, +5.597,+0.992
1636471620,+3.41,+16.864, +5.622,+0.992
1636471680,+3.41,+16.864, +5.630,+0.991
1636471740,+3.41,+16.847, +5.661,+0.992
1636471800,+3.41,+16.864, +5.641,+0.992
1636471860,+3.41,+16.873, +5.679,+0.992
1636471920,+3.41,+16.890, +5.651,+0.992
1636471980,+3.41,+16.881, +5.644,+0.992
1636472040,+3.41,+16.856, +5.505,+0.991
1636472100,+3.41,+16.847, +5.455,+0.992
1636472160,+3.41,+16.856, +5.598,+0.992
1636472220,+3.41,+16.864, +5.631,+0.991
1636472280,+3.41,+16.881, +5.635,+0.992
1636472340,+3.41,+16.873, +5.656,+0.992
1636472400,+3.41,+16.890, +5.676,+0.992
1636472460,+3.41,+16.890, +5.682,+0.991
1636472520,+3.41,+16.881, +5.712,+0.992
1636472580,+3.41,+16.890, +5.706,+0.991
1636472640,+3.41,+16.881, +5.712,+0.991
1636472700,+3.41,+16.890, +5.709,+0.992
1636472760,+3.41,+16.873, +5.716,+0.992
1636472820,+3.41,+16.873, +5.674,+0.991
1636472880,+3.41,+16.873, +5.651,+0.991
1636472940,+3.41,+16.890, +5.825,+0.991
1636473000,+3.41,+16.907, +5.864,+0.992
1636473060,+3.41,+16.898, +5.796,+0.992
1636473120,+3.41,+16.890, +5.777,+0.992
1636473180,+3.41,+16.890, +5.738,+0.992
1636473240,+3.41,+16.890, +5.781,+0.992
1636473300,+3.41,+16.915, +5.838,+0.992
1636473360,+3.41,+16.907, +5.849,+0.991
1636473420,+3.41,+16.923, +5.831,+0.991
1636473480,+3.41,+16.907, +5.987,+0.992
1636473540,+3.41,+16.915, +5.987,+0.992
1636473600,+3.41,+16.907, +6.019,+0.992
1636473660,+3.41,+16.907, +6.025,+0.991
1636473720,+3.41,+16.923, +5.968,+0.991
1636473780,+3.41,+16.915, +5.941,+0.992
1636473840,+3.41,+16.915, +5.918,+0.991
1636473900,+3.41,+16.923, +6.021,+0.991
1636473960,+3.41,+16.940, +6.095,+0.992
1636474020,+3.41,+16.957, +6.105,+0.991
1636474080,+3.41,+16.957, +6.197,+0.991
1636474140,+3.41,+16.940, +6.112,+0.991
1636474200,+3.41,+16.940, +6.154,+0.991
1636474260,+3.41,+16.949, +6.116,+0.992
1636474320,+3.41,+16.940, +6.169,+0.991
1636474380,+3.41,+16.974, +6.267,+0.991
1636474440,+3.41,+16.991, +6.267,+0.991
1636474500,+3.41,+16.983, +6.251,+0.992
1636474560,+3.41,+16.991, +6.344,+0.991
1636474620,+3.41,+17.000, +6.375,+0.991
1636474680,+3.41,+17.008, +6.404,+0.992
1636474740,+3.41,+17.008, +6.406,+0.991
1636474800,+3.41,+17.025, +6.366,+0.991
1636474860,+3.41,+16.991, +6.384,+0.991
1636474920,+3.41,+17.008, +6.371,+0.991
1636474980,+3.41,+17.025, +6.401,+0.991
1636475040,+3.41,+17.025, +6.374,+0.991
1636475100,+3.41,+17.034, +6.388,+0.991
1636475160,+3.41,+17.051, +6.404,+0.991
1636475220,+3.41,+17.042, +6.420,+0.991
1636475280,+3.41,+17.076, +6.529,+0.991
1636475340,+3.41,+17.042, +6.490,+0.991
1636475400,+3.41,+17.059, +6.472,+0.991
1636475460,+3.41,+17.076, +6.592,+0.991
1636475520,+3.41,+17.085, +6.508,+0.991
1636475580,+3.41,+17.076, +6.544,+0.991
1636475640,+3.41,+17.093, +6.634,+0.991
1636475700,+3.41,+17.102, +6.743,+0.991
1636475760,+3.41,+17.110, +6.763,+0.991
1636475820,+3.41,+17.110, +6.768,+0.991
1636475880,+3.41,+17.119, +6.813,+0.991
1636475940,+3.41,+17.110, +6.846,+0.991
1636476000,+3.41,+17.110, +6.853,+0.991
1636476060,+3.41,+17.119, +6.853,+0.991
1636476120,+3.41,+17.110, +6.875,+0.991
1636476180,+3.41,+17.127, +6.933,+0.991
1636476240,+3.41,+17.135, +6.949,+0.991
1636476300,+3.41,+17.135, +7.003,+0.991
1636476360,+3.41,+17.161, +7.083,+0.991
1636476420,+3.41,+17.127, +7.049,+0.991
1636476480,+3.41,+17.144, +7.075,+0.991
