7450-738779
OS REV: 1.05 Sensor Cal: 1615484540
Time (sec),  BV (Volts),  T (deg C),  DO (mg/l),  Q ()
1636217340,+3.42,+26.241, +8.521,+0.993
1636217400,+3.43,+24.482, +8.869,+0.991
1636217460,+3.42,+23.141, +9.029,+0.990
1636217520,+3.43,+22.288, +9.324,+0.991
1636217580,+3.43,+21.778, +9.432,+0.991
1636217640,+3.43,+21.385, +9.510,+0.991
1636217700,+3.43,+21.068, +9.546,+0.990
1636217760,+3.43,+20.808, +9.554,+0.990
1636217820,+3.43,+20.549, +9.638,+0.990
1636217880,+3.43,+20.407, +9.682,+0.991
1636217940,+3.43,+20.273, +9.715,+0.991
1636218000,+3.43,+20.223, +9.708,+0.990
1636218060,+3.43,+20.131, +9.708,+0.991
1636218120,+3.43,+20.055, +9.747,+0.991
1636218180,+3.43,+19.997, +9.752,+0.990
1636218240,+3.43,+19.972, +9.764,+0.991
1636218300,+3.43,+19.946, +9.784,+0.991
1636218360,+3.43,+19.980, +9.778,+0.991
1636218420,+3.43,+20.022, +9.756,+0.991
1636218480,+3.43,+20.030, +9.761,+0.991
1636218540,+3.43,+20.047, +9.769,+0.992
1636218600,+3.43,+20.072, +9.751,+0.991
1636218660,+3.43,+20.097, +9.753,+0.992
1636218720,+3.43,+20.072, +9.753,+0.992
1636218780,+3.43,+20.089, +9.756,+0.992
1636218840,+3.43,+20.080, +9.741,+0.991
1636218900,+3.43,+20.047, +9.767,+0.992
1636218960,+3.43,+20.030, +9.779,+0.991
1636219020,+3.43,+20.013, +9.773,+0.991
1636219080,+3.43,+20.005, +9.771,+0.991
1636219140,+3.43,+19.980, +9.795,+0.992
1636219200,+3.43,+19.955, +9.807,+0.992
1636219260,+3.43,+19.946, +9.814,+0.991
1636219320,+3.43,+19.946, +9.811,+0.991
1636219380,+3.43,+19.946, +9.813,+0.991
1636219440,+3.43,+19.955, +9.819,+0.992
1636219500,+3.43,+19.955, +9.804,+0.991
1636219560,+3.43,+19.972, +9.830,+0.991
1636219620,+3.43,+20.005, +9.856,+0.992
1636219680,+3.43,+20.039, +9.859,+0.992
1636219740,+3.43,+20.064, +9.872,+0.992
1636219800,+3.43,+20.156, +9.840,+0.992
1636219860,+3.43,+20.189, +9.809,+0.992
1636219920,+3.43,+20.181, +9.809,+0.992
1636219980,+3.43,+20.189, +9.816,+0.992
1636220040,+3.43,+20.181, +9.847,+0.993
1636220100,+3.43,+20.214, +9.839,+0.992
1636220160,+3.43,+20.231, +9.819,+0.991
1636220220,+3.43,+20.265, +9.860,+0.992
1636220280,+3.43,+20.248, +9.856,+0.992
1636220340,+3.43,+20.239, +9.851,+0.992
1636220400,+3.43,+20.231, +9.850,+0.992
1636220460,+3.43,+20.239, +9.824,+0.992
1636220520,+3.43,+20.214, +9.820,+0.992
1636220580,+3.43,+20.214, +9.832,+0.992
1636220640,+3.43,+20.206, +9.802,+0.992
1636220700,+3.43,+20.214, +9.863,+0.992
1636220760,+3.43,+20.239, +9.842,+0.992
1636220820,+3.43,+20.248, +9.837,+0.991
1636220880,+3.43,+20.223, +9.851,+0.992
1636220940,+3.43,+20.248, +9.845,+0.991
1636221000,+3.43,+20.239, +9.863,+0.993
1636221060,+3.43,+20.214, +9.842,+0.991
1636221120,+3.43,+20.214, +9.846,+0.992
1636221180,+3.43,+20.198, +9.847,+0.992
1636221240,+3.43,+20.189, +9.834,+0.992
1636221300,+3.43,+20.164, +9.823,+0.991
1636221360,+3.43,+20.139, +9.829,+0.991
1636221420,+3.43,+20.122, +9.849,+0.991
1636221480,+3.43,+20.114, +9.854,+0.992
1636221540,+3.43,+20.097, +9.850,+0.992
1636221600,+3.43,+20.089, +9.836,+0.991
1636221660,+3.43,+20.106, +9.867,+0.992
1636221720,+3.43,+20.139, +9.831,+0.992
1636221780,+3.43,+20.139, +9.830,+0.991
1636221840,+3.43,+20.147, +9.840,+0.991
1636221900,+3.43,+20.156, +9.835,+0.991
1636221960,+3.43,+20.147, +9.837,+0.992
1636222020,+3.43,+20.147, +9.841,+0.992
1636222080,+3.43,+20.198, +9.862,+0.992
1636222140,+3.43,+20.248, +9.853,+0.992
1636222200,+3.43,+20.248, +9.853,+0.992
1636222260,+3.43,+20.256, +9.849,+0.992
1636222320,+3.43,+20.256, +9.843,+0.992
1636222380,+3.43,+20.281, +9.838,+0.991
1636222440,+3.43,+20.256, +9.860,+0.992
1636222500,+3.43,+20.298, +9.842,+0.992
1636222560,+3.43,+20.273, +9.834,+0.991
1636222620,+3.43,+20.256, +9.845,+0.992
1636222680,+3.43,+20.273, +9.837,+0.992
1636222740,+3.43,+20.256, +9.845,+0.992
1636222800,+3.43,+20.265, +9.839,+0.992
1636222860,+3.43,+20.281, +9.824,+0.991
1636222920,+3.43,+20.281, +9.834,+0.992
1636222980,+3.43,+20.256, +9.842,+0.992
1636223040,+3.43,+20.248, +9.841,+0.992
1636223100,+3.43,+20.231, +9.843,+0.992
1636223160,+3.43,+20.239, +9.841,+0.991
1636223220,+3.43,+20.231, +9.847,+0.992
1636223280,+3.43,+20.231, +9.853,+0.992
1636223340,+3.43,+20.239, +9.844,+0.992
1636223400,+3.43,+20.231, +9.851,+0.992
1636223460,+3.43,+20.231, +9.841,+0.991
1636223520,+3.43,+20.256, +9.843,+0.991
1636223580,+3.43,+20.273, +9.834,+0.990
1636223640,+3.43,+20.281, +9.854,+0.992
1636223700,+3.43,+20.281, +9.851,+0.991
1636223760,+3.43,+20.298, +9.835,+0.991
1636223820,+3.43,+20.315, +9.843,+0.991
1636223880,+3.43,+20.332, +9.856,+0.991
1636223940,+3.43,+20.382, +9.855,+0.991
1636224000,+3.43,+20.373, +9.854,+0.991
1636224060,+3.43,+20.390, +9.852,+0.992
1636224120,+3.43,+20.390, +9.861,+0.992
1636224180,+3.43,+20.407, +9.865,+0.991
1636224240,+3.43,+20.449, +9.882,+0.991
1636224300,+3.43,+20.541, +9.855,+0.992
1636224360,+3.43,+20.591, +9.841,+0.992
1636224420,+3.43,+20.641, +9.826,+0.992
1636224480,+3.42,+20.683, +9.818,+0.992
1636224540,+3.43,+20.675, +9.825,+0.992
1636224600,+3.43,+20.725, +9.795,+0.992
1636224660,+3.43,+20.691, +9.797,+0.992
1636224720,+3.43,+20.708, +9.794,+0.992
1636224780,+3.43,+20.708, +9.802,+0.992
1636224840,+3.42,+20.716, +9.792,+0.991
1636224900,+3.42,+20.725, +9.790,+0.992
1636224960,+3.42,+20.733, +9.803,+0.992
1636225020,+3.42,+20.725, +9.820,+0.993
1636225080,+3.42,+20.716, +9.815,+0.992
1636225140,+3.43,+20.733, +9.802,+0.992
1636225200,+3.42,+20.708, +9.819,+0.992
1636225260,+3.42,+20.842, +9.332,+0.995
1636225320,+3.43,+22.305, +8.955,+0.993
1636225380,+3.43,+22.639, +8.687,+0.991
1636225440,+3.43,+21.151, +5.826,+0.986
1636225500,+3.42,+19.946, +5.675,+0.988
1636225560,+3.43,+19.418, +5.904,+0.988
1636225620,+3.43,+19.385, +5.885,+0.987
1636225680,+3.43,+18.789, +5.220,+0.987
1636225740,+3.43,+18.360, +4.953,+0.988
1636225800,+3.43,+18.082, +4.933,+0.988
1636225860,+3.43,+17.905, +4.914,+0.988
1636225920,+3.43,+17.753, +4.954,+0.989
1636225980,+3.43,+17.660, +4.900,+0.988
1636226040,+3.43,+17.584, +4.855,+0.988
1636226100,+3.43,+17.542, +4.867,+0.989
1636226160,+3.43,+17.584, +5.025,+0.989
1636226220,+3.43,+17.618, +5.228,+0.989
1636226280,+3.43,+17.584, +5.333,+0.989
1636226340,+3.43,+17.584, +5.387,+0.989
1636226400,+3.43,+17.559, +5.492,+0.989
1636226460,+3.43,+17.575, +5.528,+0.989
1636226520,+3.43,+17.542, +5.587,+0.989
1636226580,+3.43,+17.550, +5.603,+0.989
1636226640,+3.43,+17.542, +5.596,+0.989
1636226700,+3.43,+17.533, +5.612,+0.989
1636226760,+3.43,+17.542, +5.613,+0.990
1636226820,+3.43,+17.550, +5.613,+0.990
1636226880,+3.43,+17.550, +5.621,+0.990
1636226940,+3.43,+17.542, +5.618,+0.989
1636227000,+3.43,+17.550, +5.603,+0.989
1636227060,+3.43,+17.516, +5.677,+0.990
1636227120,+3.43,+17.533, +5.756,+0.990
1636227180,+3.43,+17.533, +5.809,+0.990
1636227240,+3.43,+17.533, +5.844,+0.989
1636227300,+3.43,+17.533, +5.948,+0.990
1636227360,+3.43,+17.567, +6.198,+0.990
1636227420,+3.43,+17.584, +6.317,+0.990
1636227480,+3.43,+17.575, +6.360,+0.990
1636227540,+3.43,+17.567, +6.367,+0.990
1636227600,+3.43,+17.550, +6.357,+0.989
1636227660,+3.43,+17.575, +6.400,+0.990
1636227720,+3.43,+17.559, +6.151,+0.990
1636227780,+3.43,+17.542, +6.045,+0.990
1636227840,+3.43,+17.525, +5.958,+0.990
1636227900,+3.43,+17.525, +5.970,+0.990
1636227960,+3.43,+17.525, +6.083,+0.990
1636228020,+3.43,+17.525, +6.139,+0.990
1636228080,+3.43,+17.516, +6.141,+0.990
1636228140,+3.43,+17.525, +6.123,+0.989
1636228200,+3.43,+17.516, +6.095,+0.989
1636228260,+3.43,+17.516, +6.113,+0.990
1636228320,+3.43,+17.542, +6.137,+0.989
1636228380,+3.43,+17.542, +6.173,+0.990
1636228440,+3.43,+17.508, +6.152,+0.990
1636228500,+3.43,+17.516, +6.120,+0.990
1636228560,+3.43,+17.499, +6.124,+0.990
1636228620,+3.43,+17.508, +6.078,+0.990
1636228680,+3.43,+17.482, +6.035,+0.989
1636228740,+3.43,+17.499, +6.016,+0.990
1636228800,+3.43,+17.499, +5.988,+0.990
1636228860,+3.43,+17.482, +5.963,+0.990
1636228920,+3.43,+17.482, +5.968,+0.989
1636228980,+3.43,+17.482, +5.969,+0.990
1636229040,+3.43,+17.482, +5.979,+0.990
1636229100,+3.43,+17.499, +5.984,+0.990
1636229160,+3.43,+17.516, +6.059,+0.990
1636229220,+3.43,+17.516, +6.055,+0.989
1636229280,+3.43,+17.542, +6.034,+0.990
1636229340,+3.43,+17.550, +6.040,+0.990
1636229400,+3.43,+17.542, +6.009,+0.990
1636229460,+3.43,+17.567, +5.929,+0.990
1636229520,+3.43,+17.533, +5.867,+0.989
1636229580,+3.43,+17.525, +5.843,+0.990
1636229640,+3.43,+17.516, +5.835,+0.990
1636229700,+3.43,+17.491, +5.849,+0.990
1636229760,+3.43,+17.516, +5.887,+0.990
1636229820,+3.43,+17.508, +5.926,+0.990
1636229880,+3.43,+17.508, +5.973,+0.990
1636229940,+3.43,+17.508, +6.012,+0.990
1636230000,+3.43,+17.508, +6.039,+0.990
1636230060,+3.43,+17.525, +6.047,+0.990
1636230120,+3.43,+17.533, +6.083,+0.990
1636230180,+3.43,+17.533, +6.125,+0.990
1636230240,+3.43,+17.499, +6.103,+0.990
1636230300,+3.43,+17.491, +6.086,+0.990
1636230360,+3.43,+17.491, +6.023,+0.990
1636230420,+3.43,+17.550, +6.028,+0.990
1636230480,+3.43,+17.584, +6.129,+0.990
1636230540,+3.43,+17.584, +6.261,+0.990
1636230600,+3.43,+17.584, +6.340,+0.990
1636230660,+3.42,+17.626, +6.389,+0.990
1636230720,+3.42,+17.635, +6.496,+0.990
1636230780,+3.42,+17.626, +6.569,+0.990
1636230840,+3.42,+17.635, +6.623,+0.990
1636230900,+3.42,+17.668, +6.650,+0.990
1636230960,+3.42,+17.685, +6.713,+0.990
1636231020,+3.42,+17.694, +6.775,+0.990
1636231080,+3.42,+17.711, +6.798,+0.990
1636231140,+3.42,+17.711, +6.830,+0.990
1636231200,+3.42,+17.711, +6.852,+0.989
1636231260,+3.42,+17.694, +6.896,+0.990
1636231320,+3.42,+17.711, +6.911,+0.989
1636231380,+3.42,+17.719, +6.933,+0.990
1636231440,+3.42,+17.711, +6.947,+0.990
1636231500,+3.42,+17.677, +6.915,+0.990
1636231560,+3.42,+17.694, +6.857,+0.990
1636231620,+3.42,+17.694, +6.864,+0.990
1636231680,+3.42,+17.711, +6.880,+0.990
1636231740,+3.42,+17.736, +6.953,+0.990
1636231800,+3.42,+17.744, +7.031,+0.990
1636231860,+3.42,+17.770, +7.049,+0.990
1636231920,+3.42,+17.753, +7.034,+0.990
1636231980,+3.42,+17.744, +7.016,+0.990
1636232040,+3.42,+17.770, +7.025,+0.990
1636232100,+3.42,+17.812, +6.999,+0.989
1636232160,+3.42,+17.804, +7.038,+0.989
1636232220,+3.42,+17.837, +6.938,+0.990
1636232280,+3.42,+17.871, +6.794,+0.990
1636232340,+3.42,+17.863, +6.726,+0.990
1636232400,+3.42,+17.846, +6.720,+0.990
1636232460,+3.42,+17.846, +6.732,+0.990
1636232520,+3.42,+17.846, +6.788,+0.989
1636232580,+3.42,+17.871, +6.861,+0.990
1636232640,+3.43,+17.896, +6.925,+0.990
1636232700,+3.42,+17.888, +6.960,+0.989
1636232760,+3.43,+17.888, +6.992,+0.989
1636232820,+3.43,+17.905, +6.983,+0.990
1636232880,+3.43,+17.922, +6.947,+0.989
1636232940,+3.43,+17.913, +6.923,+0.990
1636233000,+3.43,+17.922, +6.892,+0.990
1636233060,+3.43,+17.896, +6.858,+0.990
1636233120,+3.42,+17.879, +6.813,+0.990
1636233180,+3.42,+17.871, +6.786,+0.989
1636233240,+3.42,+17.871, +6.763,+0.990
1636233300,+3.42,+17.846, +6.748,+0.990
1636233360,+3.42,+17.854, +6.747,+0.989
1636233420,+3.42,+17.837, +6.755,+0.989
1636233480,+3.42,+17.863, +6.704,+0.990
1636233540,+3.42,+17.854, +6.570,+0.990
1636233600,+3.42,+17.863, +6.502,+0.990
1636233660,+3.43,+17.905, +6.466,+0.990
1636233720,+3.42,+17.905, +6.450,+0.990
1636233780,+3.43,+17.913, +6.496,+0.990
1636233840,+3.43,+17.972, +6.518,+0.990
1636233900,+3.43,+17.972, +6.535,+0.990
1636233960,+3.43,+17.981, +6.536,+0.990
1636234020,+3.43,+18.023, +6.462,+0.990
1636234080,+3.43,+18.031, +6.431,+0.990
1636234140,+3.43,+18.040, +6.412,+0.990
1636234200,+3.43,+18.031, +6.391,+0.990
1636234260,+3.43,+18.057, +6.398,+0.990
1636234320,+3.43,+18.057, +6.428,+0.990
1636234380,+3.43,+18.040, +6.512,+0.990
1636234440,+3.43,+18.057, +6.613,+0.990
1636234500,+3.43,+18.040, +6.737,+0.990
1636234560,+3.43,+18.082, +6.814,+0.989
1636234620,+3.43,+18.073, +6.886,+0.989
1636234680,+3.43,+18.099, +6.955,+0.990
1636234740,+3.43,+18.116, +6.987,+0.990
1636234800,+3.43,+18.099, +7.026,+0.990
1636234860,+3.43,+18.124, +7.023,+0.990
1636234920,+3.43,+18.116, +7.054,+0.989
1636234980,+3.43,+18.124, +7.092,+0.990
1636235040,+3.43,+18.132, +7.104,+0.990
1636235100,+3.43,+18.141, +7.108,+0.990
1636235160,+3.43,+18.149, +7.061,+0.990
1636235220,+3.43,+18.158, +7.057,+0.990
1636235280,+3.43,+18.166, +7.055,+0.990
1636235340,+3.43,+18.166, +7.044,+0.990
1636235400,+3.43,+18.183, +6.980,+0.990
1636235460,+3.43,+18.158, +6.929,+0.990
1636235520,+3.43,+18.149, +6.872,+0.990
1636235580,+3.43,+18.158, +6.854,+0.990
1636235640,+3.43,+18.149, +6.867,+0.990
1636235700,+3.43,+18.116, +6.876,+0.990
1636235760,+3.43,+18.124, +6.921,+0.990
1636235820,+3.43,+18.149, +6.952,+0.990
1636235880,+3.43,+18.141, +6.912,+0.990
1636235940,+3.43,+18.149, +6.798,+0.990
1636236000,+3.43,+18.141, +6.744,+0.990
1636236060,+3.43,+18.132, +6.730,+0.990
1636236120,+3.43,+18.158, +6.681,+0.990
1636236180,+3.43,+18.158, +6.647,+0.990
1636236240,+3.43,+18.124, +6.625,+0.990
1636236300,+3.43,+18.141, +6.608,+0.990
1636236360,+3.43,+18.124, +6.602,+0.990
1636236420,+3.43,+18.141, +6.609,+0.990
1636236480,+3.43,+18.166, +6.613,+0.990
1636236540,+3.43,+18.158, +6.601,+0.990
1636236600,+3.43,+18.166, +6.612,+0.990
1636236660,+3.43,+18.183, +6.624,+0.990
1636236720,+3.43,+18.175, +6.663,+0.990
1636236780,+3.43,+18.200, +6.689,+0.990
1636236840,+3.43,+18.175, +6.683,+0.990
1636236900,+3.42,+18.208, +6.708,+0.990
1636236960,+3.43,+18.191, +6.741,+0.990
1636237020,+3.43,+18.217, +6.751,+0.990
1636237080,+3.43,+18.217, +6.739,+0.990
1636237140,+3.43,+18.208, +6.741,+0.990
1636237200,+3.42,+18.225, +6.752,+0.990
1636237260,+3.42,+18.242, +6.770,+0.990
1636237320,+3.42,+18.267, +6.767,+0.990
1636237380,+3.42,+18.284, +6.728,+0.990
1636237440,+3.42,+18.276, +6.687,+0.990
1636237500,+3.42,+18.293, +6.665,+0.990
1636237560,+3.42,+18.301, +6.636,+0.990
1636237620,+3.42,+18.326, +6.605,+0.990
1636237680,+3.42,+18.326, +6.564,+0.990
1636237740,+3.42,+18.335, +6.524,+0.990
1636237800,+3.42,+18.351, +6.477,+0.990
1636237860,+3.42,+18.351, +6.452,+0.990
1636237920,+3.42,+18.368, +6.448,+0.990
1636237980,+3.42,+18.360, +6.458,+0.990
1636238040,+3.42,+18.377, +6.456,+0.990
1636238100,+3.42,+18.377, +6.474,+0.990
1636238160,+3.42,+18.410, +6.446,+0.990
1636238220,+3.42,+18.385, +6.439,+0.990
1636238280,+3.42,+18.394, +6.431,+0.990
1636238340,+3.42,+18.394, +6.439,+0.990
1636238400,+3.42,+18.419, +6.468,+0.990
1636238460,+3.42,+18.402, +6.473,+0.990
1636238520,+3.42,+18.427, +6.475,+0.990
1636238580,+3.42,+18.402, +6.491,+0.990
1636238640,+3.42,+18.427, +6.503,+0.990
1636238700,+3.42,+18.410, +6.483,+0.990
1636238760,+3.42,+18.402, +6.501,+0.990
1636238820,+3.42,+18.419, +6.499,+0.990
1636238880,+3.42,+18.427, +6.498,+0.990
1636238940,+3.42,+18.427, +6.488,+0.990
1636239000,+3.42,+18.419, +6.496,+0.990
1636239060,+3.42,+18.419, +6.513,+0.990
1636239120,+3.42,+18.444, +6.508,+0.990
1636239180,+3.42,+18.427, +6.490,+0.990
1636239240,+3.42,+18.436, +6.463,+0.990
1636239300,+3.42,+18.436, +6.453,+0.990
1636239360,+3.42,+18.444, +6.469,+0.990
1636239420,+3.42,+18.444, +6.481,+0.990
1636239480,+3.42,+18.444, +6.468,+0.990
1636239540,+3.42,+18.427, +6.454,+0.990
1636239600,+3.42,+18.419, +6.474,+0.990
1636239660,+3.42,+18.452, +6.500,+0.990
1636239720,+3.42,+18.452, +6.523,+0.990
1636239780,+3.42,+18.452, +6.550,+0.990
1636239840,+3.42,+18.461, +6.575,+0.990
1636239900,+3.42,+18.452, +6.546,+0.990
1636239960,+3.42,+18.452, +6.568,+0.990
1636240020,+3.42,+18.444, +6.578,+0.990
1636240080,+3.42,+18.427, +6.578,+0.990
1636240140,+3.42,+18.469, +6.587,+0.990
1636240200,+3.42,+18.436, +6.640,+0.990
1636240260,+3.42,+18.469, +6.635,+0.990
1636240320,+3.42,+18.444, +6.677,+0.990
1636240380,+3.42,+18.452, +6.691,+0.990
1636240440,+3.42,+18.427, +6.734,+0.990
1636240500,+3.42,+18.444, +6.748,+0.990
1636240560,+3.42,+18.452, +6.769,+0.990
1636240620,+3.42,+18.461, +6.805,+0.990
1636240680,+3.42,+18.461, +6.846,+0.990
1636240740,+3.42,+18.461, +6.912,+0.991
1636240800,+3.42,+18.461, +6.944,+0.990
1636240860,+3.42,+18.469, +6.995,+0.990
1636240920,+3.42,+18.478, +7.059,+0.990
1636240980,+3.42,+18.469, +7.113,+0.990
1636241040,+3.42,+18.469, +7.229,+0.990
1636241100,+3.42,+18.478, +7.268,+0.990
1636241160,+3.42,+18.478, +7.289,+0.990
1636241220,+3.42,+18.478, +7.304,+0.990
1636241280,+3.42,+18.478, +7.317,+0.990
1636241340,+3.42,+18.469, +7.342,+0.990
1636241400,+3.42,+18.469, +7.366,+0.990
1636241460,+3.42,+18.478, +7.362,+0.990
1636241520,+3.42,+18.478, +7.369,+0.990
1636241580,+3.42,+18.486, +7.395,+0.990
1636241640,+3.42,+18.478, +7.414,+0.990
1636241700,+3.42,+18.478, +7.406,+0.990
1636241760,+3.42,+18.461, +7.431,+0.990
1636241820,+3.42,+18.452, +7.364,+0.990
1636241880,+3.42,+18.469, +7.403,+0.990
1636241940,+3.42,+18.461, +7.415,+0.990
1636242000,+3.42,+18.444, +7.399,+0.990
1636242060,+3.42,+18.469, +7.397,+0.990
1636242120,+3.42,+18.486, +7.634,+0.990
1636242180,+3.42,+18.478, +7.808,+0.991
1636242240,+3.42,+18.486, +7.734,+0.990
1636242300,+3.42,+18.469, +7.711,+0.990
1636242360,+3.42,+18.452, +7.647,+0.990
1636242420,+3.42,+18.469, +7.570,+0.990
1636242480,+3.42,+18.469, +7.574,+0.990
1636242540,+3.42,+18.461, +7.598,+0.990
1636242600,+3.42,+18.444, +7.609,+0.990
1636242660,+3.42,+18.452, +7.585,+0.990
1636242720,+3.42,+18.436, +7.559,+0.990
1636242780,+3.42,+18.427, +7.495,+0.990
1636242840,+3.42,+18.436, +7.456,+0.990
1636242900,+3.42,+18.427, +7.624,+0.990
1636242960,+3.42,+18.436, +7.770,+0.990
1636243020,+3.42,+18.444, +8.033,+0.991
1636243080,+3.42,+18.461, +8.101,+0.990
1636243140,+3.42,+18.469, +8.149,+0.990
1636243200,+3.42,+18.486, +8.224,+0.990
1636243260,+3.42,+18.469, +8.294,+0.990
1636243320,+3.42,+18.486, +8.418,+0.990
1636243380,+3.42,+18.486, +8.503,+0.990
1636243440,+3.42,+18.486, +8.454,+0.990
1636243500,+3.42,+18.478, +8.453,+0.990
1636243560,+3.42,+18.495, +8.571,+0.991
1636243620,+3.42,+18.495, +8.559,+0.991
1636243680,+3.42,+18.486, +8.638,+0.991
1636243740,+3.42,+18.495, +8.608,+0.990
1636243800,+3.42,+18.511, +8.691,+0.991
1636243860,+3.42,+18.520, +8.840,+0.990
1636243920,+3.42,+18.503, +8.749,+0.990
1636243980,+3.42,+18.520, +8.734,+0.991
1636244040,+3.42,+18.537, +8.881,+0.990
1636244100,+3.42,+18.562, +9.025,+0.990
1636244160,+3.42,+18.570, +9.061,+0.991
1636244220,+3.42,+18.553, +8.977,+0.991
1636244280,+3.42,+18.553, +8.915,+0.990
1636244340,+3.42,+18.579, +8.944,+0.991
1636244400,+3.42,+18.579, +9.000,+0.991
1636244460,+3.42,+18.587, +9.001,+0.991
1636244520,+3.42,+18.570, +8.992,+0.990
1636244580,+3.42,+18.562, +9.018,+0.991
1636244640,+3.42,+18.579, +9.129,+0.991
1636244700,+3.42,+18.579, +9.061,+0.991
1636244760,+3.42,+18.587, +9.002,+0.991
1636244820,+3.42,+18.570, +8.959,+0.990
1636244880,+3.42,+18.579, +8.973,+0.990
1636244940,+3.42,+18.621, +9.098,+0.991
1636245000,+3.42,+18.621, +9.125,+0.990
1636245060,+3.42,+18.612, +9.176,+0.991
1636245120,+3.42,+18.612, +9.198,+0.991
1636245180,+3.42,+18.612, +9.142,+0.990
1636245240,+3.42,+18.604, +9.153,+0.991
1636245300,+3.42,+18.604, +9.191,+0.991
1636245360,+3.42,+18.604, +9.201,+0.991
1636245420,+3.42,+18.595, +9.188,+0.991
1636245480,+3.42,+18.595, +9.132,+0.991
1636245540,+3.42,+18.579, +9.165,+0.991
1636245600,+3.42,+18.595, +9.169,+0.990
1636245660,+3.42,+18.604, +9.215,+0.990
1636245720,+3.42,+18.587, +9.253,+0.991
1636245780,+3.42,+18.595, +9.281,+0.991
1636245840,+3.42,+18.587, +9.274,+0.991
1636245900,+3.42,+18.595, +9.261,+0.991
1636245960,+3.42,+18.587, +9.231,+0.991
1636246020,+3.42,+18.570, +9.202,+0.991
1636246080,+3.42,+18.587, +9.184,+0.991
1636246140,+3.42,+18.570, +9.182,+0.990
1636246200,+3.42,+18.570, +9.215,+0.991
1636246260,+3.42,+18.570, +9.236,+0.990
1636246320,+3.42,+18.570, +9.268,+0.991
1636246380,+3.42,+18.553, +9.285,+0.990
1636246440,+3.42,+18.545, +9.270,+0.991
1636246500,+3.42,+18.553, +9.290,+0.991
1636246560,+3.42,+18.553, +9.304,+0.991
1636246620,+3.42,+18.545, +9.304,+0.991
1636246680,+3.42,+18.537, +9.260,+0.991
1636246740,+3.42,+18.528, +9.228,+0.991
1636246800,+3.42,+18.528, +9.205,+0.990
1636246860,+3.42,+18.537, +9.194,+0.991
1636246920,+3.42,+18.520, +9.163,+0.990
1636246980,+3.42,+18.520, +9.156,+0.991
1636247040,+3.42,+18.520, +9.144,+0.991
1636247100,+3.42,+18.511, +9.099,+0.990
1636247160,+3.42,+18.520, +9.085,+0.990
1636247220,+3.42,+18.511, +9.082,+0.990
1636247280,+3.42,+18.503, +9.099,+0.990
1636247340,+3.42,+18.511, +9.121,+0.990
1636247400,+3.42,+18.503, +9.180,+0.991
1636247460,+3.42,+18.495, +9.199,+0.991
1636247520,+3.42,+18.495, +9.169,+0.990
1636247580,+3.42,+18.486, +9.173,+0.990
1636247640,+3.42,+18.495, +9.188,+0.991
1636247700,+3.42,+18.486, +9.218,+0.991
1636247760,+3.42,+18.478, +9.247,+0.991
1636247820,+3.42,+18.469, +9.255,+0.991
1636247880,+3.42,+18.461, +9.264,+0.990
1636247940,+3.42,+18.452, +9.295,+0.991
1636248000,+3.42,+18.461, +9.237,+0.991
1636248060,+3.42,+18.452, +9.251,+0.991
1636248120,+3.42,+18.427, +9.279,+0.991
1636248180,+3.42,+18.452, +9.240,+0.990
1636248240,+3.42,+18.436, +9.293,+0.991
1636248300,+3.42,+18.419, +9.324,+0.991
1636248360,+3.42,+18.436, +9.348,+0.991
1636248420,+3.42,+18.444, +9.338,+0.990
1636248480,+3.42,+18.419, +9.362,+0.990
1636248540,+3.42,+18.419, +9.363,+0.991
1636248600,+3.42,+18.427, +9.298,+0.990
1636248660,+3.42,+18.410, +9.295,+0.990
1636248720,+3.42,+18.410, +9.243,+0.991
1636248780,+3.42,+18.419, +9.211,+0.991
1636248840,+3.42,+18.410, +9.215,+0.990
1636248900,+3.42,+18.402, +9.272,+0.990
1636248960,+3.42,+18.394, +9.299,+0.991
1636249020,+3.42,+18.385, +9.305,+0.991
1636249080,+3.42,+18.385, +9.296,+0.991
1636249140,+3.42,+18.385, +9.264,+0.990
1636249200,+3.42,+18.377, +9.261,+0.991
1636249260,+3.42,+18.385, +9.240,+0.990
1636249320,+3.42,+18.377, +9.180,+0.990
1636249380,+3.42,+18.377, +9.097,+0.990
1636249440,+3.42,+18.360, +9.157,+0.990
1636249500,+3.42,+18.360, +9.184,+0.990
1636249560,+3.42,+18.360, +9.210,+0.991
1636249620,+3.42,+18.360, +9.215,+0.990
1636249680,+3.42,+18.360, +9.230,+0.991
1636249740,+3.42,+18.360, +9.216,+0.991
1636249800,+3.42,+18.351, +9.198,+0.991
1636249860,+3.42,+18.351, +9.188,+0.991
1636249920,+3.42,+18.335, +9.148,+0.990
1636249980,+3.42,+18.343, +9.133,+0.990
1636250040,+3.42,+18.318, +9.190,+0.990
1636250100,+3.42,+18.335, +9.191,+0.991
1636250160,+3.42,+18.326, +9.153,+0.991
1636250220,+3.42,+18.326, +9.098,+0.991
1636250280,+3.42,+18.326, +9.109,+0.991
1636250340,+3.42,+18.326, +9.088,+0.990
1636250400,+3.42,+18.318, +9.071,+0.990
1636250460,+3.42,+18.309, +9.099,+0.990
1636250520,+3.42,+18.301, +9.103,+0.991
1636250580,+3.42,+18.309, +9.077,+0.991
1636250640,+3.42,+18.301, +9.025,+0.990
1636250700,+3.42,+18.284, +9.010,+0.991
1636250760,+3.42,+18.284, +9.047,+0.990
1636250820,+3.42,+18.276, +9.101,+0.991
1636250880,+3.42,+18.293, +9.087,+0.990
1636250940,+3.42,+18.284, +9.054,+0.990
1636251000,+3.42,+18.276, +9.071,+0.991
1636251060,+3.42,+18.284, +9.106,+0.991
1636251120,+3.42,+18.267, +9.121,+0.991
1636251180,+3.42,+18.267, +9.120,+0.990
1636251240,+3.42,+18.276, +9.124,+0.991
1636251300,+3.42,+18.267, +9.114,+0.991
1636251360,+3.42,+18.267, +9.084,+0.991
1636251420,+3.42,+18.259, +9.088,+0.990
1636251480,+3.42,+18.259, +9.108,+0.991
1636251540,+3.42,+18.259, +9.085,+0.990
1636251600,+3.42,+18.250, +9.113,+0.991
1636251660,+3.42,+18.242, +9.134,+0.991
1636251720,+3.42,+18.242, +9.131,+0.991
1636251780,+3.42,+18.242, +9.127,+0.991
1636251840,+3.42,+18.242, +9.113,+0.991
1636251900,+3.42,+18.242, +9.055,+0.990
1636251960,+3.42,+18.234, +8.947,+0.990
1636252020,+3.42,+18.225, +8.883,+0.990
1636252080,+3.42,+18.217, +8.879,+0.990
1636252140,+3.42,+18.225, +8.906,+0.990
1636252200,+3.42,+18.217, +8.985,+0.990
1636252260,+3.42,+18.225, +8.996,+0.990
1636252320,+3.42,+18.217, +8.999,+0.991
1636252380,+3.42,+18.208, +8.991,+0.990
1636252440,+3.42,+18.200, +8.993,+0.991
1636252500,+3.42,+18.200, +8.979,+0.991
1636252560,+3.42,+18.200, +8.927,+0.990
1636252620,+3.42,+18.200, +8.861,+0.990
1636252680,+3.42,+18.183, +8.835,+0.990
1636252740,+3.42,+18.200, +8.898,+0.990
1636252800,+3.42,+18.191, +8.917,+0.991
1636252860,+3.42,+18.158, +8.934,+0.990
1636252920,+3.42,+18.183, +8.937,+0.990
1636252980,+3.42,+18.166, +8.939,+0.990
1636253040,+3.42,+18.183, +8.922,+0.990
1636253100,+3.42,+18.166, +8.926,+0.991
1636253160,+3.42,+18.158, +8.888,+0.990
1636253220,+3.42,+18.149, +8.860,+0.990
1636253280,+3.42,+18.166, +8.869,+0.990
1636253340,+3.42,+18.141, +8.888,+0.991
1636253400,+3.42,+18.141, +8.882,+0.990
1636253460,+3.42,+18.141, +8.876,+0.991
1636253520,+3.42,+18.149, +8.865,+0.991
1636253580,+3.42,+18.132, +8.840,+0.990
1636253640,+3.42,+18.116, +8.815,+0.990
1636253700,+3.42,+18.141, +8.779,+0.990
1636253760,+3.42,+18.124, +8.779,+0.991
1636253820,+3.42,+18.124, +8.779,+0.991
1636253880,+3.42,+18.124, +8.769,+0.991
1636253940,+3.42,+18.116, +8.759,+0.990
1636254000,+3.42,+18.116, +8.763,+0.990
1636254060,+3.42,+18.116, +8.753,+0.990
1636254120,+3.42,+18.116, +8.751,+0.990
1636254180,+3.42,+18.132, +8.736,+0.990
1636254240,+3.42,+18.116, +8.733,+0.990
1636254300,+3.42,+18.090, +8.782,+0.991
1636254360,+3.42,+18.090, +8.771,+0.991
1636254420,+3.42,+18.090, +8.780,+0.991
1636254480,+3.42,+18.107, +8.775,+0.990
1636254540,+3.42,+18.082, +8.789,+0.990
1636254600,+3.42,+18.090, +8.806,+0.991
1636254660,+3.42,+18.073, +8.822,+0.991
1636254720,+3.42,+18.065, +8.797,+0.990
1636254780,+3.42,+18.073, +8.793,+0.991
1636254840,+3.42,+18.082, +8.764,+0.990
1636254900,+3.42,+18.082, +8.725,+0.990
1636254960,+3.42,+18.082, +8.698,+0.990
1636255020,+3.42,+18.065, +8.703,+0.990
1636255080,+3.42,+18.048, +8.718,+0.990
1636255140,+3.42,+18.057, +8.721,+0.991
1636255200,+3.42,+18.065, +8.721,+0.990
1636255260,+3.42,+18.073, +8.707,+0.991
1636255320,+3.42,+18.057, +8.670,+0.990
1636255380,+3.42,+18.048, +8.651,+0.990
1636255440,+3.42,+18.057, +8.649,+0.990
1636255500,+3.42,+18.040, +8.684,+0.990
1636255560,+3.42,+18.048, +8.721,+0.990
1636255620,+3.42,+18.040, +8.714,+0.990
1636255680,+3.42,+18.023, +8.705,+0.990
1636255740,+3.42,+18.031, +8.694,+0.990
1636255800,+3.42,+18.040, +8.683,+0.990
1636255860,+3.42,+18.023, +8.703,+0.991
1636255920,+3.42,+18.023, +8.704,+0.990
1636255980,+3.42,+18.014, +8.708,+0.990
1636256040,+3.42,+18.023, +8.718,+0.990
1636256100,+3.42,+18.031, +8.708,+0.990
1636256160,+3.42,+18.023, +8.715,+0.990
1636256220,+3.42,+18.006, +8.716,+0.990
1636256280,+3.42,+18.014, +8.688,+0.990
1636256340,+3.42,+18.031, +8.671,+0.990
1636256400,+3.42,+17.989, +8.653,+0.990
1636256460,+3.42,+18.006, +8.607,+0.990
1636256520,+3.42,+17.989, +8.602,+0.990
1636256580,+3.42,+17.998, +8.596,+0.990
1636256640,+3.42,+17.998, +8.582,+0.990
1636256700,+3.42,+17.989, +8.567,+0.990
1636256760,+3.42,+17.989, +8.546,+0.990
1636256820,+3.42,+18.006, +8.528,+0.990
1636256880,+3.42,+17.998, +8.496,+0.990
1636256940,+3.42,+17.998, +8.477,+0.990
1636257000,+3.42,+17.989, +8.483,+0.990
1636257060,+3.42,+17.981, +8.481,+0.990
1636257120,+3.42,+17.972, +8.478,+0.990
1636257180,+3.42,+17.972, +8.493,+0.990
1636257240,+3.42,+17.989, +8.514,+0.991
1636257300,+3.42,+17.972, +8.508,+0.990
1636257360,+3.42,+17.972, +8.509,+0.990
1636257420,+3.42,+17.955, +8.514,+0.990
1636257480,+3.42,+17.972, +8.498,+0.990
1636257540,+3.42,+17.955, +8.504,+0.990
1636257600,+3.42,+17.972, +8.487,+0.990
1636257660,+3.42,+17.955, +8.488,+0.990
1636257720,+3.42,+17.947, +8.471,+0.990
1636257780,+3.42,+17.947, +8.473,+0.990
1636257840,+3.42,+17.939, +8.483,+0.990
1636257900,+3.42,+17.939, +8.479,+0.991
1636257960,+3.42,+17.947, +8.460,+0.990
1636258020,+3.42,+17.930, +8.429,+0.990
1636258080,+3.42,+17.930, +8.412,+0.990
1636258140,+3.42,+17.922, +8.424,+0.990
1636258200,+3.42,+17.939, +8.408,+0.990
1636258260,+3.42,+17.922, +8.404,+0.990
1636258320,+3.42,+17.930, +8.389,+0.990
1636258380,+3.42,+17.905, +8.387,+0.990
1636258440,+3.42,+17.905, +8.355,+0.990
1636258500,+3.42,+17.922, +8.328,+0.990
1636258560,+3.42,+17.905, +8.317,+0.990
1636258620,+3.42,+17.905, +8.295,+0.990
1636258680,+3.42,+17.896, +8.274,+0.990
1636258740,+3.42,+17.905, +8.249,+0.990
1636258800,+3.42,+17.922, +8.210,+0.990
1636258860,+3.42,+17.888, +8.204,+0.990
1636258920,+3.42,+17.896, +8.180,+0.990
1636258980,+3.42,+17.888, +8.162,+0.990
1636259040,+3.42,+17.888, +8.150,+0.990
1636259100,+3.42,+17.863, +8.139,+0.990
1636259160,+3.42,+17.871, +8.102,+0.990
1636259220,+3.42,+17.888, +8.132,+0.990
1636259280,+3.42,+17.863, +8.154,+0.990
1636259340,+3.42,+17.879, +8.141,+0.990
1636259400,+3.42,+17.879, +8.129,+0.990
1636259460,+3.42,+17.854, +8.148,+0.989
1636259520,+3.42,+17.863, +8.140,+0.990
1636259580,+3.42,+17.863, +8.131,+0.990
1636259640,+3.42,+17.879, +8.122,+0.990
1636259700,+3.42,+17.863, +8.115,+0.991
1636259760,+3.42,+17.854, +8.104,+0.990
1636259820,+3.42,+17.871, +8.072,+0.990
1636259880,+3.42,+17.863, +8.044,+0.990
1636259940,+3.42,+17.854, +8.013,+0.990
1636260000,+3.42,+17.854, +8.005,+0.990
1636260060,+3.42,+17.863, +7.994,+0.990
1636260120,+3.42,+17.854, +7.987,+0.990
1636260180,+3.42,+17.863, +7.970,+0.990
1636260240,+3.42,+17.863, +7.954,+0.989
1636260300,+3.42,+17.854, +7.934,+0.990
1636260360,+3.42,+17.846, +7.915,+0.990
1636260420,+3.42,+17.846, +7.903,+0.990
1636260480,+3.42,+17.846, +7.894,+0.990
1636260540,+3.41,+17.837, +7.896,+0.990
1636260600,+3.41,+17.829, +7.911,+0.990
1636260660,+3.42,+17.846, +7.908,+0.990
1636260720,+3.42,+17.846, +7.906,+0.990
1636260780,+3.41,+17.829, +7.902,+0.990
1636260840,+3.42,+17.829, +7.884,+0.990
1636260900,+3.41,+17.829, +7.850,+0.989
1636260960,+3.42,+17.812, +7.857,+0.990
1636261020,+3.41,+17.820, +7.834,+0.990
1636261080,+3.41,+17.804, +7.824,+0.990
1636261140,+3.41,+17.795, +7.819,+0.990
1636261200,+3.41,+17.804, +7.799,+0.990
1636261260,+3.42,+17.795, +7.803,+0.990
1636261320,+3.42,+17.804, +7.802,+0.990
1636261380,+3.41,+17.804, +7.813,+0.990
1636261440,+3.41,+17.795, +7.823,+0.990
1636261500,+3.42,+17.812, +7.810,+0.990
1636261560,+3.41,+17.804, +7.814,+0.990
1636261620,+3.42,+17.778, +7.862,+0.990
1636261680,+3.41,+17.770, +7.851,+0.989
1636261740,+3.41,+17.778, +7.853,+0.990
1636261800,+3.42,+17.778, +7.847,+0.990
1636261860,+3.41,+17.770, +7.834,+0.990
1636261920,+3.41,+17.778, +7.817,+0.990
1636261980,+3.41,+17.770, +7.801,+0.990
1636262040,+3.42,+17.778, +7.791,+0.990
1636262100,+3.42,+17.753, +7.784,+0.990
1636262160,+3.41,+17.744, +7.778,+0.990
1636262220,+3.42,+17.744, +7.774,+0.990
1636262280,+3.42,+17.761, +7.782,+0.990
1636262340,+3.42,+17.753, +7.795,+0.990
1636262400,+3.41,+17.744, +7.803,+0.990
1636262460,+3.41,+17.753, +7.792,+0.990
1636262520,+3.42,+17.728, +7.820,+0.990
1636262580,+3.42,+17.728, +7.848,+0.990
1636262640,+3.42,+17.736, +7.833,+0.990
1636262700,+3.41,+17.728, +7.820,+0.990
1636262760,+3.42,+17.728, +7.803,+0.990
1636262820,+3.42,+17.728, +7.774,+0.990
1636262880,+3.42,+17.719, +7.723,+0.989
1636262940,+3.42,+17.736, +7.677,+0.990
1636263000,+3.42,+17.719, +7.657,+0.989
1636263060,+3.42,+17.702, +7.631,+0.990
1636263120,+3.42,+17.711, +7.655,+0.990
1636263180,+3.42,+17.711, +7.670,+0.990
1636263240,+3.42,+17.711, +7.667,+0.990
1636263300,+3.42,+17.711, +7.669,+0.990
1636263360,+3.42,+17.702, +7.688,+0.990
1636263420,+3.42,+17.694, +7.674,+0.990
1636263480,+3.42,+17.702, +7.670,+0.989
1636263540,+3.42,+17.702, +7.665,+0.990
1636263600,+3.42,+17.685, +7.671,+0.990
1636263660,+3.42,+17.668, +7.650,+0.990
1636263720,+3.42,+17.685, +7.608,+0.990
1636263780,+3.42,+17.685, +7.575,+0.990
1636263840,+3.42,+17.685, +7.582,+0.990
1636263900,+3.41,+17.677, +7.580,+0.990
1636263960,+3.42,+17.660, +7.576,+0.989
1636264020,+3.42,+17.660, +7.592,+0.990
1636264080,+3.42,+17.652, +7.586,+0.990
1636264140,+3.42,+17.652, +7.609,+0.990
1636264200,+3.42,+17.652, +7.598,+0.989
1636264260,+3.42,+17.660, +7.584,+0.990
1636264320,+3.42,+17.643, +7.596,+0.990
1636264380,+3.42,+17.660, +7.602,+0.990
1636264440,+3.42,+17.643, +7.658,+0.990
1636264500,+3.42,+17.626, +7.667,+0.990
1636264560,+3.42,+17.626, +7.667,+0.990
1636264620,+3.42,+17.643, +7.663,+0.990
1636264680,+3.42,+17.626, +7.652,+0.990
1636264740,+3.42,+17.635, +7.651,+0.990
1636264800,+3.42,+17.652, +7.634,+0.990
1636264860,+3.42,+17.635, +7.658,+0.990
1636264920,+3.42,+17.618, +7.630,+0.989
1636264980,+3.42,+17.626, +7.627,+0.990
1636265040,+3.42,+17.626, +7.604,+0.990
1636265100,+3.42,+17.626, +7.580,+0.990
1636265160,+3.42,+17.635, +7.569,+0.990
1636265220,+3.41,+17.609, +7.570,+0.990
1636265280,+3.42,+17.618, +7.531,+0.990
1636265340,+3.42,+17.592, +7.503,+0.990
1636265400,+3.42,+17.618, +7.467,+0.990
1636265460,+3.42,+17.618, +7.434,+0.990
1636265520,+3.42,+17.601, +7.486,+0.990
1636265580,+3.42,+17.601, +7.498,+0.990
1636265640,+3.42,+17.609, +7.511,+0.990
1636265700,+3.42,+17.592, +7.528,+0.990
1636265760,+3.42,+17.592, +7.539,+0.990
1636265820,+3.42,+17.592, +7.541,+0.990
1636265880,+3.42,+17.584, +7.536,+0.990
1636265940,+3.42,+17.575, +7.510,+0.990
1636266000,+3.42,+17.575, +7.494,+0.990
1636266060,+3.42,+17.567, +7.482,+0.990
1636266120,+3.42,+17.584, +7.471,+0.990
1636266180,+3.42,+17.575, +7.484,+0.990
1636266240,+3.42,+17.567, +7.492,+0.990
1636266300,+3.42,+17.550, +7.477,+0.990
1636266360,+3.42,+17.575, +7.467,+0.990
1636266420,+3.42,+17.550, +7.471,+0.990
1636266480,+3.42,+17.542, +7.459,+0.990
1636266540,+3.42,+17.542, +7.452,+0.989
1636266600,+3.42,+17.542, +7.447,+0.989
1636266660,+3.42,+17.542, +7.451,+0.990
1636266720,+3.42,+17.542, +7.445,+0.990
1636266780,+3.42,+17.525, +7.445,+0.990
1636266840,+3.42,+17.525, +7.437,+0.990
1636266900,+3.42,+17.542, +7.430,+0.990
1636266960,+3.42,+17.516, +7.444,+0.989
1636267020,+3.42,+17.525, +7.506,+0.990
1636267080,+3.42,+17.516, +7.514,+0.990
1636267140,+3.42,+17.508, +7.521,+0.990
1636267200,+3.42,+17.508, +7.525,+0.990
1636267260,+3.42,+17.491, +7.525,+0.990
1636267320,+3.42,+17.499, +7.529,+0.990
1636267380,+3.42,+17.508, +7.529,+0.990
1636267440,+3.42,+17.491, +7.506,+0.990
1636267500,+3.42,+17.491, +7.467,+0.990
1636267560,+3.42,+17.499, +7.467,+0.990
1636267620,+3.42,+17.491, +7.490,+0.990
1636267680,+3.42,+17.482, +7.465,+0.990
1636267740,+3.42,+17.466, +7.433,+0.990
1636267800,+3.42,+17.466, +7.416,+0.990
1636267860,+3.42,+17.474, +7.442,+0.990
1636267920,+3.42,+17.482, +7.461,+0.990
1636267980,+3.42,+17.466, +7.477,+0.990
1636268040,+3.42,+17.440, +7.488,+0.990
1636268100,+3.42,+17.457, +7.486,+0.990
1636268160,+3.42,+17.457, +7.482,+0.990
1636268220,+3.42,+17.466, +7.471,+0.990
1636268280,+3.42,+17.440, +7.466,+0.990
1636268340,+3.42,+17.449, +7.454,+0.990
1636268400,+3.42,+17.440, +7.448,+0.990
1636268460,+3.42,+17.449, +7.447,+0.989
1636268520,+3.42,+17.449, +7.433,+0.990
1636268580,+3.42,+17.440, +7.424,+0.990
1636268640,+3.42,+17.440, +7.408,+0.989
1636268700,+3.42,+17.415, +7.423,+0.990
1636268760,+3.42,+17.440, +7.374,+0.990
1636268820,+3.42,+17.432, +7.342,+0.990
1636268880,+3.42,+17.415, +7.329,+0.990
1636268940,+3.42,+17.432, +7.308,+0.990
1636269000,+3.42,+17.423, +7.299,+0.990
1636269060,+3.42,+17.423, +7.327,+0.990
1636269120,+3.42,+17.423, +7.324,+0.990
1636269180,+3.42,+17.415, +7.270,+0.989
1636269240,+3.42,+17.406, +7.222,+0.989
1636269300,+3.42,+17.398, +7.188,+0.990
1636269360,+3.42,+17.398, +7.235,+0.990
1636269420,+3.42,+17.398, +7.240,+0.990
1636269480,+3.42,+17.406, +7.262,+0.990
1636269540,+3.42,+17.389, +7.293,+0.990
1636269600,+3.42,+17.398, +7.331,+0.990
1636269660,+3.42,+17.381, +7.342,+0.989
1636269720,+3.42,+17.398, +7.332,+0.990
1636269780,+3.42,+17.398, +7.318,+0.990
1636269840,+3.42,+17.389, +7.321,+0.990
1636269900,+3.42,+17.373, +7.318,+0.989
1636269960,+3.42,+17.373, +7.328,+0.990
1636270020,+3.42,+17.381, +7.331,+0.990
1636270080,+3.42,+17.364, +7.329,+0.990
1636270140,+3.42,+17.356, +7.245,+0.990
1636270200,+3.42,+17.356, +7.214,+0.990
1636270260,+3.42,+17.347, +7.208,+0.990
1636270320,+3.42,+17.339, +7.202,+0.990
1636270380,+3.42,+17.356, +7.187,+0.990
1636270440,+3.42,+17.356, +7.189,+0.990
1636270500,+3.42,+17.356, +7.225,+0.990
1636270560,+3.42,+17.347, +7.251,+0.990
1636270620,+3.42,+17.347, +7.245,+0.990
1636270680,+3.42,+17.330, +7.258,+0.990
1636270740,+3.42,+17.322, +7.255,+0.990
1636270800,+3.42,+17.330, +7.265,+0.990
1636270860,+3.42,+17.313, +7.289,+0.990
1636270920,+3.42,+17.313, +7.300,+0.989
1636270980,+3.42,+17.313, +7.304,+0.990
1636271040,+3.42,+17.322, +7.295,+0.989
1636271100,+3.42,+17.296, +7.297,+0.990
1636271160,+3.42,+17.305, +7.278,+0.990
1636271220,+3.42,+17.296, +7.266,+0.990
1636271280,+3.42,+17.305, +7.272,+0.990
1636271340,+3.42,+17.296, +7.282,+0.990
1636271400,+3.42,+17.279, +7.291,+0.990
1636271460,+3.42,+17.288, +7.272,+0.990
1636271520,+3.42,+17.279, +7.266,+0.990
1636271580,+3.42,+17.271, +7.282,+0.990
1636271640,+3.42,+17.279, +7.270,+0.990
1636271700,+3.42,+17.262, +7.260,+0.990
1636271760,+3.42,+17.279, +7.233,+0.990
1636271820,+3.42,+17.262, +7.168,+0.990
1636271880,+3.42,+17.254, +7.129,+0.989
1636271940,+3.42,+17.246, +7.137,+0.990
1636272000,+3.42,+17.254, +7.135,+0.990
1636272060,+3.42,+17.246, +7.163,+0.990
1636272120,+3.42,+17.237, +7.172,+0.989
1636272180,+3.42,+17.237, +7.177,+0.990
1636272240,+3.42,+17.220, +7.166,+0.990
1636272300,+3.42,+17.254, +7.136,+0.990
1636272360,+3.42,+17.229, +7.133,+0.990
1636272420,+3.42,+17.212, +7.153,+0.989
1636272480,+3.42,+17.212, +7.162,+0.990
1636272540,+3.42,+17.212, +7.156,+0.990
1636272600,+3.42,+17.203, +7.134,+0.989
1636272660,+3.42,+17.203, +7.154,+0.990
1636272720,+3.42,+17.212, +7.151,+0.990
1636272780,+3.42,+17.186, +7.152,+0.990
1636272840,+3.42,+17.203, +7.130,+0.990
1636272900,+3.42,+17.212, +7.124,+0.990
1636272960,+3.42,+17.195, +7.118,+0.990
1636273020,+3.42,+17.195, +7.110,+0.990
1636273080,+3.42,+17.186, +7.117,+0.990
1636273140,+3.42,+17.195, +7.111,+0.990
1636273200,+3.42,+17.186, +7.107,+0.990
1636273260,+3.42,+17.186, +7.092,+0.990
1636273320,+3.42,+17.178, +7.049,+0.989
1636273380,+3.42,+17.169, +7.021,+0.990
1636273440,+3.42,+17.178, +6.986,+0.990
1636273500,+3.42,+17.169, +6.965,+0.990
1636273560,+3.42,+17.169, +6.992,+0.990
1636273620,+3.42,+17.178, +6.988,+0.990
1636273680,+3.42,+17.169, +6.983,+0.990
1636273740,+3.42,+17.161, +6.982,+0.990
1636273800,+3.42,+17.152, +7.005,+0.990
1636273860,+3.42,+17.161, +7.000,+0.990
1636273920,+3.42,+17.161, +6.989,+0.990
1636273980,+3.42,+17.161, +6.979,+0.990
1636274040,+3.42,+17.135, +6.968,+0.990
1636274100,+3.42,+17.161, +6.948,+0.990
1636274160,+3.42,+17.144, +6.952,+0.990
1636274220,+3.42,+17.152, +6.938,+0.990
1636274280,+3.42,+17.152, +6.915,+0.990
1636274340,+3.42,+17.127, +6.886,+0.990
1636274400,+3.42,+17.144, +6.841,+0.990
1636274460,+3.42,+17.144, +6.799,+0.990
1636274520,+3.42,+17.144, +6.737,+0.990
1636274580,+3.42,+17.127, +6.729,+0.990
1636274640,+3.42,+17.135, +6.736,+0.990
1636274700,+3.42,+17.135, +6.726,+0.990
1636274760,+3.42,+17.127, +6.703,+0.990
1636274820,+3.42,+17.135, +6.647,+0.990
1636274880,+3.42,+17.119, +6.600,+0.990
1636274940,+3.42,+17.127, +6.512,+0.990
1636275000,+3.42,+17.127, +6.466,+0.990
1636275060,+3.42,+17.110, +6.557,+0.990
1636275120,+3.42,+17.119, +6.602,+0.990
1636275180,+3.42,+17.119, +6.644,+0.990
1636275240,+3.42,+17.110, +6.640,+0.990
1636275300,+3.42,+17.102, +6.615,+0.990
1636275360,+3.42,+17.093, +6.652,+0.990
1636275420,+3.42,+17.110, +6.638,+0.990
1636275480,+3.42,+17.102, +6.543,+0.990
1636275540,+3.42,+17.102, +6.508,+0.990
1636275600,+3.42,+17.102, +6.546,+0.990
1636275660,+3.42,+17.085, +6.646,+0.990
1636275720,+3.42,+17.102, +6.646,+0.990
1636275780,+3.42,+17.076, +6.625,+0.990
1636275840,+3.42,+17.102, +6.601,+0.990
1636275900,+3.42,+17.085, +6.655,+0.990
1636275960,+3.42,+17.102, +6.671,+0.990
1636276020,+3.42,+17.085, +6.677,+0.990
1636276080,+3.42,+17.085, +6.684,+0.990
1636276140,+3.42,+17.085, +6.679,+0.990
1636276200,+3.42,+17.076, +6.656,+0.990
1636276260,+3.42,+17.059, +6.643,+0.990
1636276320,+3.42,+17.076, +6.613,+0.990
1636276380,+3.42,+17.068, +6.611,+0.990
1636276440,+3.42,+17.068, +6.601,+0.990
1636276500,+3.42,+17.076, +6.574,+0.990
1636276560,+3.42,+17.068, +6.530,+0.990
1636276620,+3.42,+17.076, +6.488,+0.990
1636276680,+3.42,+17.076, +6.440,+0.990
1636276740,+3.42,+17.059, +6.437,+0.990
1636276800,+3.42,+17.068, +6.410,+0.990
1636276860,+3.42,+17.051, +6.384,+0.990
1636276920,+3.42,+17.059, +6.366,+0.990
1636276980,+3.42,+17.042, +6.377,+0.990
1636277040,+3.42,+17.042, +6.359,+0.990
1636277100,+3.42,+17.042, +6.360,+0.990
1636277160,+3.42,+17.051, +6.362,+0.990
1636277220,+3.42,+17.034, +6.364,+0.990
1636277280,+3.42,+17.042, +6.371,+0.990
1636277340,+3.42,+17.025, +6.360,+0.990
1636277400,+3.42,+17.025, +6.330,+0.990
1636277460,+3.42,+17.034, +6.314,+0.990
1636277520,+3.42,+17.042, +6.317,+0.990
1636277580,+3.42,+17.025, +6.336,+0.990
1636277640,+3.42,+17.025, +6.338,+0.990
1636277700,+3.42,+17.025, +6.340,+0.990
1636277760,+3.42,+17.017, +6.344,+0.990
1636277820,+3.42,+17.034, +6.344,+0.990
1636277880,+3.42,+17.008, +6.376,+0.990
1636277940,+3.42,+17.017, +6.363,+0.990
1636278000,+3.42,+17.034, +6.344,+0.990
1636278060,+3.42,+17.017, +6.362,+0.990
1636278120,+3.42,+17.000, +6.344,+0.990
1636278180,+3.42,+16.991, +6.345,+0.990
1636278240,+3.42,+17.000, +6.347,+0.990
1636278300,+3.42,+17.000, +6.345,+0.990
1636278360,+3.42,+17.034, +6.336,+0.990
1636278420,+3.42,+17.008, +6.344,+0.990
1636278480,+3.42,+16.991, +6.335,+0.990
1636278540,+3.42,+17.008, +6.332,+0.990
1636278600,+3.42,+17.008, +6.327,+0.990
1636278660,+3.42,+16.991, +6.328,+0.990
1636278720,+3.42,+17.000, +6.313,+0.990
1636278780,+3.42,+17.008, +6.308,+0.990
1636278840,+3.42,+17.000, +6.291,+0.990
1636278900,+3.42,+16.991, +6.263,+0.990
1636278960,+3.42,+16.983, +6.258,+0.990
1636279020,+3.42,+16.991, +6.206,+0.990
1636279080,+3.42,+17.000, +6.176,+0.990
1636279140,+3.42,+16.991, +6.180,+0.990
1636279200,+3.42,+16.991, +6.166,+0.990
1636279260,+3.42,+16.991, +6.124,+0.990
1636279320,+3.42,+16.991, +6.093,+0.990
1636279380,+3.42,+16.983, +6.096,+0.990
1636279440,+3.42,+16.983, +6.080,+0.990
1636279500,+3.42,+16.983, +6.062,+0.990
1636279560,+3.42,+16.974, +6.041,+0.990
1636279620,+3.42,+16.974, +6.019,+0.990
1636279680,+3.42,+16.974, +6.044,+0.990
1636279740,+3.42,+16.974, +6.063,+0.990
1636279800,+3.42,+16.957, +6.049,+0.990
1636279860,+3.42,+16.966, +5.940,+0.990
1636279920,+3.42,+16.966, +5.932,+0.990
1636279980,+3.42,+16.966, +6.006,+0.990
1636280040,+3.42,+16.974, +5.992,+0.990
1636280100,+3.42,+16.966, +5.974,+0.990
1636280160,+3.42,+16.974, +5.978,+0.990
1636280220,+3.42,+16.966, +5.916,+0.990
1636280280,+3.42,+16.966, +5.879,+0.990
1636280340,+3.42,+16.966, +5.844,+0.990
1636280400,+3.42,+16.974, +5.836,+0.990
1636280460,+3.42,+16.949, +5.799,+0.990
1636280520,+3.42,+16.932, +5.664,+0.990
1636280580,+3.42,+16.940, +5.658,+0.990
1636280640,+3.42,+16.940, +5.690,+0.990
1636280700,+3.42,+16.940, +5.730,+0.990
1636280760,+3.42,+16.957, +5.678,+0.990
1636280820,+3.42,+16.957, +5.664,+0.990
1636280880,+3.42,+16.957, +5.640,+0.990
1636280940,+3.42,+16.949, +5.610,+0.990
1636281000,+3.42,+16.940, +5.584,+0.990
1636281060,+3.42,+16.957, +5.507,+0.990
1636281120,+3.42,+16.957, +5.412,+0.990
1636281180,+3.42,+16.940, +5.423,+0.990
1636281240,+3.42,+16.932, +5.447,+0.990
1636281300,+3.42,+16.957, +5.468,+0.990
1636281360,+3.42,+16.932, +5.489,+0.990
1636281420,+3.42,+16.949, +5.501,+0.990
1636281480,+3.42,+16.940, +5.496,+0.990
1636281540,+3.42,+16.940, +5.521,+0.990
1636281600,+3.42,+16.940, +5.577,+0.990
1636281660,+3.42,+16.932, +5.618,+0.990
1636281720,+3.42,+16.940, +5.660,+0.990
1636281780,+3.42,+16.915, +5.662,+0.990
1636281840,+3.42,+16.923, +5.648,+0.990
1636281900,+3.42,+16.940, +5.637,+0.990
1636281960,+3.42,+16.932, +5.638,+0.990
1636282020,+3.42,+16.923, +5.630,+0.990
1636282080,+3.42,+16.915, +5.611,+0.990
1636282140,+3.42,+16.915, +5.586,+0.990
1636282200,+3.42,+16.923, +5.565,+0.990
1636282260,+3.42,+16.923, +5.545,+0.990
1636282320,+3.42,+16.915, +5.530,+0.990
1636282380,+3.42,+16.940, +5.497,+0.990
1636282440,+3.42,+16.915, +5.483,+0.990
1636282500,+3.42,+16.915, +5.473,+0.990
1636282560,+3.42,+16.907, +5.447,+0.990
1636282620,+3.42,+16.898, +5.416,+0.990
1636282680,+3.42,+16.923, +5.390,+0.990
1636282740,+3.42,+16.915, +5.374,+0.990
1636282800,+3.42,+16.898, +5.406,+0.990
1636282860,+3.42,+16.907, +5.442,+0.990
1636282920,+3.42,+16.898, +5.475,+0.990
1636282980,+3.42,+16.890, +5.473,+0.990
1636283040,+3.42,+16.898, +5.454,+0.990
1636283100,+3.42,+16.907, +5.416,+0.990
1636283160,+3.42,+16.898, +5.387,+0.990
1636283220,+3.42,+16.890, +5.388,+0.990
1636283280,+3.42,+16.898, +5.376,+0.990
1636283340,+3.42,+16.890, +5.334,+0.990
1636283400,+3.42,+16.890, +5.306,+0.990
1636283460,+3.42,+16.890, +5.301,+0.990
1636283520,+3.42,+16.907, +5.304,+0.990
1636283580,+3.42,+16.890, +5.327,+0.990
1636283640,+3.42,+16.873, +5.381,+0.990
1636283700,+3.42,+16.864, +5.401,+0.990
1636283760,+3.42,+16.873, +5.404,+0.990
1636283820,+3.42,+16.864, +5.403,+0.990
1636283880,+3.42,+16.881, +5.391,+0.990
1636283940,+3.42,+16.864, +5.381,+0.990
1636284000,+3.42,+16.873, +5.357,+0.990
1636284060,+3.42,+16.873, +5.341,+0.990
1636284120,+3.42,+16.864, +5.336,+0.990
1636284180,+3.42,+16.864, +5.323,+0.990
1636284240,+3.42,+16.873, +5.302,+0.990
1636284300,+3.42,+16.856, +5.282,+0.990
1636284360,+3.42,+16.847, +5.266,+0.990
1636284420,+3.42,+16.864, +5.253,+0.990
1636284480,+3.42,+16.864, +5.232,+0.990
1636284540,+3.42,+16.881, +5.232,+0.990
1636284600,+3.42,+16.873, +5.247,+0.990
1636284660,+3.42,+16.856, +5.234,+0.990
1636284720,+3.42,+16.864, +5.207,+0.990
1636284780,+3.42,+16.864, +5.178,+0.990
1636284840,+3.42,+16.864, +5.158,+0.990
1636284900,+3.42,+16.856, +5.142,+0.990
1636284960,+3.42,+16.864, +5.122,+0.990
1636285020,+3.42,+16.856, +5.100,+0.990
1636285080,+3.42,+16.847, +5.120,+0.990
1636285140,+3.42,+16.847, +5.117,+0.990
1636285200,+3.42,+16.839, +5.103,+0.990
1636285260,+3.42,+16.856, +5.081,+0.990
1636285320,+3.42,+16.847, +5.079,+0.990
1636285380,+3.42,+16.839, +5.091,+0.990
1636285440,+3.42,+16.839, +5.084,+0.990
1636285500,+3.42,+16.839, +5.077,+0.990
1636285560,+3.42,+16.847, +5.074,+0.990
1636285620,+3.41,+16.839, +5.088,+0.990
1636285680,+3.42,+16.830, +5.108,+0.990
1636285740,+3.42,+16.847, +5.114,+0.990
1636285800,+3.42,+16.830, +5.121,+0.990
1636285860,+3.42,+16.830, +5.135,+0.990
1636285920,+3.42,+16.839, +5.130,+0.990
1636285980,+3.42,+16.830, +5.118,+0.990
1636286040,+3.41,+16.830, +5.104,+0.990
1636286100,+3.42,+16.830, +5.101,+0.990
1636286160,+3.41,+16.813, +5.092,+0.990
1636286220,+3.41,+16.813, +5.076,+0.990
1636286280,+3.41,+16.813, +5.072,+0.990
1636286340,+3.42,+16.822, +5.078,+0.990
1636286400,+3.41,+16.813, +5.075,+0.990
1636286460,+3.41,+16.813, +5.072,+0.990
1636286520,+3.41,+16.813, +5.066,+0.991
1636286580,+3.41,+16.813, +5.051,+0.990
1636286640,+3.41,+16.813, +5.040,+0.990
1636286700,+3.41,+16.822, +5.039,+0.990
1636286760,+3.41,+16.813, +5.040,+0.990
1636286820,+3.41,+16.796, +5.044,+0.990
1636286880,+3.41,+16.805, +5.051,+0.990
1636286940,+3.41,+16.796, +5.049,+0.990
1636287000,+3.41,+16.805, +5.057,+0.990
1636287060,+3.41,+16.822, +5.048,+0.990
1636287120,+3.41,+16.796, +5.026,+0.990
1636287180,+3.41,+16.813, +5.000,+0.990
1636287240,+3.41,+16.805, +5.000,+0.990
1636287300,+3.41,+16.805, +5.003,+0.990
1636287360,+3.41,+16.779, +4.983,+0.990
1636287420,+3.41,+16.779, +4.972,+0.990
1636287480,+3.41,+16.788, +4.969,+0.990
1636287540,+3.41,+16.771, +4.971,+0.990
1636287600,+3.41,+16.762, +4.972,+0.990
1636287660,+3.41,+16.771, +4.967,+0.990
1636287720,+3.41,+16.771, +4.961,+0.990
1636287780,+3.41,+16.771, +4.956,+0.990
1636287840,+3.41,+16.771, +4.945,+0.990
1636287900,+3.41,+16.762, +4.942,+0.990
1636287960,+3.41,+16.779, +4.934,+0.990
1636288020,+3.41,+16.771, +4.943,+0.990
1636288080,+3.41,+16.771, +4.938,+0.990
1636288140,+3.41,+16.771, +4.926,+0.990
1636288200,+3.41,+16.762, +4.933,+0.990
1636288260,+3.41,+16.771, +4.934,+0.990
1636288320,+3.41,+16.779, +4.930,+0.990
1636288380,+3.41,+16.771, +4.932,+0.990
1636288440,+3.41,+16.762, +4.965,+0.990
1636288500,+3.41,+16.771, +4.971,+0.990
1636288560,+3.41,+16.779, +4.963,+0.990
1636288620,+3.41,+16.771, +4.964,+0.990
1636288680,+3.41,+16.771, +4.962,+0.990
1636288740,+3.41,+16.771, +4.935,+0.990
1636288800,+3.41,+16.754, +4.917,+0.990
1636288860,+3.41,+16.771, +4.894,+0.990
1636288920,+3.41,+16.779, +4.867,+0.990
1636288980,+3.41,+16.762, +4.856,+0.990
1636289040,+3.41,+16.745, +4.855,+0.990
1636289100,+3.41,+16.745, +4.848,+0.990
1636289160,+3.41,+16.754, +4.840,+0.990
1636289220,+3.41,+16.754, +4.836,+0.990
1636289280,+3.41,+16.754, +4.830,+0.990
1636289340,+3.41,+16.745, +4.822,+0.990
1636289400,+3.41,+16.754, +4.817,+0.990
1636289460,+3.41,+16.745, +4.817,+0.990
1636289520,+3.41,+16.728, +4.826,+0.991
1636289580,+3.41,+16.754, +4.829,+0.990
1636289640,+3.41,+16.754, +4.831,+0.990
1636289700,+3.41,+16.762, +4.833,+0.990
1636289760,+3.41,+16.745, +4.852,+0.991
1636289820,+3.41,+16.745, +4.849,+0.990
1636289880,+3.41,+16.745, +4.864,+0.990
1636289940,+3.41,+16.762, +4.858,+0.990
1636290000,+3.41,+16.737, +4.859,+0.990
1636290060,+3.41,+16.745, +4.848,+0.990
1636290120,+3.41,+16.745, +4.848,+0.991
1636290180,+3.41,+16.737, +4.845,+0.990
1636290240,+3.41,+16.737, +4.847,+0.990
1636290300,+3.41,+16.720, +4.826,+0.990
1636290360,+3.41,+16.737, +4.816,+0.990
1636290420,+3.41,+16.728, +4.809,+0.990
1636290480,+3.41,+16.745, +4.795,+0.990
1636290540,+3.41,+16.737, +4.783,+0.990
1636290600,+3.41,+16.745, +4.771,+0.990
1636290660,+3.41,+16.745, +4.762,+0.990
1636290720,+3.41,+16.728, +4.758,+0.990
1636290780,+3.41,+16.737, +4.749,+0.991
1636290840,+3.41,+16.737, +4.732,+0.990
1636290900,+3.41,+16.737, +4.737,+0.991
1636290960,+3.41,+16.728, +4.743,+0.990
1636291020,+3.41,+16.720, +4.743,+0.990
1636291080,+3.41,+16.728, +4.744,+0.990
1636291140,+3.41,+16.720, +4.742,+0.991
1636291200,+3.41,+16.728, +4.735,+0.990
1636291260,+3.41,+16.737, +4.732,+0.990
1636291320,+3.41,+16.728, +4.729,+0.990
1636291380,+3.41,+16.728, +4.730,+0.990
1636291440,+3.41,+16.737, +4.722,+0.990
1636291500,+3.41,+16.728, +4.713,+0.990
1636291560,+3.41,+16.737, +4.696,+0.990
1636291620,+3.41,+16.720, +4.707,+0.990
1636291680,+3.41,+16.745, +4.701,+0.990
1636291740,+3.41,+16.737, +4.703,+0.990
1636291800,+3.41,+16.720, +4.701,+0.991
1636291860,+3.41,+16.720, +4.701,+0.991
1636291920,+3.41,+16.703, +4.708,+0.991
1636291980,+3.41,+16.728, +4.710,+0.991
1636292040,+3.41,+16.711, +4.724,+0.990
1636292100,+3.41,+16.703, +4.700,+0.990
1636292160,+3.41,+16.703, +4.683,+0.990
1636292220,+3.41,+16.728, +4.670,+0.990
1636292280,+3.41,+16.720, +4.669,+0.990
1636292340,+3.41,+16.703, +4.659,+0.990
1636292400,+3.41,+16.720, +4.650,+0.991
1636292460,+3.41,+16.720, +4.648,+0.990
1636292520,+3.41,+16.711, +4.654,+0.991
1636292580,+3.41,+16.720, +4.650,+0.991
1636292640,+3.41,+16.728, +4.640,+0.991
1636292700,+3.41,+16.728, +4.635,+0.991
1636292760,+3.41,+16.728, +4.640,+0.990
1636292820,+3.41,+16.720, +4.635,+0.990
1636292880,+3.41,+16.711, +4.641,+0.991
1636292940,+3.41,+16.720, +4.638,+0.991
1636293000,+3.41,+16.720, +4.639,+0.990
1636293060,+3.41,+16.711, +4.633,+0.991
1636293120,+3.41,+16.711, +4.628,+0.990
1636293180,+3.41,+16.711, +4.622,+0.990
1636293240,+3.41,+16.711, +4.622,+0.991
1636293300,+3.41,+16.720, +4.620,+0.991
1636293360,+3.41,+16.728, +4.614,+0.990
1636293420,+3.41,+16.720, +4.622,+0.991
1636293480,+3.41,+16.720, +4.619,+0.990
1636293540,+3.41,+16.720, +4.609,+0.990
1636293600,+3.41,+16.703, +4.610,+0.990
1636293660,+3.41,+16.728, +4.597,+0.990
1636293720,+3.41,+16.720, +4.614,+0.990
1636293780,+3.41,+16.720, +4.622,+0.990
1636293840,+3.41,+16.728, +4.628,+0.990
1636293900,+3.41,+16.711, +4.633,+0.990
1636293960,+3.41,+16.720, +4.627,+0.990
1636294020,+3.41,+16.720, +4.623,+0.990
1636294080,+3.41,+16.728, +4.633,+0.990
1636294140,+3.41,+16.728, +4.646,+0.990
1636294200,+3.41,+16.745, +4.637,+0.990
1636294260,+3.41,+16.737, +4.644,+0.990
1636294320,+3.41,+16.745, +4.649,+0.990
1636294380,+3.41,+16.745, +4.657,+0.990
1636294440,+3.41,+16.728, +4.673,+0.991
1636294500,+3.41,+16.728, +4.678,+0.990
1636294560,+3.41,+16.737, +4.683,+0.990
1636294620,+3.41,+16.728, +4.678,+0.990
1636294680,+3.41,+16.745, +4.669,+0.990
1636294740,+3.41,+16.745, +4.672,+0.990
1636294800,+3.41,+16.728, +4.692,+0.990
1636294860,+3.41,+16.745, +4.702,+0.990
1636294920,+3.41,+16.745, +4.711,+0.990
1636294980,+3.41,+16.737, +4.728,+0.990
1636295040,+3.41,+16.737, +4.743,+0.990
1636295100,+3.41,+16.754, +4.738,+0.990
1636295160,+3.41,+16.745, +4.748,+0.990
1636295220,+3.41,+16.754, +4.758,+0.990
1636295280,+3.41,+16.728, +4.765,+0.990
1636295340,+3.41,+16.745, +4.770,+0.990
1636295400,+3.41,+16.745, +4.774,+0.990
1636295460,+3.41,+16.754, +4.775,+0.990
1636295520,+3.41,+16.771, +4.778,+0.990
1636295580,+3.41,+16.754, +4.781,+0.990
1636295640,+3.41,+16.762, +4.774,+0.990
1636295700,+3.41,+16.762, +4.768,+0.990
1636295760,+3.41,+16.754, +4.771,+0.990
1636295820,+3.41,+16.762, +4.768,+0.990
1636295880,+3.41,+16.762, +4.765,+0.990
1636295940,+3.41,+16.762, +4.769,+0.990
1636296000,+3.41,+16.779, +4.771,+0.990
1636296060,+3.41,+16.762, +4.771,+0.990
1636296120,+3.41,+16.771, +4.771,+0.990
1636296180,+3.41,+16.788, +4.762,+0.990
1636296240,+3.41,+16.779, +4.777,+0.990
1636296300,+3.41,+16.779, +4.784,+0.990
1636296360,+3.41,+16.788, +4.782,+0.990
1636296420,+3.41,+16.805, +4.786,+0.990
1636296480,+3.41,+16.805, +4.792,+0.990
1636296540,+3.41,+16.796, +4.809,+0.990
1636296600,+3.41,+16.796, +4.833,+0.990
1636296660,+3.41,+16.813, +4.845,+0.990
1636296720,+3.41,+16.805, +4.864,+0.990
1636296780,+3.41,+16.796, +4.862,+0.990
1636296840,+3.41,+16.805, +4.860,+0.990
1636296900,+3.41,+16.788, +4.882,+0.990
1636296960,+3.41,+16.813, +4.879,+0.990
1636297020,+3.41,+16.839, +4.876,+0.990
1636297080,+3.41,+16.830, +4.875,+0.990
1636297140,+3.41,+16.839, +4.885,+0.990
1636297200,+3.41,+16.847, +4.888,+0.990
1636297260,+3.41,+16.805, +4.892,+0.990
1636297320,+3.41,+16.839, +4.878,+0.990
1636297380,+3.41,+16.830, +4.872,+0.990
1636297440,+3.41,+16.822, +4.897,+0.990
1636297500,+3.41,+16.813, +4.906,+0.990
1636297560,+3.41,+16.822, +4.907,+0.990
1636297620,+3.41,+16.830, +4.909,+0.990
1636297680,+3.41,+16.822, +4.924,+0.990
1636297740,+3.41,+16.813, +4.930,+0.990
1636297800,+3.41,+16.805, +4.943,+0.990
1636297860,+3.41,+16.813, +4.957,+0.990
1636297920,+3.41,+16.822, +4.973,+0.990
1636297980,+3.41,+16.822, +4.972,+0.990
1636298040,+3.41,+16.822, +4.964,+0.990
1636298100,+3.41,+16.822, +4.962,+0.990
1636298160,+3.41,+16.822, +4.968,+0.990
1636298220,+3.41,+16.839, +4.971,+0.990
1636298280,+3.41,+16.839, +4.984,+0.990
1636298340,+3.41,+16.830, +4.994,+0.990
1636298400,+3.41,+16.830, +5.004,+0.990
1636298460,+3.42,+16.864, +5.032,+0.990
1636298520,+3.41,+16.839, +5.043,+0.990
1636298580,+3.42,+16.864, +5.037,+0.990
1636298640,+3.42,+16.864, +5.027,+0.990
1636298700,+3.42,+16.847, +5.016,+0.990
1636298760,+3.41,+16.839, +5.006,+0.990
1636298820,+3.42,+16.864, +5.003,+0.990
1636298880,+3.41,+16.847, +4.981,+0.989
1636298940,+3.42,+16.856, +4.973,+0.990
1636299000,+3.41,+16.864, +4.978,+0.990
1636299060,+3.42,+16.864, +4.972,+0.990
1636299120,+3.42,+16.873, +5.013,+0.990
1636299180,+3.42,+16.873, +5.084,+0.990
1636299240,+3.42,+16.864, +5.085,+0.990
1636299300,+3.42,+16.873, +5.074,+0.990
1636299360,+3.42,+16.873, +5.035,+0.990
1636299420,+3.42,+16.873, +5.058,+0.990
1636299480,+3.42,+16.881, +5.055,+0.990
1636299540,+3.42,+16.873, +5.058,+0.990
1636299600,+3.41,+16.864, +5.063,+0.990
1636299660,+3.42,+16.890, +5.079,+0.990
1636299720,+3.42,+16.890, +5.089,+0.990
1636299780,+3.42,+16.881, +5.090,+0.990
1636299840,+3.42,+16.881, +5.058,+0.990
1636299900,+3.42,+16.890, +5.042,+0.990
1636299960,+3.42,+16.873, +5.028,+0.990
1636300020,+3.42,+16.907, +5.015,+0.990
1636300080,+3.42,+16.890, +5.030,+0.990
1636300140,+3.42,+16.898, +5.033,+0.990
1636300200,+3.42,+16.873, +5.020,+0.990
1636300260,+3.42,+16.881, +5.005,+0.990
1636300320,+3.42,+16.881, +5.005,+0.990
1636300380,+3.42,+16.898, +5.012,+0.990
1636300440,+3.42,+16.898, +5.037,+0.990
1636300500,+3.42,+16.907, +5.065,+0.990
1636300560,+3.42,+16.907, +5.058,+0.990
1636300620,+3.42,+16.915, +5.048,+0.990
1636300680,+3.42,+16.898, +5.043,+0.990
1636300740,+3.42,+16.907, +5.025,+0.990
1636300800,+3.42,+16.898, +5.026,+0.990
1636300860,+3.42,+16.898, +5.055,+0.990
1636300920,+3.42,+16.898, +5.132,+0.989
1636300980,+3.42,+16.915, +5.201,+0.990
1636301040,+3.42,+16.907, +5.213,+0.990
1636301100,+3.42,+16.907, +5.156,+0.990
1636301160,+3.42,+16.898, +5.123,+0.990
1636301220,+3.42,+16.915, +5.112,+0.990
1636301280,+3.42,+16.957, +5.216,+0.990
1636301340,+3.42,+16.932, +5.135,+0.990
1636301400,+3.42,+16.915, +5.078,+0.989
1636301460,+3.42,+16.949, +5.155,+0.990
1636301520,+3.42,+16.991, +5.324,+0.990
1636301580,+3.42,+17.017, +5.356,+0.989
1636301640,+3.42,+17.034, +5.345,+0.990
1636301700,+3.42,+17.034, +5.314,+0.989
1636301760,+3.42,+17.034, +5.302,+0.989
1636301820,+3.42,+17.059, +5.355,+0.990
1636301880,+3.41,+17.076, +5.403,+0.990
1636301940,+3.41,+17.085, +5.377,+0.989
1636302000,+3.42,+17.051, +5.301,+0.989
1636302060,+3.41,+17.068, +5.420,+0.990
1636302120,+3.41,+17.076, +5.450,+0.990
1636302180,+3.41,+17.085, +5.462,+0.990
1636302240,+3.42,+17.093, +5.465,+0.990
1636302300,+3.42,+17.093, +5.447,+0.989
1636302360,+3.42,+17.110, +5.508,+0.990
1636302420,+3.41,+17.127, +5.499,+0.990
1636302480,+3.41,+17.119, +5.492,+0.989
1636302540,+3.41,+17.127, +5.486,+0.990
1636302600,+3.42,+17.144, +5.516,+0.990
1636302660,+3.41,+17.135, +5.522,+0.990
1636302720,+3.41,+17.144, +5.501,+0.989
1636302780,+3.41,+17.152, +5.518,+0.990
1636302840,+3.41,+17.152, +5.556,+0.989
1636302900,+3.41,+17.161, +5.583,+0.989
1636302960,+3.41,+17.169, +5.573,+0.990
1636303020,+3.41,+17.152, +5.576,+0.989
1636303080,+3.41,+17.144, +5.595,+0.989
1636303140,+3.41,+17.144, +5.612,+0.989
1636303200,+3.41,+17.144, +5.624,+0.990
1636303260,+3.41,+17.127, +5.620,+0.989
1636303320,+3.42,+17.110, +5.645,+0.989
1636303380,+3.42,+17.102, +5.694,+0.990
1636303440,+3.41,+17.127, +5.711,+0.989
1636303500,+3.41,+17.119, +5.651,+0.989
1636303560,+3.41,+17.119, +5.707,+0.989
1636303620,+3.41,+17.169, +5.793,+0.989
1636303680,+3.41,+17.169, +5.765,+0.989
