7450-738779
OS REV: 1.05 Sensor Cal: 1615484540
Time (sec),  BV (Volts),  T (deg C),  DO (mg/l),  Q ()
1636303740,+3.41,+17.186, +5.850,+0.989
1636303800,+3.41,+17.186, +5.845,+0.990
1636303860,+3.41,+17.203, +5.817,+0.989
1636303920,+3.41,+17.203, +5.829,+0.989
1636303980,+3.41,+17.178, +5.795,+0.989
1636304040,+3.41,+17.169, +5.782,+0.989
1636304100,+3.41,+17.178, +5.835,+0.989
1636304160,+3.41,+17.186, +5.899,+0.990
1636304220,+3.41,+17.186, +5.938,+0.989
1636304280,+3.41,+17.186, +5.974,+0.989
1636304340,+3.41,+17.195, +6.045,+0.990
1636304400,+3.41,+17.212, +6.086,+0.989
1636304460,+3.41,+17.220, +6.086,+0.989
1636304520,+3.41,+17.212, +6.036,+0.990
1636304580,+3.41,+17.203, +6.049,+0.989
1636304640,+3.41,+17.229, +6.071,+0.989
1636304700,+3.41,+17.212, +6.011,+0.989
1636304760,+3.41,+17.203, +6.037,+0.989
1636304820,+3.41,+17.186, +6.043,+0.989
1636304880,+3.41,+17.186, +6.027,+0.989
1636304940,+3.41,+17.212, +6.051,+0.989
1636305000,+3.41,+17.186, +5.997,+0.989
1636305060,+3.41,+17.178, +6.033,+0.990
1636305120,+3.41,+17.203, +6.129,+0.989
1636305180,+3.41,+17.229, +6.117,+0.989
1636305240,+3.41,+17.237, +6.099,+0.989
1636305300,+3.41,+17.229, +6.117,+0.989
1636305360,+3.41,+17.229, +6.059,+0.990
1636305420,+3.41,+17.195, +5.973,+0.989
1636305480,+3.41,+17.178, +5.889,+0.989
1636305540,+3.41,+17.178, +5.895,+0.989
1636305600,+3.41,+17.195, +5.965,+0.989
1636305660,+3.41,+17.186, +5.997,+0.989
1636305720,+3.41,+17.186, +6.053,+0.989
1636305780,+3.41,+17.203, +6.167,+0.989
1636305840,+3.41,+17.246, +6.203,+0.989
1636305900,+3.41,+17.229, +6.131,+0.990
1636305960,+3.41,+17.237, +6.074,+0.989
1636306020,+3.41,+17.220, +6.027,+0.989
1636306080,+3.41,+17.220, +6.075,+0.989
1636306140,+3.41,+17.237, +6.227,+0.989
1636306200,+3.41,+17.254, +6.247,+0.989
1636306260,+3.41,+17.254, +6.200,+0.989
1636306320,+3.41,+17.262, +6.246,+0.989
1636306380,+3.41,+17.296, +6.238,+0.989
1636306440,+3.41,+17.330, +6.255,+0.990
1636306500,+3.41,+17.339, +6.220,+0.989
1636306560,+3.41,+17.356, +6.170,+0.989
1636306620,+3.41,+17.356, +6.166,+0.989
1636306680,+3.41,+17.373, +6.271,+0.990
1636306740,+3.41,+17.423, +6.335,+0.990
1636306800,+3.41,+17.449, +6.398,+0.990
1636306860,+3.41,+17.432, +6.328,+0.989
1636306920,+3.41,+17.432, +6.291,+0.990
1636306980,+3.41,+17.398, +6.191,+0.989
1636307040,+3.41,+17.389, +6.201,+0.990
1636307100,+3.41,+17.381, +6.241,+0.989
1636307160,+3.41,+17.364, +6.142,+0.989
1636307220,+3.41,+17.330, +6.006,+0.989
1636307280,+3.41,+17.288, +5.951,+0.989
1636307340,+3.41,+17.313, +6.106,+0.990
1636307400,+3.41,+17.288, +6.111,+0.989
1636307460,+3.41,+17.296, +6.043,+0.990
1636307520,+3.41,+17.279, +5.977,+0.989
1636307580,+3.41,+17.254, +5.927,+0.989
1636307640,+3.41,+17.237, +5.924,+0.989
1636307700,+3.41,+17.237, +5.893,+0.990
1636307760,+3.41,+17.212, +5.921,+0.989
1636307820,+3.41,+17.254, +6.058,+0.989
1636307880,+3.41,+17.271, +6.085,+0.989
1636307940,+3.41,+17.279, +6.083,+0.989
1636308000,+3.41,+17.279, +6.113,+0.989
1636308060,+3.41,+17.347, +6.449,+0.989
1636308120,+3.41,+17.406, +6.521,+0.989
1636308180,+3.41,+17.457, +6.556,+0.989
1636308240,+3.41,+17.508, +6.576,+0.990
1636308300,+3.41,+17.508, +6.536,+0.989
1636308360,+3.41,+17.508, +6.515,+0.990
1636308420,+3.41,+17.516, +6.566,+0.989
1636308480,+3.41,+17.542, +6.589,+0.989
1636308540,+3.41,+17.542, +6.598,+0.990
1636308600,+3.41,+17.550, +6.602,+0.989
1636308660,+3.41,+17.550, +6.589,+0.989
1636308720,+3.41,+17.533, +6.555,+0.989
1636308780,+3.41,+17.516, +6.527,+0.990
1636308840,+3.41,+17.508, +6.507,+0.990
1636308900,+3.41,+17.499, +6.516,+0.990
1636308960,+3.41,+17.516, +6.535,+0.990
1636309020,+3.41,+17.533, +6.552,+0.990
1636309080,+3.41,+17.516, +6.509,+0.989
1636309140,+3.41,+17.491, +6.482,+0.989
1636309200,+3.41,+17.491, +6.437,+0.989
1636309260,+3.41,+17.482, +6.445,+0.989
1636309320,+3.41,+17.474, +6.438,+0.990
1636309380,+3.41,+17.482, +6.459,+0.989
1636309440,+3.41,+17.482, +6.464,+0.989
1636309500,+3.41,+17.491, +6.507,+0.990
1636309560,+3.41,+17.491, +6.502,+0.990
1636309620,+3.41,+17.516, +6.669,+0.989
1636309680,+3.41,+17.516, +6.677,+0.990
1636309740,+3.41,+17.533, +6.715,+0.989
1636309800,+3.41,+17.550, +6.837,+0.990
1636309860,+3.41,+17.592, +6.826,+0.989
1636309920,+3.41,+17.592, +6.850,+0.990
1636309980,+3.41,+17.592, +6.889,+0.989
1636310040,+3.41,+17.592, +6.905,+0.989
1636310100,+3.41,+17.575, +6.883,+0.989
1636310160,+3.41,+17.601, +6.946,+0.990
1636310220,+3.41,+17.618, +6.940,+0.989
1636310280,+3.41,+17.643, +6.934,+0.989
1636310340,+3.41,+17.635, +6.929,+0.990
1636310400,+3.41,+17.652, +6.922,+0.990
1636310460,+3.41,+17.635, +6.886,+0.990
1636310520,+3.41,+17.643, +6.923,+0.990
1636310580,+3.41,+17.626, +6.911,+0.989
1636310640,+3.41,+17.643, +6.919,+0.989
1636310700,+3.41,+17.652, +6.940,+0.990
1636310760,+3.41,+17.643, +6.892,+0.989
1636310820,+3.41,+17.660, +6.901,+0.989
1636310880,+3.41,+17.652, +6.924,+0.990
1636310940,+3.41,+17.643, +6.912,+0.989
1636311000,+3.41,+17.652, +6.877,+0.989
1636311060,+3.41,+17.652, +6.868,+0.990
1636311120,+3.41,+17.652, +6.837,+0.990
1636311180,+3.41,+17.652, +6.828,+0.989
1636311240,+3.41,+17.660, +6.825,+0.990
1636311300,+3.41,+17.668, +6.839,+0.990
1636311360,+3.41,+17.677, +6.803,+0.989
1636311420,+3.41,+17.668, +6.808,+0.990
1636311480,+3.41,+17.660, +6.781,+0.989
1636311540,+3.41,+17.660, +6.770,+0.989
1636311600,+3.41,+17.660, +6.769,+0.990
1636311660,+3.41,+17.668, +6.758,+0.989
1636311720,+3.41,+17.677, +6.735,+0.990
1636311780,+3.41,+17.652, +6.737,+0.990
1636311840,+3.41,+17.668, +6.732,+0.990
1636311900,+3.41,+17.677, +6.711,+0.989
1636311960,+3.41,+17.652, +6.717,+0.990
1636312020,+3.41,+17.643, +6.701,+0.990
1636312080,+3.41,+17.660, +6.719,+0.990
1636312140,+3.41,+17.660, +6.725,+0.989
1636312200,+3.41,+17.652, +6.738,+0.990
1636312260,+3.41,+17.668, +6.738,+0.989
1636312320,+3.41,+17.677, +6.754,+0.990
1636312380,+3.41,+17.677, +6.744,+0.990
1636312440,+3.41,+17.702, +6.752,+0.989
1636312500,+3.41,+17.702, +6.761,+0.990
1636312560,+3.41,+17.711, +6.742,+0.990
1636312620,+3.41,+17.685, +6.749,+0.990
1636312680,+3.41,+17.694, +6.764,+0.990
1636312740,+3.41,+17.702, +6.759,+0.989
1636312800,+3.41,+17.711, +6.784,+0.990
1636312860,+3.41,+17.711, +6.779,+0.989
1636312920,+3.41,+17.711, +6.823,+0.990
1636312980,+3.41,+17.702, +6.830,+0.990
1636313040,+3.41,+17.694, +6.803,+0.989
1636313100,+3.41,+17.694, +6.862,+0.990
1636313160,+3.41,+17.702, +6.859,+0.989
1636313220,+3.41,+17.702, +6.885,+0.989
1636313280,+3.41,+17.702, +6.894,+0.990
1636313340,+3.41,+17.711, +6.910,+0.989
1636313400,+3.41,+17.728, +6.902,+0.989
1636313460,+3.41,+17.711, +6.912,+0.989
1636313520,+3.41,+17.744, +6.944,+0.990
1636313580,+3.41,+17.736, +6.942,+0.989
1636313640,+3.41,+17.719, +6.967,+0.990
1636313700,+3.41,+17.728, +6.950,+0.989
1636313760,+3.41,+17.736, +6.956,+0.990
1636313820,+3.41,+17.744, +6.976,+0.989
1636313880,+3.41,+17.753, +6.991,+0.990
1636313940,+3.41,+17.753, +7.005,+0.990
1636314000,+3.41,+17.736, +7.005,+0.990
1636314060,+3.41,+17.753, +7.001,+0.990
1636314120,+3.41,+17.770, +6.975,+0.989
1636314180,+3.41,+17.736, +6.982,+0.990
1636314240,+3.41,+17.744, +6.989,+0.990
1636314300,+3.41,+17.761, +6.977,+0.990
1636314360,+3.41,+17.736, +6.971,+0.990
1636314420,+3.41,+17.719, +6.958,+0.990
1636314480,+3.41,+17.736, +6.988,+0.990
1636314540,+3.41,+17.812, +7.076,+0.990
1636314600,+3.41,+17.829, +7.059,+0.990
1636314660,+3.41,+17.837, +7.041,+0.990
1636314720,+3.41,+17.854, +7.014,+0.989
1636314780,+3.41,+17.854, +7.008,+0.989
1636314840,+3.41,+17.829, +7.067,+0.990
1636314900,+3.41,+17.846, +7.068,+0.990
1636314960,+3.41,+17.837, +7.048,+0.989
1636315020,+3.41,+17.846, +7.038,+0.990
1636315080,+3.41,+17.837, +7.000,+0.990
1636315140,+3.41,+17.829, +7.001,+0.990
1636315200,+3.41,+17.804, +7.000,+0.990
1636315260,+3.41,+17.795, +7.003,+0.990
1636315320,+3.41,+17.804, +7.019,+0.990
1636315380,+3.41,+17.795, +7.029,+0.990
1636315440,+3.41,+17.804, +7.041,+0.990
1636315500,+3.41,+17.846, +7.046,+0.989
1636315560,+3.41,+17.837, +7.012,+0.990
1636315620,+3.41,+17.829, +6.993,+0.989
1636315680,+3.41,+17.804, +6.926,+0.990
1636315740,+3.41,+17.812, +7.006,+0.990
1636315800,+3.41,+17.829, +6.979,+0.989
1636315860,+3.41,+17.795, +6.943,+0.990
1636315920,+3.41,+17.795, +6.954,+0.990
1636315980,+3.41,+17.804, +6.968,+0.990
1636316040,+3.41,+17.787, +6.945,+0.989
1636316100,+3.41,+17.770, +6.900,+0.989
1636316160,+3.41,+17.719, +6.900,+0.989
1636316220,+3.41,+17.744, +6.924,+0.990
1636316280,+3.41,+17.736, +6.905,+0.990
1636316340,+3.41,+17.719, +6.916,+0.990
1636316400,+3.41,+17.728, +6.936,+0.990
1636316460,+3.41,+17.736, +6.985,+0.990
1636316520,+3.41,+17.744, +7.026,+0.990
1636316580,+3.41,+17.787, +7.253,+0.990
1636316640,+3.41,+17.787, +7.199,+0.990
1636316700,+3.41,+17.770, +7.097,+0.990
1636316760,+3.41,+17.770, +7.085,+0.990
1636316820,+3.41,+17.820, +7.336,+0.990
1636316880,+3.41,+17.879, +7.359,+0.990
1636316940,+3.41,+17.913, +7.369,+0.990
1636317000,+3.41,+17.930, +7.384,+0.990
1636317060,+3.42,+17.939, +7.199,+0.989
1636317120,+3.42,+17.947, +7.317,+0.990
1636317180,+3.42,+17.947, +7.324,+0.990
1636317240,+3.41,+17.930, +7.247,+0.990
1636317300,+3.42,+17.939, +7.385,+0.990
1636317360,+3.42,+17.964, +7.433,+0.990
1636317420,+3.42,+17.989, +7.493,+0.990
1636317480,+3.42,+17.981, +7.472,+0.990
1636317540,+3.42,+17.989, +7.419,+0.990
1636317600,+3.42,+17.981, +7.444,+0.990
1636317660,+3.42,+18.006, +7.542,+0.990
1636317720,+3.42,+18.014, +7.596,+0.990
1636317780,+3.42,+18.031, +7.578,+0.989
1636317840,+3.42,+18.006, +7.572,+0.990
1636317900,+3.42,+18.023, +7.566,+0.990
1636317960,+3.42,+18.014, +7.519,+0.990
1636318020,+3.42,+18.006, +7.472,+0.990
1636318080,+3.42,+18.031, +7.553,+0.989
1636318140,+3.42,+18.014, +7.549,+0.990
1636318200,+3.42,+18.031, +7.610,+0.990
1636318260,+3.42,+18.040, +7.568,+0.990
1636318320,+3.42,+18.023, +7.545,+0.990
1636318380,+3.41,+18.014, +7.609,+0.990
1636318440,+3.42,+18.040, +7.699,+0.990
1636318500,+3.42,+18.014, +7.655,+0.990
1636318560,+3.42,+18.040, +7.629,+0.990
1636318620,+3.42,+18.040, +7.590,+0.990
1636318680,+3.42,+18.031, +7.577,+0.990
1636318740,+3.42,+18.031, +7.549,+0.990
1636318800,+3.42,+18.057, +7.528,+0.990
1636318860,+3.42,+18.040, +7.569,+0.990
1636318920,+3.42,+18.031, +7.611,+0.990
1636318980,+3.42,+18.023, +7.480,+0.990
1636319040,+3.42,+18.014, +7.360,+0.990
1636319100,+3.42,+17.989, +7.349,+0.990
1636319160,+3.42,+17.989, +7.350,+0.990
1636319220,+3.42,+17.989, +7.343,+0.990
1636319280,+3.41,+17.955, +7.246,+0.990
1636319340,+3.42,+17.947, +7.220,+0.990
1636319400,+3.41,+17.922, +7.207,+0.990
1636319460,+3.41,+17.930, +7.199,+0.989
1636319520,+3.42,+17.947, +7.371,+0.990
1636319580,+3.42,+17.989, +7.418,+0.990
1636319640,+3.42,+17.981, +7.315,+0.990
1636319700,+3.42,+17.989, +7.236,+0.990
1636319760,+3.42,+17.964, +7.252,+0.990
1636319820,+3.42,+17.989, +7.265,+0.990
1636319880,+3.42,+17.964, +7.204,+0.990
1636319940,+3.42,+17.972, +7.228,+0.990
1636320000,+3.42,+17.964, +7.184,+0.990
1636320060,+3.42,+17.955, +7.245,+0.990
1636320120,+3.42,+17.989, +7.405,+0.990
1636320180,+3.42,+17.981, +7.448,+0.990
1636320240,+3.42,+17.998, +7.543,+0.990
1636320300,+3.42,+17.998, +7.316,+0.990
1636320360,+3.41,+17.913, +7.074,+0.990
1636320420,+3.42,+17.955, +7.311,+0.990
1636320480,+3.42,+17.964, +7.332,+0.990
1636320540,+3.42,+17.955, +7.255,+0.990
1636320600,+3.42,+17.939, +7.182,+0.990
1636320660,+3.42,+17.955, +7.388,+0.990
1636320720,+3.42,+17.930, +7.348,+0.990
1636320780,+3.42,+17.947, +7.433,+0.990
1636320840,+3.41,+17.930, +7.261,+0.990
1636320900,+3.42,+17.922, +7.372,+0.990
1636320960,+3.41,+17.922, +7.181,+0.990
1636321020,+3.41,+17.905, +7.033,+0.990
1636321080,+3.41,+17.888, +7.002,+0.990
1636321140,+3.41,+17.879, +6.938,+0.991
1636321200,+3.41,+17.863, +6.868,+0.990
1636321260,+3.41,+17.888, +7.026,+0.990
1636321320,+3.41,+17.879, +7.120,+0.990
1636321380,+3.41,+17.879, +7.119,+0.991
1636321440,+3.41,+17.913, +7.164,+0.990
1636321500,+3.41,+17.888, +7.019,+0.991
1636321560,+3.41,+17.905, +7.025,+0.991
1636321620,+3.41,+17.913, +7.070,+0.991
1636321680,+3.41,+17.913, +7.050,+0.991
1636321740,+3.41,+17.922, +6.985,+0.990
1636321800,+3.41,+17.913, +6.967,+0.990
1636321860,+3.41,+17.913, +6.902,+0.990
1636321920,+3.41,+17.896, +6.911,+0.991
1636321980,+3.41,+17.896, +6.914,+0.991
1636322040,+3.41,+17.896, +7.029,+0.990
1636322100,+3.41,+17.879, +7.022,+0.990
1636322160,+3.41,+17.871, +7.054,+0.991
1636322220,+3.41,+17.879, +7.018,+0.991
1636322280,+3.41,+17.879, +6.999,+0.991
1636322340,+3.41,+17.846, +7.038,+0.990
1636322400,+3.41,+17.854, +6.917,+0.990
1636322460,+3.41,+17.829, +6.872,+0.990
1636322520,+3.41,+17.829, +6.854,+0.990
1636322580,+3.41,+17.795, +6.935,+0.990
1636322640,+3.41,+17.787, +6.940,+0.991
1636322700,+3.41,+17.778, +6.878,+0.991
1636322760,+3.41,+17.787, +7.005,+0.991
1636322820,+3.41,+17.804, +7.157,+0.990
1636322880,+3.41,+17.761, +6.903,+0.991
1636322940,+3.41,+17.787, +7.135,+0.991
1636323000,+3.41,+17.787, +7.227,+0.990
1636323060,+3.41,+17.812, +7.336,+0.990
1636323120,+3.41,+17.787, +7.436,+0.991
1636323180,+3.41,+17.804, +7.371,+0.990
1636323240,+3.41,+17.820, +7.690,+0.991
1636323300,+3.41,+17.846, +7.637,+0.991
1636323360,+3.41,+17.829, +7.604,+0.990
1636323420,+3.41,+17.812, +7.357,+0.990
1636323480,+3.41,+17.804, +7.251,+0.990
1636323540,+3.41,+17.787, +7.285,+0.990
1636323600,+3.41,+17.778, +7.288,+0.991
1636323660,+3.41,+17.787, +7.256,+0.991
1636323720,+3.41,+17.770, +7.233,+0.991
1636323780,+3.41,+17.761, +7.091,+0.991
1636323840,+3.41,+17.761, +7.143,+0.991
1636323900,+3.41,+17.744, +7.110,+0.991
1636323960,+3.41,+17.753, +7.233,+0.991
1636324020,+3.41,+17.753, +7.267,+0.991
1636324080,+3.41,+17.753, +7.384,+0.990
1636324140,+3.41,+17.753, +7.419,+0.990
1636324200,+3.41,+17.761, +7.429,+0.991
1636324260,+3.41,+17.770, +7.473,+0.991
1636324320,+3.41,+17.753, +7.498,+0.991
1636324380,+3.41,+17.736, +7.348,+0.991
1636324440,+3.41,+17.761, +7.502,+0.991
1636324500,+3.41,+17.761, +7.620,+0.991
1636324560,+3.41,+17.787, +7.744,+0.990
1636324620,+3.41,+17.778, +7.631,+0.990
1636324680,+3.41,+17.787, +7.520,+0.990
1636324740,+3.41,+17.795, +7.673,+0.991
1636324800,+3.41,+17.787, +7.723,+0.991
1636324860,+3.41,+17.787, +7.677,+0.991
1636324920,+3.41,+17.804, +7.698,+0.991
1636324980,+3.41,+17.795, +7.728,+0.991
1636325040,+3.41,+17.795, +7.733,+0.991
1636325100,+3.41,+17.795, +7.608,+0.991
1636325160,+3.41,+17.778, +7.532,+0.991
1636325220,+3.41,+17.770, +7.568,+0.991
1636325280,+3.41,+17.795, +7.569,+0.991
1636325340,+3.41,+17.778, +7.537,+0.991
1636325400,+3.41,+17.787, +7.500,+0.991
1636325460,+3.41,+17.761, +7.429,+0.991
1636325520,+3.41,+17.761, +7.441,+0.990
1636325580,+3.41,+17.744, +7.472,+0.991
1636325640,+3.41,+17.744, +7.444,+0.990
1636325700,+3.41,+17.744, +7.393,+0.991
1636325760,+3.41,+17.744, +7.335,+0.990
1636325820,+3.41,+17.753, +7.418,+0.991
1636325880,+3.41,+17.744, +7.423,+0.991
1636325940,+3.41,+17.736, +7.377,+0.991
1636326000,+3.41,+17.719, +7.321,+0.990
1636326060,+3.41,+17.719, +7.305,+0.991
1636326120,+3.41,+17.719, +7.245,+0.990
1636326180,+3.41,+17.702, +7.217,+0.991
1636326240,+3.41,+17.711, +7.186,+0.990
1636326300,+3.41,+17.711, +7.175,+0.991
1636326360,+3.41,+17.711, +7.176,+0.991
1636326420,+3.41,+17.677, +7.159,+0.991
1636326480,+3.41,+17.685, +7.148,+0.991
1636326540,+3.41,+17.685, +7.133,+0.991
1636326600,+3.41,+17.694, +7.172,+0.991
1636326660,+3.41,+17.685, +7.217,+0.991
1636326720,+3.41,+17.694, +7.217,+0.991
1636326780,+3.41,+17.694, +7.177,+0.991
1636326840,+3.41,+17.677, +7.142,+0.991
1636326900,+3.41,+17.668, +7.120,+0.991
1636326960,+3.41,+17.668, +7.105,+0.991
1636327020,+3.41,+17.660, +7.121,+0.991
1636327080,+3.41,+17.660, +7.109,+0.991
1636327140,+3.41,+17.652, +7.100,+0.991
1636327200,+3.41,+17.660, +7.082,+0.991
1636327260,+3.41,+17.660, +7.104,+0.991
1636327320,+3.41,+17.677, +7.149,+0.991
1636327380,+3.41,+17.694, +7.186,+0.990
1636327440,+3.41,+17.685, +7.166,+0.991
1636327500,+3.41,+17.660, +7.152,+0.991
1636327560,+3.41,+17.660, +7.110,+0.991
1636327620,+3.41,+17.660, +7.096,+0.991
1636327680,+3.41,+17.660, +7.126,+0.990
1636327740,+3.41,+17.652, +7.153,+0.991
1636327800,+3.41,+17.668, +7.166,+0.991
1636327860,+3.41,+17.677, +7.170,+0.991
1636327920,+3.41,+17.668, +7.163,+0.991
1636327980,+3.41,+17.660, +7.179,+0.991
1636328040,+3.41,+17.677, +7.200,+0.991
1636328100,+3.41,+17.668, +7.225,+0.991
1636328160,+3.41,+17.668, +7.235,+0.991
1636328220,+3.41,+17.677, +7.270,+0.991
1636328280,+3.41,+17.694, +7.305,+0.991
1636328340,+3.41,+17.677, +7.312,+0.991
1636328400,+3.41,+17.685, +7.283,+0.991
1636328460,+3.41,+17.702, +7.259,+0.991
1636328520,+3.41,+17.694, +7.263,+0.991
1636328580,+3.41,+17.711, +7.279,+0.991
1636328640,+3.41,+17.677, +7.273,+0.991
1636328700,+3.41,+17.685, +7.248,+0.991
1636328760,+3.41,+17.668, +7.250,+0.991
1636328820,+3.41,+17.685, +7.253,+0.991
1636328880,+3.41,+17.685, +7.288,+0.991
1636328940,+3.41,+17.677, +7.278,+0.991
1636329000,+3.41,+17.685, +7.277,+0.991
1636329060,+3.41,+17.685, +7.285,+0.990
1636329120,+3.41,+17.694, +7.301,+0.991
1636329180,+3.41,+17.660, +7.298,+0.991
1636329240,+3.41,+17.660, +7.270,+0.991
1636329300,+3.41,+17.685, +7.251,+0.991
1636329360,+3.41,+17.677, +7.285,+0.990
1636329420,+3.41,+17.677, +7.302,+0.991
1636329480,+3.41,+17.694, +7.309,+0.991
1636329540,+3.41,+17.702, +7.348,+0.991
1636329600,+3.41,+17.677, +7.373,+0.991
1636329660,+3.41,+17.702, +7.412,+0.991
1636329720,+3.41,+17.702, +7.405,+0.991
1636329780,+3.41,+17.685, +7.399,+0.991
1636329840,+3.41,+17.677, +7.385,+0.991
1636329900,+3.41,+17.677, +7.375,+0.991
1636329960,+3.41,+17.685, +7.365,+0.991
1636330020,+3.41,+17.660, +7.362,+0.991
1636330080,+3.41,+17.677, +7.363,+0.991
1636330140,+3.41,+17.677, +7.351,+0.991
1636330200,+3.41,+17.677, +7.344,+0.990
1636330260,+3.41,+17.660, +7.361,+0.991
1636330320,+3.41,+17.668, +7.355,+0.990
1636330380,+3.41,+17.660, +7.369,+0.991
1636330440,+3.41,+17.660, +7.359,+0.991
1636330500,+3.41,+17.668, +7.356,+0.991
1636330560,+3.41,+17.660, +7.362,+0.991
1636330620,+3.41,+17.652, +7.355,+0.991
1636330680,+3.41,+17.643, +7.349,+0.991
1636330740,+3.41,+17.643, +7.338,+0.990
1636330800,+3.41,+17.660, +7.325,+0.990
1636330860,+3.41,+17.643, +7.339,+0.991
1636330920,+3.41,+17.635, +7.339,+0.991
1636330980,+3.41,+17.635, +7.333,+0.991
1636331040,+3.41,+17.643, +7.324,+0.991
1636331100,+3.41,+17.643, +7.328,+0.991
1636331160,+3.41,+17.626, +7.331,+0.991
1636331220,+3.41,+17.626, +7.332,+0.991
1636331280,+3.41,+17.609, +7.330,+0.991
1636331340,+3.41,+17.618, +7.317,+0.990
1636331400,+3.41,+17.609, +7.327,+0.990
1636331460,+3.41,+17.618, +7.321,+0.990
1636331520,+3.41,+17.618, +7.327,+0.991
1636331580,+3.41,+17.618, +7.313,+0.991
1636331640,+3.41,+17.592, +7.315,+0.991
1636331700,+3.41,+17.609, +7.302,+0.990
1636331760,+3.41,+17.609, +7.308,+0.991
1636331820,+3.41,+17.601, +7.301,+0.991
1636331880,+3.41,+17.584, +7.299,+0.990
1636331940,+3.41,+17.592, +7.296,+0.991
1636332000,+3.41,+17.592, +7.291,+0.991
1636332060,+3.41,+17.601, +7.287,+0.991
1636332120,+3.41,+17.601, +7.290,+0.991
1636332180,+3.41,+17.592, +7.291,+0.991
1636332240,+3.41,+17.584, +7.293,+0.991
1636332300,+3.41,+17.575, +7.256,+0.992
1636332360,+3.41,+17.567, +7.210,+0.991
1636332420,+3.41,+17.575, +7.201,+0.991
1636332480,+3.41,+17.567, +7.194,+0.991
1636332540,+3.41,+17.567, +7.201,+0.991
1636332600,+3.41,+17.575, +7.216,+0.991
1636332660,+3.41,+17.575, +7.226,+0.991
1636332720,+3.41,+17.567, +7.229,+0.991
1636332780,+3.41,+17.559, +7.246,+0.991
1636332840,+3.41,+17.550, +7.241,+0.991
1636332900,+3.41,+17.575, +7.252,+0.991
1636332960,+3.41,+17.559, +7.252,+0.991
1636333020,+3.41,+17.567, +7.257,+0.991
1636333080,+3.41,+17.559, +7.261,+0.991
1636333140,+3.41,+17.575, +7.255,+0.990
1636333200,+3.41,+17.550, +7.267,+0.991
1636333260,+3.41,+17.559, +7.258,+0.991
1636333320,+3.41,+17.550, +7.249,+0.991
1636333380,+3.41,+17.550, +7.257,+0.991
1636333440,+3.41,+17.559, +7.264,+0.991
1636333500,+3.41,+17.550, +7.256,+0.991
1636333560,+3.41,+17.542, +7.261,+0.991
1636333620,+3.41,+17.533, +7.250,+0.991
1636333680,+3.41,+17.542, +7.242,+0.991
1636333740,+3.41,+17.542, +7.222,+0.990
1636333800,+3.41,+17.542, +7.228,+0.991
1636333860,+3.41,+17.533, +7.229,+0.991
1636333920,+3.41,+17.533, +7.220,+0.991
1636333980,+3.41,+17.533, +7.225,+0.991
1636334040,+3.41,+17.542, +7.226,+0.991
1636334100,+3.41,+17.542, +7.227,+0.991
1636334160,+3.41,+17.533, +7.224,+0.991
1636334220,+3.41,+17.533, +7.226,+0.991
1636334280,+3.41,+17.516, +7.235,+0.991
1636334340,+3.41,+17.525, +7.223,+0.990
1636334400,+3.41,+17.525, +7.229,+0.991
1636334460,+3.41,+17.525, +7.233,+0.991
1636334520,+3.41,+17.533, +7.235,+0.991
1636334580,+3.41,+17.508, +7.243,+0.991
1636334640,+3.41,+17.499, +7.238,+0.991
1636334700,+3.41,+17.525, +7.228,+0.991
1636334760,+3.41,+17.508, +7.228,+0.991
1636334820,+3.41,+17.508, +7.224,+0.991
1636334880,+3.41,+17.499, +7.236,+0.991
1636334940,+3.41,+17.499, +7.246,+0.991
1636335000,+3.41,+17.499, +7.249,+0.991
1636335060,+3.41,+17.499, +7.249,+0.991
1636335120,+3.41,+17.491, +7.257,+0.991
1636335180,+3.41,+17.491, +7.255,+0.991
1636335240,+3.41,+17.474, +7.269,+0.991
1636335300,+3.41,+17.466, +7.269,+0.991
1636335360,+3.41,+17.474, +7.264,+0.991
1636335420,+3.41,+17.482, +7.255,+0.991
1636335480,+3.41,+17.474, +7.255,+0.991
1636335540,+3.41,+17.474, +7.242,+0.991
1636335600,+3.41,+17.457, +7.242,+0.991
1636335660,+3.41,+17.474, +7.227,+0.990
1636335720,+3.41,+17.466, +7.242,+0.991
1636335780,+3.41,+17.482, +7.220,+0.991
1636335840,+3.41,+17.457, +7.209,+0.991
1636335900,+3.41,+17.474, +7.185,+0.991
1636335960,+3.41,+17.466, +7.178,+0.991
1636336020,+3.41,+17.474, +7.176,+0.991
1636336080,+3.41,+17.449, +7.193,+0.991
1636336140,+3.41,+17.457, +7.198,+0.991
1636336200,+3.41,+17.440, +7.210,+0.991
1636336260,+3.41,+17.440, +7.199,+0.991
1636336320,+3.41,+17.457, +7.187,+0.991
1636336380,+3.41,+17.449, +7.168,+0.991
1636336440,+3.41,+17.449, +7.165,+0.991
1636336500,+3.41,+17.457, +7.157,+0.991
1636336560,+3.41,+17.449, +7.175,+0.991
1636336620,+3.41,+17.440, +7.189,+0.991
1636336680,+3.41,+17.449, +7.198,+0.991
1636336740,+3.41,+17.432, +7.200,+0.991
1636336800,+3.41,+17.423, +7.203,+0.991
1636336860,+3.41,+17.432, +7.194,+0.991
1636336920,+3.41,+17.432, +7.197,+0.991
1636336980,+3.41,+17.449, +7.181,+0.991
1636337040,+3.41,+17.423, +7.187,+0.991
1636337100,+3.41,+17.423, +7.169,+0.991
1636337160,+3.41,+17.440, +7.160,+0.991
1636337220,+3.41,+17.432, +7.152,+0.991
1636337280,+3.41,+17.423, +7.145,+0.991
1636337340,+3.41,+17.423, +7.127,+0.990
1636337400,+3.41,+17.432, +7.137,+0.991
1636337460,+3.41,+17.423, +7.157,+0.991
1636337520,+3.41,+17.415, +7.160,+0.991
1636337580,+3.41,+17.406, +7.144,+0.991
1636337640,+3.41,+17.415, +7.136,+0.991
1636337700,+3.41,+17.415, +7.127,+0.991
1636337760,+3.41,+17.423, +7.114,+0.991
1636337820,+3.41,+17.415, +7.101,+0.991
1636337880,+3.41,+17.406, +7.092,+0.991
1636337940,+3.41,+17.398, +7.084,+0.991
1636338000,+3.41,+17.398, +7.073,+0.991
1636338060,+3.41,+17.415, +7.056,+0.991
1636338120,+3.41,+17.398, +7.065,+0.991
1636338180,+3.41,+17.406, +7.064,+0.991
1636338240,+3.41,+17.389, +7.063,+0.991
1636338300,+3.41,+17.406, +7.045,+0.991
1636338360,+3.41,+17.398, +7.045,+0.991
1636338420,+3.41,+17.398, +7.038,+0.991
1636338480,+3.41,+17.389, +7.039,+0.991
1636338540,+3.41,+17.389, +7.038,+0.991
1636338600,+3.41,+17.398, +7.031,+0.991
1636338660,+3.41,+17.381, +7.036,+0.991
1636338720,+3.41,+17.381, +7.028,+0.991
1636338780,+3.41,+17.373, +7.032,+0.991
1636338840,+3.41,+17.389, +7.014,+0.991
1636338900,+3.41,+17.389, +7.004,+0.991
1636338960,+3.41,+17.389, +6.990,+0.991
1636339020,+3.41,+17.373, +6.979,+0.991
1636339080,+3.41,+17.373, +6.969,+0.991
1636339140,+3.41,+17.381, +6.970,+0.991
1636339200,+3.41,+17.373, +6.967,+0.991
1636339260,+3.41,+17.364, +6.945,+0.991
1636339320,+3.41,+17.373, +6.918,+0.991
1636339380,+3.41,+17.364, +6.905,+0.991
1636339440,+3.41,+17.389, +6.880,+0.991
1636339500,+3.41,+17.381, +6.873,+0.991
1636339560,+3.41,+17.364, +6.860,+0.990
1636339620,+3.41,+17.364, +6.857,+0.991
1636339680,+3.41,+17.364, +6.849,+0.991
1636339740,+3.41,+17.373, +6.873,+0.991
1636339800,+3.41,+17.356, +6.900,+0.991
1636339860,+3.41,+17.347, +6.937,+0.991
1636339920,+3.41,+17.356, +6.948,+0.991
1636339980,+3.41,+17.347, +6.967,+0.991
1636340040,+3.41,+17.364, +6.966,+0.991
1636340100,+3.41,+17.364, +6.972,+0.991
1636340160,+3.41,+17.356, +6.945,+0.991
1636340220,+3.41,+17.356, +6.933,+0.991
1636340280,+3.41,+17.347, +6.928,+0.991
1636340340,+3.41,+17.347, +6.924,+0.991
1636340400,+3.41,+17.347, +6.922,+0.991
1636340460,+3.41,+17.339, +6.917,+0.991
1636340520,+3.41,+17.347, +6.902,+0.991
1636340580,+3.41,+17.356, +6.897,+0.991
1636340640,+3.41,+17.339, +6.891,+0.991
1636340700,+3.41,+17.330, +6.903,+0.991
1636340760,+3.41,+17.339, +6.899,+0.991
1636340820,+3.41,+17.339, +6.889,+0.991
1636340880,+3.41,+17.339, +6.883,+0.991
1636340940,+3.41,+17.330, +6.885,+0.991
1636341000,+3.41,+17.322, +6.875,+0.991
1636341060,+3.41,+17.330, +6.870,+0.991
1636341120,+3.41,+17.313, +6.859,+0.991
1636341180,+3.41,+17.313, +6.878,+0.991
1636341240,+3.41,+17.322, +6.869,+0.991
1636341300,+3.41,+17.313, +6.869,+0.991
1636341360,+3.41,+17.313, +6.865,+0.991
1636341420,+3.41,+17.313, +6.848,+0.991
1636341480,+3.41,+17.305, +6.821,+0.991
1636341540,+3.41,+17.322, +6.794,+0.991
1636341600,+3.41,+17.322, +6.783,+0.991
1636341660,+3.41,+17.305, +6.771,+0.991
1636341720,+3.41,+17.305, +6.796,+0.991
1636341780,+3.41,+17.305, +6.792,+0.991
1636341840,+3.41,+17.288, +6.791,+0.991
1636341900,+3.41,+17.296, +6.786,+0.991
1636341960,+3.41,+17.279, +6.799,+0.991
1636342020,+3.41,+17.288, +6.804,+0.991
1636342080,+3.41,+17.288, +6.797,+0.991
1636342140,+3.41,+17.288, +6.792,+0.991
1636342200,+3.41,+17.271, +6.790,+0.991
1636342260,+3.41,+17.288, +6.783,+0.991
1636342320,+3.41,+17.279, +6.792,+0.991
1636342380,+3.41,+17.254, +6.771,+0.991
1636342440,+3.41,+17.262, +6.782,+0.991
1636342500,+3.41,+17.262, +6.777,+0.991
1636342560,+3.41,+17.246, +6.793,+0.991
1636342620,+3.41,+17.254, +6.788,+0.991
1636342680,+3.41,+17.271, +6.769,+0.991
1636342740,+3.41,+17.246, +6.768,+0.991
1636342800,+3.41,+17.262, +6.748,+0.991
1636342860,+3.41,+17.254, +6.742,+0.991
1636342920,+3.41,+17.262, +6.739,+0.991
1636342980,+3.41,+17.254, +6.738,+0.991
1636343040,+3.41,+17.262, +6.740,+0.991
1636343100,+3.41,+17.262, +6.736,+0.991
1636343160,+3.41,+17.237, +6.734,+0.991
1636343220,+3.41,+17.262, +6.730,+0.991
1636343280,+3.41,+17.246, +6.726,+0.991
1636343340,+3.41,+17.254, +6.713,+0.991
1636343400,+3.41,+17.254, +6.707,+0.991
1636343460,+3.41,+17.246, +6.698,+0.991
1636343520,+3.41,+17.262, +6.694,+0.991
1636343580,+3.41,+17.254, +6.688,+0.991
1636343640,+3.41,+17.246, +6.671,+0.991
1636343700,+3.41,+17.246, +6.655,+0.991
1636343760,+3.41,+17.246, +6.668,+0.991
1636343820,+3.41,+17.246, +6.660,+0.991
1636343880,+3.41,+17.246, +6.697,+0.991
1636343940,+3.41,+17.237, +6.707,+0.992
1636344000,+3.41,+17.229, +6.699,+0.991
1636344060,+3.41,+17.237, +6.690,+0.991
1636344120,+3.41,+17.246, +6.689,+0.991
1636344180,+3.41,+17.246, +6.680,+0.991
1636344240,+3.41,+17.229, +6.690,+0.991
1636344300,+3.41,+17.229, +6.685,+0.991
1636344360,+3.41,+17.229, +6.708,+0.991
1636344420,+3.41,+17.229, +6.697,+0.991
1636344480,+3.41,+17.237, +6.666,+0.991
1636344540,+3.41,+17.220, +6.634,+0.991
1636344600,+3.41,+17.220, +6.655,+0.991
1636344660,+3.41,+17.220, +6.663,+0.991
1636344720,+3.41,+17.220, +6.648,+0.991
1636344780,+3.41,+17.203, +6.653,+0.991
1636344840,+3.41,+17.220, +6.660,+0.991
1636344900,+3.41,+17.203, +6.677,+0.991
1636344960,+3.41,+17.195, +6.671,+0.991
1636345020,+3.41,+17.212, +6.659,+0.991
1636345080,+3.41,+17.203, +6.662,+0.991
1636345140,+3.41,+17.203, +6.663,+0.991
1636345200,+3.41,+17.195, +6.648,+0.991
1636345260,+3.41,+17.203, +6.652,+0.991
1636345320,+3.41,+17.186, +6.641,+0.991
1636345380,+3.41,+17.178, +6.625,+0.991
1636345440,+3.41,+17.178, +6.526,+0.991
1636345500,+3.41,+17.169, +6.478,+0.991
1636345560,+3.41,+17.186, +6.439,+0.991
1636345620,+3.41,+17.178, +6.467,+0.991
1636345680,+3.41,+17.186, +6.502,+0.991
1636345740,+3.41,+17.169, +6.510,+0.991
1636345800,+3.41,+17.195, +6.492,+0.991
1636345860,+3.41,+17.178, +6.494,+0.991
1636345920,+3.41,+17.186, +6.507,+0.991
1636345980,+3.41,+17.169, +6.528,+0.991
1636346040,+3.41,+17.161, +6.540,+0.991
1636346100,+3.41,+17.169, +6.543,+0.991
1636346160,+3.41,+17.152, +6.549,+0.991
1636346220,+3.41,+17.152, +6.548,+0.991
1636346280,+3.41,+17.169, +6.559,+0.991
1636346340,+3.41,+17.169, +6.578,+0.991
1636346400,+3.41,+17.161, +6.599,+0.991
1636346460,+3.41,+17.144, +6.603,+0.991
1636346520,+3.41,+17.161, +6.601,+0.991
1636346580,+3.41,+17.152, +6.588,+0.991
1636346640,+3.41,+17.152, +6.580,+0.991
1636346700,+3.41,+17.152, +6.564,+0.991
1636346760,+3.41,+17.152, +6.544,+0.991
1636346820,+3.41,+17.169, +6.536,+0.991
1636346880,+3.42,+17.144, +6.559,+0.991
1636346940,+3.41,+17.152, +6.558,+0.991
1636347000,+3.41,+17.161, +6.554,+0.991
1636347060,+3.41,+17.161, +6.541,+0.991
1636347120,+3.41,+17.161, +6.535,+0.991
1636347180,+3.41,+17.161, +6.538,+0.991
1636347240,+3.42,+17.144, +6.530,+0.991
1636347300,+3.41,+17.135, +6.532,+0.991
1636347360,+3.41,+17.144, +6.528,+0.991
1636347420,+3.41,+17.135, +6.533,+0.991
1636347480,+3.41,+17.127, +6.525,+0.991
1636347540,+3.41,+17.144, +6.509,+0.991
1636347600,+3.41,+17.127, +6.500,+0.991
1636347660,+3.41,+17.127, +6.488,+0.991
1636347720,+3.42,+17.135, +6.471,+0.991
1636347780,+3.41,+17.135, +6.461,+0.991
1636347840,+3.41,+17.127, +6.456,+0.991
1636347900,+3.41,+17.135, +6.460,+0.991
1636347960,+3.41,+17.135, +6.466,+0.991
1636348020,+3.42,+17.127, +6.461,+0.991
1636348080,+3.41,+17.127, +6.456,+0.991
1636348140,+3.41,+17.119, +6.475,+0.991
1636348200,+3.41,+17.110, +6.471,+0.991
1636348260,+3.42,+17.119, +6.454,+0.991
1636348320,+3.41,+17.127, +6.436,+0.991
1636348380,+3.41,+17.093, +6.458,+0.991
1636348440,+3.41,+17.110, +6.464,+0.991
1636348500,+3.41,+17.110, +6.451,+0.991
1636348560,+3.41,+17.119, +6.439,+0.991
1636348620,+3.41,+17.110, +6.448,+0.991
1636348680,+3.42,+17.110, +6.440,+0.991
1636348740,+3.41,+17.119, +6.447,+0.991
1636348800,+3.41,+17.085, +6.460,+0.991
1636348860,+3.41,+17.110, +6.438,+0.991
1636348920,+3.41,+17.110, +6.433,+0.991
1636348980,+3.41,+17.093, +6.426,+0.991
1636349040,+3.41,+17.102, +6.427,+0.991
1636349100,+3.42,+17.102, +6.413,+0.991
1636349160,+3.41,+17.093, +6.403,+0.991
1636349220,+3.42,+17.085, +6.423,+0.992
1636349280,+3.41,+17.093, +6.406,+0.991
1636349340,+3.42,+17.102, +6.399,+0.991
1636349400,+3.42,+17.085, +6.386,+0.991
1636349460,+3.42,+17.085, +6.371,+0.991
1636349520,+3.42,+17.076, +6.380,+0.991
1636349580,+3.41,+17.085, +6.383,+0.991
1636349640,+3.41,+17.068, +6.383,+0.991
1636349700,+3.42,+17.076, +6.374,+0.991
1636349760,+3.42,+17.068, +6.411,+0.991
1636349820,+3.41,+17.085, +6.415,+0.991
1636349880,+3.41,+17.059, +6.400,+0.991
1636349940,+3.41,+17.076, +6.382,+0.991
1636350000,+3.41,+17.093, +6.367,+0.991
1636350060,+3.41,+17.076, +6.364,+0.991
1636350120,+3.42,+17.076, +6.355,+0.991
1636350180,+3.42,+17.068, +6.341,+0.991
1636350240,+3.41,+17.076, +6.330,+0.991
1636350300,+3.42,+17.068, +6.331,+0.991
1636350360,+3.42,+17.068, +6.324,+0.991
1636350420,+3.42,+17.059, +6.312,+0.991
1636350480,+3.42,+17.051, +6.320,+0.992
1636350540,+3.41,+17.059, +6.339,+0.991
1636350600,+3.42,+17.042, +6.368,+0.991
1636350660,+3.41,+17.042, +6.359,+0.991
1636350720,+3.42,+17.042, +6.346,+0.991
1636350780,+3.41,+17.051, +6.328,+0.991
1636350840,+3.42,+17.034, +6.306,+0.991
1636350900,+3.42,+17.025, +6.286,+0.991
1636350960,+3.42,+17.042, +6.286,+0.991
1636351020,+3.42,+17.042, +6.288,+0.991
1636351080,+3.41,+17.025, +6.291,+0.991
1636351140,+3.41,+17.042, +6.299,+0.991
1636351200,+3.42,+17.025, +6.297,+0.991
1636351260,+3.42,+17.025, +6.356,+0.991
1636351320,+3.41,+17.025, +6.345,+0.991
1636351380,+3.42,+17.025, +6.333,+0.991
1636351440,+3.42,+17.025, +6.317,+0.991
1636351500,+3.42,+17.025, +6.291,+0.991
1636351560,+3.41,+17.008, +6.306,+0.991
1636351620,+3.42,+17.017, +6.281,+0.991
1636351680,+3.42,+17.008, +6.237,+0.991
1636351740,+3.41,+17.017, +6.199,+0.991
1636351800,+3.42,+17.025, +6.211,+0.991
1636351860,+3.41,+17.025, +6.241,+0.991
1636351920,+3.41,+17.025, +6.253,+0.991
1636351980,+3.42,+17.008, +6.262,+0.991
1636352040,+3.42,+17.017, +6.242,+0.991
1636352100,+3.42,+17.017, +6.228,+0.991
1636352160,+3.41,+17.025, +6.208,+0.991
1636352220,+3.42,+17.025, +6.180,+0.991
1636352280,+3.41,+17.017, +6.162,+0.991
1636352340,+3.41,+17.008, +6.140,+0.991
1636352400,+3.42,+17.008, +6.135,+0.991
1636352460,+3.42,+17.000, +6.119,+0.991
1636352520,+3.41,+17.008, +6.111,+0.991
1636352580,+3.42,+17.000, +6.132,+0.991
1636352640,+3.42,+17.008, +6.116,+0.991
1636352700,+3.42,+17.000, +6.102,+0.991
1636352760,+3.42,+16.991, +6.084,+0.991
1636352820,+3.42,+16.974, +6.119,+0.991
1636352880,+3.42,+16.983, +6.104,+0.991
1636352940,+3.41,+16.983, +6.078,+0.991
1636353000,+3.42,+16.983, +6.061,+0.991
1636353060,+3.42,+17.000, +6.048,+0.991
1636353120,+3.42,+16.983, +6.043,+0.991
1636353180,+3.42,+16.983, +6.050,+0.991
1636353240,+3.42,+16.983, +6.052,+0.991
1636353300,+3.42,+16.983, +6.042,+0.991
1636353360,+3.42,+16.966, +6.027,+0.991
1636353420,+3.42,+16.983, +6.023,+0.991
1636353480,+3.42,+16.974, +6.050,+0.991
1636353540,+3.42,+16.983, +6.055,+0.991
1636353600,+3.42,+16.957, +6.047,+0.991
1636353660,+3.42,+16.957, +6.039,+0.991
1636353720,+3.41,+16.966, +6.035,+0.991
1636353780,+3.42,+16.957, +6.045,+0.991
1636353840,+3.42,+16.949, +6.059,+0.991
1636353900,+3.42,+16.957, +6.045,+0.991
1636353960,+3.42,+16.949, +6.053,+0.991
1636354020,+3.42,+16.966, +6.048,+0.991
1636354080,+3.42,+16.949, +6.047,+0.991
1636354140,+3.42,+16.966, +6.041,+0.991
1636354200,+3.42,+16.940, +6.034,+0.991
1636354260,+3.42,+16.957, +6.018,+0.991
1636354320,+3.42,+16.932, +6.023,+0.991
1636354380,+3.41,+16.940, +6.014,+0.991
1636354440,+3.41,+16.957, +5.996,+0.991
1636354500,+3.42,+16.957, +6.017,+0.991
1636354560,+3.42,+16.940, +6.007,+0.991
1636354620,+3.42,+16.940, +5.993,+0.991
1636354680,+3.42,+16.940, +5.986,+0.991
1636354740,+3.42,+16.949, +5.985,+0.991
1636354800,+3.42,+16.932, +5.971,+0.991
1636354860,+3.42,+16.940, +5.957,+0.991
1636354920,+3.42,+16.932, +5.952,+0.991
1636354980,+3.42,+16.940, +5.943,+0.991
1636355040,+3.42,+16.932, +5.937,+0.991
1636355100,+3.41,+16.923, +5.943,+0.991
1636355160,+3.42,+16.923, +5.954,+0.991
1636355220,+3.41,+16.915, +5.969,+0.992
1636355280,+3.42,+16.923, +5.961,+0.991
1636355340,+3.42,+16.932, +5.952,+0.991
1636355400,+3.42,+16.923, +5.953,+0.991
1636355460,+3.42,+16.923, +5.945,+0.991
1636355520,+3.42,+16.915, +5.932,+0.991
1636355580,+3.42,+16.915, +5.913,+0.991
1636355640,+3.42,+16.907, +5.945,+0.991
1636355700,+3.42,+16.915, +5.941,+0.991
1636355760,+3.42,+16.898, +5.955,+0.992
1636355820,+3.42,+16.907, +5.956,+0.991
1636355880,+3.41,+16.898, +5.952,+0.991
1636355940,+3.42,+16.907, +5.942,+0.991
1636356000,+3.42,+16.907, +5.931,+0.991
1636356060,+3.42,+16.898, +5.929,+0.991
1636356120,+3.42,+16.923, +5.926,+0.991
1636356180,+3.42,+16.890, +5.934,+0.991
1636356240,+3.42,+16.907, +5.940,+0.992
1636356300,+3.42,+16.898, +5.929,+0.991
1636356360,+3.42,+16.890, +5.933,+0.991
1636356420,+3.42,+16.898, +5.926,+0.991
1636356480,+3.42,+16.898, +5.927,+0.991
1636356540,+3.42,+16.890, +5.927,+0.991
1636356600,+3.42,+16.881, +5.925,+0.991
1636356660,+3.42,+16.890, +5.916,+0.991
1636356720,+3.42,+16.898, +5.921,+0.991
1636356780,+3.42,+16.881, +5.934,+0.991
1636356840,+3.41,+16.890, +5.914,+0.991
1636356900,+3.41,+16.881, +5.888,+0.991
1636356960,+3.41,+16.898, +5.887,+0.991
1636357020,+3.42,+16.864, +5.892,+0.991
1636357080,+3.42,+16.873, +5.882,+0.991
1636357140,+3.42,+16.881, +5.883,+0.991
1636357200,+3.41,+16.864, +5.883,+0.991
1636357260,+3.42,+16.898, +5.857,+0.991
1636357320,+3.42,+16.864, +5.827,+0.991
1636357380,+3.41,+16.873, +5.778,+0.991
1636357440,+3.41,+16.864, +5.759,+0.991
1636357500,+3.41,+16.864, +5.767,+0.991
1636357560,+3.41,+16.856, +5.798,+0.991
1636357620,+3.41,+16.847, +5.806,+0.991
1636357680,+3.41,+16.864, +5.795,+0.991
1636357740,+3.42,+16.864, +5.785,+0.991
1636357800,+3.41,+16.847, +5.786,+0.991
1636357860,+3.41,+16.847, +5.796,+0.991
1636357920,+3.41,+16.847, +5.788,+0.991
1636357980,+3.41,+16.839, +5.779,+0.991
1636358040,+3.41,+16.830, +5.767,+0.991
1636358100,+3.41,+16.847, +5.776,+0.991
1636358160,+3.41,+16.856, +5.775,+0.991
1636358220,+3.41,+16.839, +5.769,+0.991
1636358280,+3.41,+16.830, +5.742,+0.991
1636358340,+3.41,+16.839, +5.703,+0.991
1636358400,+3.41,+16.830, +5.675,+0.991
1636358460,+3.41,+16.839, +5.646,+0.992
1636358520,+3.41,+16.822, +5.624,+0.991
1636358580,+3.41,+16.830, +5.593,+0.991
1636358640,+3.41,+16.813, +5.583,+0.991
1636358700,+3.41,+16.839, +5.576,+0.991
1636358760,+3.41,+16.796, +5.615,+0.991
1636358820,+3.41,+16.805, +5.610,+0.991
1636358880,+3.41,+16.813, +5.613,+0.991
1636358940,+3.41,+16.796, +5.621,+0.991
1636359000,+3.41,+16.779, +5.619,+0.991
1636359060,+3.41,+16.796, +5.652,+0.991
1636359120,+3.41,+16.805, +5.709,+0.992
1636359180,+3.41,+16.805, +5.716,+0.991
1636359240,+3.41,+16.788, +5.713,+0.991
1636359300,+3.41,+16.796, +5.703,+0.991
1636359360,+3.41,+16.796, +5.706,+0.991
1636359420,+3.41,+16.796, +5.695,+0.991
1636359480,+3.41,+16.796, +5.694,+0.991
1636359540,+3.41,+16.779, +5.692,+0.991
1636359600,+3.41,+16.779, +5.686,+0.991
1636359660,+3.41,+16.796, +5.682,+0.992
1636359720,+3.41,+16.788, +5.674,+0.991
1636359780,+3.41,+16.779, +5.683,+0.991
1636359840,+3.41,+16.788, +5.687,+0.991
1636359900,+3.41,+16.771, +5.679,+0.991
1636359960,+3.41,+16.771, +5.659,+0.991
1636360020,+3.41,+16.788, +5.638,+0.991
1636360080,+3.41,+16.788, +5.630,+0.991
1636360140,+3.41,+16.788, +5.623,+0.991
1636360200,+3.41,+16.788, +5.608,+0.991
1636360260,+3.41,+16.771, +5.596,+0.991
1636360320,+3.41,+16.788, +5.589,+0.991
1636360380,+3.41,+16.771, +5.585,+0.991
1636360440,+3.41,+16.779, +5.566,+0.991
1636360500,+3.41,+16.762, +5.550,+0.991
1636360560,+3.41,+16.762, +5.473,+0.991
1636360620,+3.41,+16.762, +5.445,+0.991
1636360680,+3.41,+16.779, +5.440,+0.991
1636360740,+3.41,+16.771, +5.443,+0.991
1636360800,+3.41,+16.796, +5.424,+0.991
1636360860,+3.41,+16.762, +5.414,+0.991
1636360920,+3.41,+16.771, +5.401,+0.992
1636360980,+3.41,+16.771, +5.384,+0.991
1636361040,+3.41,+16.762, +5.379,+0.991
1636361100,+3.41,+16.745, +5.376,+0.991
1636361160,+3.41,+16.754, +5.368,+0.991
1636361220,+3.41,+16.754, +5.387,+0.991
1636361280,+3.41,+16.754, +5.379,+0.991
1636361340,+3.41,+16.754, +5.378,+0.992
1636361400,+3.41,+16.762, +5.363,+0.991
1636361460,+3.41,+16.745, +5.363,+0.991
1636361520,+3.41,+16.745, +5.363,+0.991
1636361580,+3.41,+16.745, +5.368,+0.991
1636361640,+3.41,+16.771, +5.341,+0.991
1636361700,+3.41,+16.754, +5.339,+0.991
1636361760,+3.41,+16.754, +5.367,+0.991
1636361820,+3.41,+16.754, +5.377,+0.991
1636361880,+3.41,+16.754, +5.443,+0.991
1636361940,+3.41,+16.762, +5.458,+0.991
1636362000,+3.41,+16.728, +5.464,+0.991
1636362060,+3.41,+16.745, +5.468,+0.991
1636362120,+3.41,+16.737, +5.474,+0.991
1636362180,+3.41,+16.745, +5.491,+0.991
1636362240,+3.41,+16.737, +5.487,+0.991
1636362300,+3.41,+16.737, +5.480,+0.991
1636362360,+3.41,+16.745, +5.461,+0.991
1636362420,+3.41,+16.762, +5.451,+0.991
1636362480,+3.41,+16.745, +5.462,+0.991
1636362540,+3.41,+16.762, +5.462,+0.992
1636362600,+3.41,+16.737, +5.460,+0.992
1636362660,+3.41,+16.720, +5.448,+0.992
1636362720,+3.41,+16.728, +5.433,+0.991
1636362780,+3.41,+16.745, +5.434,+0.992
1636362840,+3.41,+16.737, +5.428,+0.991
1636362900,+3.41,+16.737, +5.421,+0.991
1636362960,+3.41,+16.720, +5.421,+0.991
1636363020,+3.41,+16.737, +5.412,+0.991
1636363080,+3.41,+16.711, +5.441,+0.991
1636363140,+3.41,+16.728, +5.438,+0.991
1636363200,+3.41,+16.720, +5.442,+0.991
1636363260,+3.41,+16.720, +5.441,+0.991
1636363320,+3.41,+16.711, +5.434,+0.991
1636363380,+3.41,+16.720, +5.428,+0.991
1636363440,+3.41,+16.711, +5.423,+0.991
1636363500,+3.41,+16.720, +5.412,+0.991
1636363560,+3.41,+16.720, +5.412,+0.992
1636363620,+3.41,+16.720, +5.398,+0.991
1636363680,+3.41,+16.720, +5.391,+0.992
1636363740,+3.41,+16.711, +5.394,+0.991
1636363800,+3.41,+16.711, +5.416,+0.991
1636363860,+3.41,+16.711, +5.417,+0.991
1636363920,+3.41,+16.720, +5.408,+0.991
1636363980,+3.41,+16.720, +5.397,+0.991
1636364040,+3.41,+16.720, +5.392,+0.991
1636364100,+3.41,+16.711, +5.396,+0.992
1636364160,+3.41,+16.703, +5.400,+0.992
1636364220,+3.41,+16.703, +5.391,+0.991
1636364280,+3.41,+16.720, +5.387,+0.991
1636364340,+3.41,+16.703, +5.390,+0.991
1636364400,+3.41,+16.711, +5.385,+0.991
1636364460,+3.41,+16.703, +5.375,+0.991
1636364520,+3.41,+16.686, +5.372,+0.991
1636364580,+3.41,+16.728, +5.343,+0.991
1636364640,+3.41,+16.703, +5.335,+0.991
1636364700,+3.41,+16.703, +5.328,+0.991
1636364760,+3.41,+16.720, +5.326,+0.991
1636364820,+3.41,+16.703, +5.346,+0.991
1636364880,+3.41,+16.720, +5.347,+0.991
1636364940,+3.41,+16.711, +5.350,+0.991
1636365000,+3.41,+16.686, +5.351,+0.991
1636365060,+3.41,+16.694, +5.361,+0.991
1636365120,+3.41,+16.720, +5.355,+0.991
1636365180,+3.41,+16.703, +5.347,+0.991
1636365240,+3.41,+16.694, +5.353,+0.991
1636365300,+3.41,+16.694, +5.346,+0.991
1636365360,+3.41,+16.694, +5.352,+0.991
1636365420,+3.41,+16.694, +5.352,+0.991
1636365480,+3.41,+16.686, +5.351,+0.991
1636365540,+3.41,+16.686, +5.352,+0.991
1636365600,+3.41,+16.694, +5.337,+0.991
1636365660,+3.41,+16.677, +5.327,+0.991
1636365720,+3.41,+16.686, +5.324,+0.991
1636365780,+3.41,+16.694, +5.321,+0.991
1636365840,+3.41,+16.686, +5.319,+0.991
1636365900,+3.41,+16.686, +5.321,+0.991
1636365960,+3.41,+16.694, +5.312,+0.991
1636366020,+3.41,+16.686, +5.314,+0.991
1636366080,+3.41,+16.694, +5.303,+0.991
1636366140,+3.41,+16.694, +5.295,+0.992
1636366200,+3.41,+16.694, +5.286,+0.991
1636366260,+3.41,+16.703, +5.281,+0.991
1636366320,+3.41,+16.694, +5.300,+0.991
1636366380,+3.41,+16.703, +5.293,+0.991
1636366440,+3.41,+16.694, +5.288,+0.991
1636366500,+3.41,+16.694, +5.273,+0.991
1636366560,+3.41,+16.694, +5.270,+0.992
1636366620,+3.41,+16.694, +5.263,+0.991
1636366680,+3.41,+16.686, +5.258,+0.991
1636366740,+3.41,+16.686, +5.255,+0.991
1636366800,+3.41,+16.694, +5.261,+0.992
1636366860,+3.41,+16.694, +5.264,+0.991
1636366920,+3.41,+16.686, +5.264,+0.992
1636366980,+3.41,+16.677, +5.257,+0.991
1636367040,+3.41,+16.694, +5.249,+0.991
1636367100,+3.41,+16.677, +5.251,+0.991
1636367160,+3.41,+16.686, +5.246,+0.991
1636367220,+3.41,+16.703, +5.252,+0.991
1636367280,+3.41,+16.677, +5.255,+0.991
1636367340,+3.41,+16.686, +5.259,+0.992
1636367400,+3.41,+16.660, +5.259,+0.991
1636367460,+3.41,+16.669, +5.256,+0.991
1636367520,+3.41,+16.669, +5.260,+0.991
1636367580,+3.41,+16.660, +5.294,+0.991
1636367640,+3.41,+16.652, +5.277,+0.991
1636367700,+3.41,+16.652, +5.260,+0.991
1636367760,+3.41,+16.669, +5.245,+0.991
1636367820,+3.41,+16.652, +5.234,+0.991
1636367880,+3.41,+16.669, +5.231,+0.991
1636367940,+3.41,+16.660, +5.224,+0.991
1636368000,+3.41,+16.660, +5.212,+0.991
1636368060,+3.41,+16.677, +5.199,+0.991
1636368120,+3.41,+16.652, +5.200,+0.991
1636368180,+3.41,+16.660, +5.180,+0.991
1636368240,+3.41,+16.660, +5.177,+0.991
1636368300,+3.41,+16.669, +5.170,+0.991
1636368360,+3.41,+16.669, +5.172,+0.992
1636368420,+3.41,+16.669, +5.172,+0.991
1636368480,+3.41,+16.669, +5.164,+0.991
1636368540,+3.41,+16.669, +5.147,+0.991
1636368600,+3.41,+16.652, +5.153,+0.992
1636368660,+3.41,+16.686, +5.131,+0.991
1636368720,+3.41,+16.652, +5.134,+0.991
1636368780,+3.41,+16.669, +5.150,+0.992
1636368840,+3.41,+16.660, +5.151,+0.992
1636368900,+3.41,+16.660, +5.134,+0.991
1636368960,+3.41,+16.669, +5.120,+0.991
1636369020,+3.41,+16.643, +5.113,+0.991
1636369080,+3.41,+16.652, +5.099,+0.992
1636369140,+3.41,+16.660, +5.084,+0.991
1636369200,+3.41,+16.652, +5.086,+0.991
1636369260,+3.41,+16.643, +5.106,+0.992
1636369320,+3.41,+16.652, +5.107,+0.992
1636369380,+3.41,+16.652, +5.099,+0.991
1636369440,+3.41,+16.643, +5.097,+0.991
1636369500,+3.41,+16.652, +5.095,+0.991
1636369560,+3.41,+16.652, +5.103,+0.991
1636369620,+3.41,+16.660, +5.097,+0.991
1636369680,+3.41,+16.643, +5.105,+0.991
1636369740,+3.41,+16.652, +5.126,+0.991
1636369800,+3.41,+16.660, +5.125,+0.992
1636369860,+3.41,+16.652, +5.118,+0.991
1636369920,+3.41,+16.652, +5.108,+0.991
1636369980,+3.41,+16.660, +5.105,+0.991
1636370040,+3.41,+16.669, +5.100,+0.991
1636370100,+3.41,+16.660, +5.114,+0.992
1636370160,+3.41,+16.652, +5.103,+0.991
1636370220,+3.41,+16.652, +5.095,+0.991
1636370280,+3.41,+16.660, +5.088,+0.992
1636370340,+3.41,+16.669, +5.086,+0.991
1636370400,+3.41,+16.652, +5.095,+0.992
1636370460,+3.41,+16.652, +5.088,+0.991
1636370520,+3.41,+16.643, +5.091,+0.991
1636370580,+3.41,+16.643, +5.085,+0.992
1636370640,+3.41,+16.660, +5.072,+0.991
1636370700,+3.41,+16.635, +5.094,+0.992
1636370760,+3.41,+16.635, +5.097,+0.991
1636370820,+3.41,+16.635, +5.092,+0.991
1636370880,+3.41,+16.643, +5.077,+0.991
1636370940,+3.41,+16.652, +5.075,+0.991
1636371000,+3.41,+16.635, +5.081,+0.991
1636371060,+3.41,+16.643, +5.080,+0.991
1636371120,+3.41,+16.635, +5.091,+0.992
1636371180,+3.41,+16.626, +5.091,+0.991
1636371240,+3.41,+16.660, +5.075,+0.991
1636371300,+3.41,+16.635, +5.071,+0.991
1636371360,+3.41,+16.643, +5.057,+0.991
1636371420,+3.41,+16.635, +5.050,+0.991
1636371480,+3.41,+16.635, +5.051,+0.991
1636371540,+3.41,+16.635, +5.056,+0.991
1636371600,+3.41,+16.643, +5.050,+0.991
1636371660,+3.41,+16.626, +5.057,+0.992
1636371720,+3.41,+16.626, +5.053,+0.992
1636371780,+3.41,+16.618, +5.059,+0.992
1636371840,+3.41,+16.618, +5.098,+0.992
1636371900,+3.41,+16.601, +5.094,+0.991
1636371960,+3.41,+16.618, +5.078,+0.991
1636372020,+3.41,+16.626, +5.067,+0.992
1636372080,+3.41,+16.635, +5.052,+0.991
1636372140,+3.41,+16.635, +5.043,+0.991
1636372200,+3.41,+16.609, +5.039,+0.991
1636372260,+3.41,+16.626, +5.038,+0.992
1636372320,+3.41,+16.609, +5.033,+0.991
1636372380,+3.41,+16.618, +5.037,+0.991
1636372440,+3.41,+16.609, +5.049,+0.991
1636372500,+3.41,+16.609, +5.048,+0.991
1636372560,+3.41,+16.626, +5.044,+0.991
1636372620,+3.41,+16.626, +5.063,+0.992
1636372680,+3.41,+16.618, +5.090,+0.991
1636372740,+3.41,+16.618, +5.086,+0.991
1636372800,+3.41,+16.618, +5.079,+0.991
1636372860,+3.41,+16.618, +5.069,+0.991
1636372920,+3.41,+16.609, +5.063,+0.992
1636372980,+3.41,+16.618, +5.057,+0.992
1636373040,+3.41,+16.626, +5.054,+0.992
1636373100,+3.41,+16.635, +5.040,+0.991
1636373160,+3.41,+16.626, +5.023,+0.991
1636373220,+3.41,+16.635, +5.005,+0.991
1636373280,+3.41,+16.601, +4.996,+0.991
1636373340,+3.41,+16.609, +4.985,+0.992
1636373400,+3.41,+16.609, +4.979,+0.992
1636373460,+3.41,+16.609, +4.965,+0.991
1636373520,+3.41,+16.609, +4.959,+0.992
1636373580,+3.41,+16.626, +4.945,+0.991
1636373640,+3.41,+16.618, +4.949,+0.992
1636373700,+3.41,+16.618, +4.949,+0.992
1636373760,+3.41,+16.601, +4.953,+0.991
1636373820,+3.41,+16.609, +4.959,+0.992
1636373880,+3.41,+16.601, +4.955,+0.991
1636373940,+3.41,+16.609, +4.948,+0.992
1636374000,+3.41,+16.601, +4.940,+0.991
1636374060,+3.41,+16.609, +4.940,+0.992
1636374120,+3.41,+16.618, +4.935,+0.991
1636374180,+3.41,+16.618, +4.915,+0.991
1636374240,+3.41,+16.618, +4.891,+0.992
1636374300,+3.41,+16.609, +4.876,+0.991
1636374360,+3.41,+16.618, +4.871,+0.992
1636374420,+3.41,+16.618, +4.863,+0.991
1636374480,+3.41,+16.618, +4.857,+0.992
1636374540,+3.41,+16.609, +4.859,+0.992
1636374600,+3.41,+16.609, +4.852,+0.992
1636374660,+3.41,+16.601, +4.842,+0.991
1636374720,+3.41,+16.601, +4.840,+0.991
1636374780,+3.41,+16.592, +4.852,+0.992
1636374840,+3.41,+16.601, +4.844,+0.992
1636374900,+3.41,+16.601, +4.838,+0.992
1636374960,+3.41,+16.609, +4.827,+0.992
1636375020,+3.41,+16.601, +4.829,+0.991
1636375080,+3.41,+16.601, +4.830,+0.991
1636375140,+3.41,+16.592, +4.830,+0.992
1636375200,+3.41,+16.575, +4.830,+0.992
1636375260,+3.41,+16.584, +4.835,+0.992
1636375320,+3.41,+16.584, +4.829,+0.991
1636375380,+3.41,+16.575, +4.824,+0.992
1636375440,+3.41,+16.584, +4.826,+0.992
1636375500,+3.41,+16.609, +4.824,+0.991
1636375560,+3.41,+16.592, +4.827,+0.991
1636375620,+3.41,+16.584, +4.829,+0.992
1636375680,+3.41,+16.584, +4.825,+0.991
1636375740,+3.41,+16.584, +4.816,+0.991
1636375800,+3.41,+16.575, +4.818,+0.992
1636375860,+3.41,+16.575, +4.852,+0.991
1636375920,+3.41,+16.567, +4.861,+0.992
1636375980,+3.41,+16.567, +4.865,+0.992
1636376040,+3.41,+16.558, +4.858,+0.991
1636376100,+3.41,+16.592, +4.851,+0.992
1636376160,+3.41,+16.567, +4.843,+0.991
1636376220,+3.41,+16.584, +4.836,+0.992
1636376280,+3.41,+16.575, +4.835,+0.992
1636376340,+3.41,+16.575, +4.842,+0.991
1636376400,+3.41,+16.567, +4.850,+0.991
1636376460,+3.41,+16.567, +4.857,+0.992
1636376520,+3.41,+16.575, +4.860,+0.992
1636376580,+3.41,+16.575, +4.854,+0.991
1636376640,+3.41,+16.567, +4.852,+0.992
1636376700,+3.41,+16.584, +4.848,+0.991
1636376760,+3.41,+16.567, +4.854,+0.992
1636376820,+3.41,+16.575, +4.851,+0.992
1636376880,+3.41,+16.584, +4.872,+0.992
1636376940,+3.41,+16.575, +4.884,+0.992
1636377000,+3.41,+16.575, +4.892,+0.992
1636377060,+3.41,+16.575, +4.897,+0.992
1636377120,+3.41,+16.567, +4.911,+0.991
1636377180,+3.41,+16.575, +4.912,+0.991
1636377240,+3.41,+16.584, +4.908,+0.992
1636377300,+3.41,+16.592, +4.895,+0.992
1636377360,+3.41,+16.584, +4.881,+0.992
1636377420,+3.41,+16.575, +4.863,+0.991
1636377480,+3.41,+16.575, +4.846,+0.991
1636377540,+3.41,+16.601, +4.836,+0.992
1636377600,+3.41,+16.567, +4.833,+0.991
1636377660,+3.41,+16.575, +4.827,+0.991
1636377720,+3.41,+16.601, +4.808,+0.992
1636377780,+3.41,+16.584, +4.778,+0.991
1636377840,+3.41,+16.592, +4.774,+0.991
1636377900,+3.41,+16.592, +4.775,+0.991
1636377960,+3.41,+16.584, +4.783,+0.992
1636378020,+3.41,+16.575, +4.793,+0.992
1636378080,+3.41,+16.584, +4.796,+0.991
1636378140,+3.41,+16.601, +4.798,+0.991
1636378200,+3.41,+16.584, +4.796,+0.992
1636378260,+3.41,+16.584, +4.811,+0.991
1636378320,+3.41,+16.575, +4.814,+0.991
1636378380,+3.41,+16.575, +4.822,+0.991
1636378440,+3.41,+16.567, +4.831,+0.991
1636378500,+3.41,+16.575, +4.828,+0.992
1636378560,+3.41,+16.584, +4.798,+0.991
1636378620,+3.41,+16.575, +4.783,+0.992
1636378680,+3.41,+16.584, +4.762,+0.992
1636378740,+3.41,+16.592, +4.740,+0.992
1636378800,+3.41,+16.558, +4.724,+0.992
1636378860,+3.41,+16.584, +4.708,+0.991
1636378920,+3.41,+16.601, +4.725,+0.992
1636378980,+3.41,+16.592, +4.732,+0.991
1636379040,+3.41,+16.601, +4.733,+0.992
1636379100,+3.41,+16.575, +4.756,+0.992
1636379160,+3.41,+16.575, +4.802,+0.991
1636379220,+3.41,+16.592, +4.835,+0.992
1636379280,+3.41,+16.592, +4.853,+0.991
1636379340,+3.41,+16.601, +4.859,+0.991
1636379400,+3.41,+16.584, +4.863,+0.991
1636379460,+3.41,+16.584, +4.873,+0.991
1636379520,+3.41,+16.592, +4.876,+0.992
1636379580,+3.41,+16.601, +4.862,+0.991
1636379640,+3.41,+16.592, +4.853,+0.992
1636379700,+3.41,+16.592, +4.849,+0.992
1636379760,+3.41,+16.592, +4.845,+0.991
1636379820,+3.41,+16.592, +4.858,+0.992
1636379880,+3.41,+16.575, +4.871,+0.992
1636379940,+3.41,+16.592, +4.873,+0.992
1636380000,+3.41,+16.592, +4.859,+0.992
1636380060,+3.41,+16.567, +4.852,+0.992
1636380120,+3.41,+16.584, +4.835,+0.992
1636380180,+3.41,+16.592, +4.818,+0.991
1636380240,+3.41,+16.592, +4.819,+0.991
1636380300,+3.41,+16.592, +4.834,+0.992
1636380360,+3.41,+16.584, +4.845,+0.991
1636380420,+3.41,+16.592, +4.843,+0.991
1636380480,+3.41,+16.609, +4.837,+0.992
1636380540,+3.41,+16.584, +4.845,+0.991
1636380600,+3.41,+16.601, +4.844,+0.992
1636380660,+3.41,+16.575, +4.839,+0.991
1636380720,+3.41,+16.575, +4.839,+0.992
1636380780,+3.41,+16.584, +4.849,+0.991
1636380840,+3.41,+16.584, +4.840,+0.991
1636380900,+3.41,+16.584, +4.849,+0.991
1636380960,+3.41,+16.584, +4.861,+0.992
1636381020,+3.41,+16.592, +4.858,+0.991
1636381080,+3.41,+16.609, +4.866,+0.992
1636381140,+3.41,+16.592, +4.874,+0.991
1636381200,+3.41,+16.592, +4.870,+0.991
1636381260,+3.41,+16.592, +4.874,+0.991
1636381320,+3.41,+16.592, +4.883,+0.991
1636381380,+3.41,+16.609, +4.881,+0.991
1636381440,+3.41,+16.601, +4.879,+0.991
1636381500,+3.41,+16.592, +4.872,+0.991
1636381560,+3.41,+16.575, +4.863,+0.992
1636381620,+3.41,+16.592, +4.852,+0.991
1636381680,+3.41,+16.584, +4.858,+0.991
1636381740,+3.41,+16.584, +4.859,+0.991
1636381800,+3.41,+16.601, +4.853,+0.991
1636381860,+3.41,+16.592, +4.863,+0.992
1636381920,+3.41,+16.592, +4.876,+0.992
1636381980,+3.41,+16.609, +4.888,+0.991
1636382040,+3.41,+16.584, +4.909,+0.991
1636382100,+3.41,+16.592, +4.913,+0.991
1636382160,+3.41,+16.618, +4.903,+0.991
1636382220,+3.41,+16.584, +4.901,+0.992
1636382280,+3.41,+16.601, +4.876,+0.991
1636382340,+3.41,+16.601, +4.903,+0.992
1636382400,+3.41,+16.592, +4.905,+0.991
1636382460,+3.41,+16.609, +4.884,+0.991
1636382520,+3.41,+16.618, +4.874,+0.991
1636382580,+3.41,+16.618, +4.869,+0.991
1636382640,+3.41,+16.601, +4.861,+0.991
1636382700,+3.41,+16.626, +4.852,+0.991
1636382760,+3.41,+16.618, +4.845,+0.991
1636382820,+3.41,+16.618, +4.821,+0.991
1636382880,+3.41,+16.618, +4.817,+0.991
1636382940,+3.41,+16.609, +4.834,+0.991
1636383000,+3.41,+16.609, +4.834,+0.992
1636383060,+3.41,+16.618, +4.822,+0.992
1636383120,+3.41,+16.609, +4.817,+0.992
1636383180,+3.41,+16.618, +4.810,+0.991
1636383240,+3.41,+16.652, +4.801,+0.991
1636383300,+3.41,+16.635, +4.804,+0.992
1636383360,+3.41,+16.643, +4.794,+0.991
1636383420,+3.41,+16.626, +4.785,+0.991
1636383480,+3.41,+16.626, +4.785,+0.991
1636383540,+3.41,+16.626, +4.787,+0.991
1636383600,+3.41,+16.618, +4.787,+0.991
1636383660,+3.41,+16.635, +4.796,+0.992
1636383720,+3.41,+16.635, +4.802,+0.992
1636383780,+3.41,+16.643, +4.798,+0.991
1636383840,+3.41,+16.635, +4.796,+0.992
1636383900,+3.41,+16.635, +4.796,+0.991
1636383960,+3.41,+16.660, +4.787,+0.991
1636384020,+3.41,+16.643, +4.781,+0.991
1636384080,+3.41,+16.635, +4.781,+0.992
1636384140,+3.41,+16.652, +4.765,+0.992
1636384200,+3.41,+16.635, +4.746,+0.991
1636384260,+3.41,+16.652, +4.751,+0.991
1636384320,+3.41,+16.652, +4.752,+0.991
1636384380,+3.41,+16.652, +4.754,+0.991
1636384440,+3.41,+16.652, +4.754,+0.991
1636384500,+3.41,+16.652, +4.762,+0.991
1636384560,+3.41,+16.643, +4.785,+0.991
1636384620,+3.41,+16.652, +4.792,+0.991
1636384680,+3.41,+16.660, +4.795,+0.991
1636384740,+3.41,+16.660, +4.796,+0.992
1636384800,+3.41,+16.660, +4.800,+0.991
1636384860,+3.41,+16.660, +4.802,+0.991
1636384920,+3.41,+16.652, +4.800,+0.991
1636384980,+3.41,+16.677, +4.797,+0.991
1636385040,+3.41,+16.703, +4.798,+0.991
1636385100,+3.41,+16.677, +4.787,+0.991
1636385160,+3.41,+16.703, +4.790,+0.991
1636385220,+3.41,+16.694, +4.815,+0.991
1636385280,+3.41,+16.703, +4.827,+0.991
1636385340,+3.41,+16.686, +4.854,+0.991
1636385400,+3.41,+16.686, +4.866,+0.991
1636385460,+3.41,+16.703, +4.878,+0.991
1636385520,+3.41,+16.686, +4.883,+0.991
1636385580,+3.41,+16.694, +4.908,+0.991
1636385640,+3.41,+16.686, +4.916,+0.991
1636385700,+3.41,+16.694, +4.923,+0.991
1636385760,+3.41,+16.703, +4.936,+0.991
1636385820,+3.41,+16.694, +4.948,+0.991
1636385880,+3.41,+16.703, +4.963,+0.991
1636385940,+3.41,+16.694, +4.975,+0.991
1636386000,+3.41,+16.720, +4.974,+0.991
1636386060,+3.41,+16.703, +5.002,+0.991
1636386120,+3.41,+16.720, +5.025,+0.991
1636386180,+3.41,+16.728, +5.048,+0.991
1636386240,+3.41,+16.737, +5.071,+0.991
1636386300,+3.41,+16.754, +5.082,+0.991
1636386360,+3.41,+16.762, +5.093,+0.991
1636386420,+3.41,+16.771, +5.108,+0.991
1636386480,+3.41,+16.771, +5.116,+0.991
1636386540,+3.41,+16.779, +5.114,+0.991
1636386600,+3.41,+16.779, +5.099,+0.991
1636386660,+3.41,+16.771, +5.109,+0.991
1636386720,+3.41,+16.771, +5.122,+0.991
1636386780,+3.41,+16.754, +5.123,+0.991
1636386840,+3.41,+16.771, +5.119,+0.991
1636386900,+3.41,+16.762, +5.122,+0.991
1636386960,+3.41,+16.771, +5.147,+0.991
1636387020,+3.41,+16.771, +5.145,+0.991
1636387080,+3.41,+16.762, +5.140,+0.991
1636387140,+3.41,+16.754, +5.139,+0.991
1636387200,+3.41,+16.762, +5.125,+0.991
1636387260,+3.41,+16.754, +5.131,+0.991
1636387320,+3.41,+16.754, +5.131,+0.991
1636387380,+3.41,+16.754, +5.142,+0.991
1636387440,+3.41,+16.762, +5.141,+0.991
1636387500,+3.41,+16.745, +5.117,+0.991
1636387560,+3.41,+16.745, +5.107,+0.991
1636387620,+3.41,+16.754, +5.075,+0.991
1636387680,+3.41,+16.728, +5.053,+0.991
1636387740,+3.41,+16.720, +5.045,+0.991
1636387800,+3.41,+16.745, +5.045,+0.991
1636387860,+3.41,+16.720, +5.051,+0.991
1636387920,+3.41,+16.728, +5.033,+0.991
1636387980,+3.41,+16.720, +5.034,+0.991
1636388040,+3.41,+16.703, +5.027,+0.991
1636388100,+3.41,+16.711, +5.025,+0.991
1636388160,+3.41,+16.703, +5.014,+0.991
1636388220,+3.41,+16.694, +5.012,+0.991
1636388280,+3.41,+16.703, +5.030,+0.991
1636388340,+3.41,+16.703, +5.029,+0.991
1636388400,+3.41,+16.703, +5.050,+0.991
1636388460,+3.41,+16.720, +5.075,+0.991
1636388520,+3.41,+16.711, +5.088,+0.991
1636388580,+3.41,+16.720, +5.089,+0.991
1636388640,+3.41,+16.703, +5.052,+0.991
1636388700,+3.41,+16.711, +5.029,+0.991
1636388760,+3.41,+16.711, +5.012,+0.991
1636388820,+3.41,+16.694, +5.012,+0.991
1636388880,+3.41,+16.711, +5.030,+0.991
1636388940,+3.41,+16.720, +5.023,+0.991
1636389000,+3.41,+16.703, +5.006,+0.991
1636389060,+3.41,+16.703, +4.997,+0.991
1636389120,+3.41,+16.720, +4.985,+0.991
1636389180,+3.41,+16.711, +4.983,+0.991
1636389240,+3.41,+16.711, +4.981,+0.991
1636389300,+3.41,+16.703, +5.013,+0.991
1636389360,+3.41,+16.711, +5.002,+0.991
1636389420,+3.41,+16.711, +4.995,+0.991
1636389480,+3.41,+16.703, +5.016,+0.991
1636389540,+3.41,+16.728, +5.016,+0.991
1636389600,+3.41,+16.703, +5.036,+0.991
1636389660,+3.41,+16.711, +5.046,+0.991
1636389720,+3.41,+16.720, +5.061,+0.991
1636389780,+3.41,+16.720, +5.087,+0.991
1636389840,+3.41,+16.762, +5.187,+0.991
1636389900,+3.41,+16.771, +5.272,+0.991
1636389960,+3.41,+16.754, +5.237,+0.991
1636390020,+3.41,+16.745, +5.159,+0.991
1636390080,+3.41,+16.745, +5.170,+0.991
