7450-387970
OS REV: 1.05 Sensor Cal: 1615486469
Time (sec),  BV (Volts),  T (deg C),  DO (mg/l),  Q ()
1636230480,+3.47,+24.973, +8.914,+0.983
1636230540,+3.47,+24.066, +9.212,+0.983
1636230600,+3.48,+23.504, +9.366,+0.983
1636230660,+3.47,+23.094, +9.448,+0.984
1636230720,+3.48,+22.784, +9.490,+0.984
1636230780,+3.48,+22.533, +9.520,+0.985
1636230840,+3.48,+22.299, +9.571,+0.985
1636230900,+3.48,+22.123, +9.577,+0.984
1636230960,+3.48,+21.981, +9.603,+0.985
1636231020,+3.48,+21.889, +9.616,+0.985
1636231080,+3.48,+21.772, +9.621,+0.985
1636231140,+3.48,+21.697, +9.640,+0.985
1636231200,+3.48,+21.605, +9.635,+0.985
1636231260,+3.48,+21.505, +9.637,+0.986
1636231320,+3.48,+21.388, +9.648,+0.985
1636231380,+3.48,+21.296, +9.646,+0.985
1636231440,+3.48,+21.245, +9.636,+0.985
1636231500,+3.48,+21.162, +9.640,+0.985
1636231560,+3.48,+21.087, +9.637,+0.985
1636231620,+3.48,+21.028, +9.611,+0.985
1636231680,+3.48,+20.919, +9.645,+0.985
1636231740,+3.48,+20.861, +9.661,+0.986
1636231800,+3.48,+20.827, +9.638,+0.985
1636231860,+3.48,+20.769, +9.647,+0.985
1636231920,+3.48,+20.693, +9.643,+0.985
1636231980,+3.48,+20.668, +9.646,+0.985
1636232040,+3.48,+20.601, +9.656,+0.985
1636232100,+3.48,+20.543, +9.662,+0.985
1636232160,+3.48,+20.493, +9.666,+0.986
1636232220,+3.48,+20.518, +9.680,+0.986
1636232280,+3.48,+20.518, +9.671,+0.985
1636232340,+3.48,+20.509, +9.691,+0.986
1636232400,+3.48,+20.526, +9.677,+0.985
1636232460,+3.48,+20.509, +9.669,+0.986
1636232520,+3.48,+20.501, +9.656,+0.985
1636232580,+3.48,+20.501, +9.678,+0.985
1636232640,+3.48,+20.551, +9.683,+0.986
1636232700,+3.48,+20.576, +9.652,+0.985
1636232760,+3.48,+20.601, +9.652,+0.985
1636232820,+3.48,+20.610, +9.654,+0.986
1636232880,+3.48,+20.610, +9.649,+0.985
1636232940,+3.48,+20.626, +9.650,+0.985
1636233000,+3.48,+20.652, +9.648,+0.985
1636233060,+3.48,+20.677, +9.637,+0.985
1636233120,+3.48,+20.677, +9.650,+0.985
1636233180,+3.48,+20.693, +9.629,+0.985
1636233240,+3.48,+20.710, +9.620,+0.985
1636233300,+3.48,+20.710, +9.627,+0.985
1636233360,+3.48,+20.744, +9.628,+0.986
1636233420,+3.48,+20.785, +9.615,+0.985
1636233480,+3.48,+20.810, +9.604,+0.985
1636233540,+3.48,+20.836, +9.628,+0.985
1636233600,+3.48,+20.886, +9.641,+0.985
1636233660,+3.48,+20.919, +9.627,+0.985
1636233720,+3.48,+20.936, +9.400,+0.984
1636233780,+3.48,+20.944, +9.522,+0.984
1636233840,+3.48,+20.944, +9.552,+0.984
1636233900,+3.48,+20.986, +9.554,+0.984
1636233960,+3.48,+20.986, +9.558,+0.984
1636234020,+3.48,+20.986, +9.573,+0.984
1636234080,+3.48,+20.978, +9.561,+0.983
1636234140,+3.48,+20.978, +9.565,+0.984
1636234200,+3.48,+20.978, +9.565,+0.984
1636234260,+3.48,+20.961, +9.564,+0.984
1636234320,+3.47,+20.953, +9.548,+0.983
1636234380,+3.48,+20.936, +9.551,+0.984
1636234440,+3.48,+20.894, +9.551,+0.984
1636234500,+3.48,+20.877, +9.554,+0.983
1636234560,+3.48,+20.861, +9.552,+0.984
1636234620,+3.48,+20.827, +9.565,+0.984
1636234680,+3.48,+20.827, +9.547,+0.983
1636234740,+3.48,+20.794, +9.563,+0.984
1636234800,+3.48,+20.769, +9.561,+0.983
1636234860,+3.48,+20.769, +9.571,+0.984
1636234920,+3.48,+20.785, +9.565,+0.984
1636234980,+3.48,+20.752, +9.172,+0.983
1636235040,+3.48,+20.593, +8.789,+0.982
1636235100,+3.48,+21.371, +8.884,+0.985
1636235160,+3.48,+21.505, +7.214,+0.974
1636235220,+3.48,+18.522, +5.473,+0.977
1636235280,+3.48,+17.374, +5.648,+0.979
1636235340,+3.48,+16.671, +5.593,+0.980
1636235400,+3.49,+16.126, +5.625,+0.981
1636235460,+3.49,+15.853, +5.686,+0.982
1636235520,+3.48,+15.639, +5.716,+0.982
1636235580,+3.48,+15.450, +5.754,+0.982
1636235640,+3.48,+15.330, +5.800,+0.983
1636235700,+3.48,+15.279, +5.780,+0.983
1636235760,+3.48,+15.219, +5.799,+0.983
1636235820,+3.48,+15.193, +5.799,+0.983
1636235880,+3.49,+15.098, +5.819,+0.984
1636235940,+3.49,+15.055, +5.804,+0.983
1636236000,+3.49,+15.012, +5.799,+0.984
1636236060,+3.49,+14.978, +5.795,+0.984
1636236120,+3.49,+14.944, +5.785,+0.984
1636236180,+3.49,+14.901, +5.781,+0.984
1636236240,+3.49,+14.883, +5.800,+0.984
1636236300,+3.49,+14.866, +5.817,+0.984
1636236360,+3.49,+14.849, +5.824,+0.984
1636236420,+3.49,+14.849, +5.822,+0.984
1636236480,+3.49,+14.806, +5.844,+0.984
1636236540,+3.49,+14.771, +5.871,+0.984
1636236600,+3.49,+14.754, +5.922,+0.984
1636236660,+3.49,+14.754, +5.939,+0.984
1636236720,+3.49,+14.745, +5.951,+0.984
1636236780,+3.49,+14.728, +5.953,+0.984
1636236840,+3.49,+14.745, +5.950,+0.985
1636236900,+3.49,+14.719, +5.949,+0.984
1636236960,+3.49,+14.728, +5.941,+0.984
1636237020,+3.49,+14.711, +5.955,+0.985
1636237080,+3.49,+14.711, +5.948,+0.984
1636237140,+3.49,+14.694, +5.945,+0.984
1636237200,+3.49,+14.694, +5.936,+0.985
1636237260,+3.49,+14.685, +5.921,+0.984
1636237320,+3.49,+14.685, +5.918,+0.985
1636237380,+3.49,+14.685, +5.908,+0.985
1636237440,+3.49,+14.694, +5.890,+0.984
1636237500,+3.49,+14.668, +5.881,+0.985
1636237560,+3.49,+14.676, +5.855,+0.985
1636237620,+3.49,+14.685, +5.828,+0.984
1636237680,+3.49,+14.694, +5.803,+0.984
1636237740,+3.49,+14.676, +5.779,+0.985
1636237800,+3.49,+14.685, +5.748,+0.985
1636237860,+3.49,+14.676, +5.720,+0.984
1636237920,+3.48,+14.668, +5.702,+0.984
1636237980,+3.48,+14.668, +5.701,+0.985
1636238040,+3.49,+14.659, +5.701,+0.984
1636238100,+3.49,+14.685, +5.707,+0.985
1636238160,+3.49,+14.685, +5.714,+0.984
1636238220,+3.48,+14.676, +5.726,+0.985
1636238280,+3.48,+14.676, +5.735,+0.984
1636238340,+3.48,+14.668, +5.744,+0.984
1636238400,+3.48,+14.685, +5.753,+0.984
1636238460,+3.48,+14.685, +5.721,+0.985
1636238520,+3.48,+14.694, +5.661,+0.984
1636238580,+3.48,+14.694, +5.628,+0.984
1636238640,+3.48,+14.694, +5.596,+0.985
1636238700,+3.48,+14.702, +5.531,+0.984
1636238760,+3.48,+14.702, +5.506,+0.984
1636238820,+3.48,+14.711, +5.497,+0.984
1636238880,+3.48,+14.711, +5.499,+0.984
1636238940,+3.48,+14.685, +5.487,+0.985
1636239000,+3.48,+14.702, +5.413,+0.984
1636239060,+3.48,+14.702, +5.395,+0.985
1636239120,+3.48,+14.711, +5.405,+0.984
1636239180,+3.48,+14.694, +5.408,+0.985
1636239240,+3.48,+14.702, +5.396,+0.984
1636239300,+3.48,+14.702, +5.398,+0.985
1636239360,+3.48,+14.702, +5.389,+0.984
1636239420,+3.48,+14.694, +5.394,+0.984
1636239480,+3.48,+14.694, +5.390,+0.984
1636239540,+3.48,+14.702, +5.377,+0.984
1636239600,+3.48,+14.694, +5.366,+0.984
1636239660,+3.48,+14.676, +5.344,+0.984
1636239720,+3.48,+14.676, +5.322,+0.984
1636239780,+3.48,+14.694, +5.290,+0.984
1636239840,+3.48,+14.694, +5.279,+0.985
1636239900,+3.48,+14.685, +5.259,+0.984
1636239960,+3.48,+14.685, +5.245,+0.984
1636240020,+3.48,+14.685, +5.236,+0.984
1636240080,+3.48,+14.676, +5.239,+0.985
1636240140,+3.48,+14.668, +5.236,+0.984
1636240200,+3.48,+14.668, +5.227,+0.984
1636240260,+3.48,+14.694, +5.211,+0.984
1636240320,+3.48,+14.676, +5.209,+0.984
1636240380,+3.48,+14.668, +5.203,+0.984
1636240440,+3.48,+14.668, +5.191,+0.984
1636240500,+3.48,+14.668, +5.180,+0.984
1636240560,+3.48,+14.676, +5.174,+0.985
1636240620,+3.48,+14.659, +5.163,+0.984
1636240680,+3.48,+14.676, +5.166,+0.984
1636240740,+3.48,+14.685, +5.148,+0.984
1636240800,+3.48,+14.685, +5.103,+0.985
1636240860,+3.48,+14.685, +5.057,+0.984
1636240920,+3.48,+14.685, +5.018,+0.984
1636240980,+3.48,+14.702, +4.980,+0.984
1636241040,+3.48,+14.702, +4.953,+0.984
1636241100,+3.48,+14.685, +4.929,+0.984
1636241160,+3.48,+14.685, +4.914,+0.984
1636241220,+3.48,+14.694, +4.897,+0.984
1636241280,+3.48,+14.685, +4.894,+0.984
1636241340,+3.48,+14.702, +4.885,+0.984
1636241400,+3.48,+14.694, +4.882,+0.984
1636241460,+3.48,+14.685, +4.878,+0.984
1636241520,+3.48,+14.694, +4.878,+0.984
1636241580,+3.48,+14.702, +4.872,+0.984
1636241640,+3.48,+14.702, +4.868,+0.984
1636241700,+3.48,+14.694, +4.860,+0.984
1636241760,+3.48,+14.702, +4.852,+0.984
1636241820,+3.48,+14.694, +4.838,+0.984
1636241880,+3.48,+14.702, +4.827,+0.984
1636241940,+3.48,+14.685, +4.822,+0.984
1636242000,+3.48,+14.685, +4.808,+0.984
1636242060,+3.48,+14.711, +4.801,+0.984
1636242120,+3.48,+14.702, +4.791,+0.984
1636242180,+3.48,+14.711, +4.781,+0.984
1636242240,+3.48,+14.702, +4.776,+0.984
1636242300,+3.48,+14.685, +4.775,+0.984
1636242360,+3.48,+14.711, +4.768,+0.984
1636242420,+3.48,+14.694, +4.778,+0.984
1636242480,+3.48,+14.719, +4.800,+0.984
1636242540,+3.48,+14.702, +4.823,+0.984
1636242600,+3.48,+14.719, +4.833,+0.984
1636242660,+3.48,+14.711, +4.850,+0.984
1636242720,+3.48,+14.719, +4.857,+0.984
1636242780,+3.48,+14.711, +4.871,+0.984
1636242840,+3.48,+14.719, +4.872,+0.984
1636242900,+3.48,+14.711, +4.886,+0.984
1636242960,+3.48,+14.694, +4.895,+0.984
1636243020,+3.48,+14.719, +4.902,+0.984
1636243080,+3.48,+14.702, +4.920,+0.984
1636243140,+3.48,+14.694, +4.942,+0.984
1636243200,+3.48,+14.685, +4.954,+0.984
1636243260,+3.48,+14.711, +4.953,+0.984
1636243320,+3.48,+14.685, +4.959,+0.984
1636243380,+3.48,+14.676, +4.965,+0.984
1636243440,+3.48,+14.694, +4.966,+0.984
1636243500,+3.48,+14.685, +4.973,+0.984
1636243560,+3.48,+14.676, +4.985,+0.984
1636243620,+3.48,+14.711, +4.975,+0.984
1636243680,+3.48,+14.702, +4.984,+0.984
1636243740,+3.48,+14.694, +4.985,+0.984
1636243800,+3.48,+14.694, +4.983,+0.984
1636243860,+3.48,+14.694, +4.988,+0.984
1636243920,+3.48,+14.685, +5.001,+0.984
1636243980,+3.48,+14.685, +5.017,+0.984
1636244040,+3.48,+14.685, +5.032,+0.984
1636244100,+3.48,+14.685, +5.044,+0.984
1636244160,+3.48,+14.659, +5.053,+0.984
1636244220,+3.48,+14.676, +5.052,+0.984
1636244280,+3.48,+14.694, +5.051,+0.984
1636244340,+3.48,+14.702, +5.036,+0.983
1636244400,+3.48,+14.694, +5.037,+0.984
1636244460,+3.48,+14.702, +5.037,+0.984
1636244520,+3.48,+14.702, +5.027,+0.983
1636244580,+3.48,+14.702, +5.030,+0.984
1636244640,+3.48,+14.676, +5.029,+0.984
1636244700,+3.48,+14.685, +5.025,+0.984
1636244760,+3.48,+14.676, +5.026,+0.984
1636244820,+3.48,+14.694, +5.021,+0.983
1636244880,+3.48,+14.694, +5.029,+0.984
1636244940,+3.48,+14.668, +5.030,+0.983
1636245000,+3.48,+14.676, +5.032,+0.984
1636245060,+3.48,+14.685, +5.036,+0.984
1636245120,+3.48,+14.676, +5.041,+0.984
1636245180,+3.48,+14.668, +5.043,+0.984
1636245240,+3.48,+14.668, +5.040,+0.984
1636245300,+3.48,+14.650, +5.067,+0.984
1636245360,+3.48,+14.685, +5.088,+0.984
1636245420,+3.48,+14.668, +5.069,+0.984
1636245480,+3.48,+14.685, +5.026,+0.984
1636245540,+3.48,+14.694, +4.983,+0.983
1636245600,+3.48,+14.668, +4.968,+0.983
1636245660,+3.48,+14.685, +4.974,+0.983
1636245720,+3.48,+14.685, +4.995,+0.983
1636245780,+3.48,+14.694, +5.012,+0.984
1636245840,+3.48,+14.676, +5.021,+0.984
1636245900,+3.48,+14.694, +5.022,+0.984
1636245960,+3.48,+14.685, +5.023,+0.984
1636246020,+3.48,+14.668, +5.024,+0.984
1636246080,+3.48,+14.676, +5.020,+0.984
1636246140,+3.48,+14.676, +5.008,+0.984
1636246200,+3.48,+14.702, +4.992,+0.984
1636246260,+3.48,+14.685, +4.980,+0.984
1636246320,+3.48,+14.676, +4.974,+0.984
1636246380,+3.48,+14.685, +4.971,+0.984
1636246440,+3.48,+14.702, +4.959,+0.983
1636246500,+3.48,+14.694, +4.970,+0.984
1636246560,+3.48,+14.676, +4.976,+0.984
1636246620,+3.48,+14.685, +4.980,+0.984
1636246680,+3.48,+14.685, +5.003,+0.984
1636246740,+3.48,+14.685, +5.038,+0.984
1636246800,+3.48,+14.676, +5.059,+0.983
1636246860,+3.48,+14.676, +5.071,+0.983
1636246920,+3.48,+14.694, +5.075,+0.984
1636246980,+3.48,+14.668, +5.086,+0.983
1636247040,+3.48,+14.694, +5.088,+0.983
1636247100,+3.48,+14.685, +5.089,+0.983
1636247160,+3.48,+14.676, +5.090,+0.983
1636247220,+3.48,+14.659, +5.087,+0.983
1636247280,+3.48,+14.676, +5.073,+0.984
1636247340,+3.48,+14.685, +5.059,+0.984
1636247400,+3.48,+14.685, +5.046,+0.983
1636247460,+3.48,+14.685, +5.050,+0.983
1636247520,+3.47,+14.659, +5.052,+0.984
1636247580,+3.48,+14.685, +5.047,+0.983
1636247640,+3.48,+14.685, +5.041,+0.983
1636247700,+3.48,+14.694, +5.047,+0.984
1636247760,+3.48,+14.702, +5.039,+0.983
1636247820,+3.47,+14.676, +5.030,+0.983
1636247880,+3.47,+14.668, +5.019,+0.984
1636247940,+3.47,+14.676, +5.017,+0.983
1636248000,+3.48,+14.685, +5.033,+0.984
1636248060,+3.47,+14.685, +5.066,+0.984
1636248120,+3.47,+14.676, +5.098,+0.984
1636248180,+3.48,+14.685, +5.100,+0.983
1636248240,+3.47,+14.676, +5.112,+0.983
1636248300,+3.47,+14.668, +5.133,+0.983
1636248360,+3.47,+14.668, +5.151,+0.983
1636248420,+3.47,+14.668, +5.153,+0.983
1636248480,+3.47,+14.685, +5.169,+0.983
1636248540,+3.47,+14.659, +5.197,+0.983
1636248600,+3.47,+14.694, +5.220,+0.983
1636248660,+3.47,+14.668, +5.257,+0.983
1636248720,+3.47,+14.676, +5.296,+0.983
1636248780,+3.47,+14.659, +5.359,+0.983
1636248840,+3.47,+14.676, +5.383,+0.983
1636248900,+3.47,+14.676, +5.412,+0.983
1636248960,+3.47,+14.694, +5.431,+0.983
1636249020,+3.47,+14.685, +5.449,+0.984
1636249080,+3.47,+14.685, +5.449,+0.983
1636249140,+3.47,+14.702, +5.445,+0.983
1636249200,+3.47,+14.694, +5.438,+0.983
1636249260,+3.47,+14.694, +5.419,+0.983
1636249320,+3.47,+14.702, +5.393,+0.983
1636249380,+3.47,+14.694, +5.363,+0.983
1636249440,+3.47,+14.702, +5.340,+0.983
1636249500,+3.47,+14.694, +5.319,+0.983
1636249560,+3.47,+14.702, +5.293,+0.983
1636249620,+3.47,+14.694, +5.260,+0.983
1636249680,+3.47,+14.702, +5.224,+0.983
1636249740,+3.47,+14.702, +5.193,+0.983
1636249800,+3.47,+14.719, +5.165,+0.983
1636249860,+3.47,+14.711, +5.137,+0.983
1636249920,+3.47,+14.711, +5.108,+0.983
1636249980,+3.47,+14.702, +5.086,+0.983
1636250040,+3.47,+14.719, +5.048,+0.983
1636250100,+3.47,+14.702, +5.036,+0.984
1636250160,+3.47,+14.719, +5.032,+0.983
1636250220,+3.47,+14.711, +5.055,+0.983
1636250280,+3.47,+14.737, +5.053,+0.983
1636250340,+3.47,+14.737, +5.060,+0.983
1636250400,+3.47,+14.728, +5.068,+0.983
1636250460,+3.47,+14.728, +5.080,+0.983
1636250520,+3.47,+14.728, +5.086,+0.983
1636250580,+3.47,+14.728, +5.088,+0.983
1636250640,+3.47,+14.728, +5.080,+0.983
1636250700,+3.47,+14.737, +5.079,+0.983
1636250760,+3.47,+14.728, +5.085,+0.983
1636250820,+3.47,+14.719, +5.083,+0.983
1636250880,+3.47,+14.728, +5.075,+0.983
1636250940,+3.47,+14.737, +5.057,+0.983
1636251000,+3.47,+14.737, +5.051,+0.983
1636251060,+3.47,+14.737, +5.050,+0.983
1636251120,+3.47,+14.737, +5.050,+0.983
1636251180,+3.47,+14.711, +5.057,+0.983
1636251240,+3.47,+14.719, +5.049,+0.983
1636251300,+3.47,+14.737, +5.042,+0.983
1636251360,+3.47,+14.711, +5.038,+0.983
1636251420,+3.47,+14.711, +5.013,+0.983
1636251480,+3.47,+14.702, +4.983,+0.983
1636251540,+3.47,+14.719, +4.941,+0.983
1636251600,+3.47,+14.711, +4.916,+0.983
1636251660,+3.47,+14.728, +4.897,+0.983
1636251720,+3.47,+14.702, +4.892,+0.983
1636251780,+3.47,+14.702, +4.895,+0.983
1636251840,+3.47,+14.702, +4.903,+0.983
1636251900,+3.47,+14.711, +4.911,+0.983
1636251960,+3.47,+14.685, +4.942,+0.983
1636252020,+3.47,+14.694, +4.986,+0.983
1636252080,+3.47,+14.685, +4.979,+0.983
1636252140,+3.47,+14.694, +4.972,+0.983
1636252200,+3.47,+14.702, +4.991,+0.983
1636252260,+3.47,+14.668, +4.999,+0.983
1636252320,+3.47,+14.676, +4.981,+0.983
1636252380,+3.47,+14.685, +4.973,+0.983
1636252440,+3.47,+14.685, +4.964,+0.983
1636252500,+3.47,+14.676, +4.962,+0.983
1636252560,+3.47,+14.694, +4.958,+0.983
1636252620,+3.47,+14.676, +4.952,+0.983
1636252680,+3.47,+14.702, +4.927,+0.983
1636252740,+3.47,+14.676, +4.920,+0.983
1636252800,+3.47,+14.685, +4.920,+0.983
1636252860,+3.47,+14.685, +4.945,+0.983
1636252920,+3.47,+14.676, +4.965,+0.983
1636252980,+3.47,+14.685, +4.971,+0.983
1636253040,+3.47,+14.685, +4.977,+0.983
1636253100,+3.47,+14.694, +4.994,+0.983
1636253160,+3.47,+14.694, +5.028,+0.983
1636253220,+3.47,+14.685, +5.055,+0.983
1636253280,+3.47,+14.685, +5.073,+0.983
1636253340,+3.47,+14.685, +5.096,+0.983
1636253400,+3.47,+14.685, +5.096,+0.983
1636253460,+3.47,+14.694, +5.080,+0.983
1636253520,+3.47,+14.676, +5.081,+0.983
1636253580,+3.47,+14.676, +5.070,+0.983
1636253640,+3.47,+14.685, +5.054,+0.983
1636253700,+3.47,+14.685, +5.049,+0.983
1636253760,+3.47,+14.694, +5.040,+0.983
1636253820,+3.47,+14.694, +5.033,+0.983
1636253880,+3.47,+14.728, +5.031,+0.983
1636253940,+3.47,+14.711, +5.033,+0.983
1636254000,+3.47,+14.737, +5.028,+0.983
1636254060,+3.47,+14.719, +5.043,+0.983
1636254120,+3.47,+14.737, +5.057,+0.983
1636254180,+3.47,+14.754, +5.063,+0.983
1636254240,+3.47,+14.754, +5.075,+0.983
1636254300,+3.47,+14.728, +5.094,+0.983
1636254360,+3.47,+14.737, +5.103,+0.983
1636254420,+3.47,+14.737, +5.142,+0.983
1636254480,+3.47,+14.737, +5.177,+0.983
1636254540,+3.47,+14.745, +5.211,+0.983
1636254600,+3.47,+14.737, +5.235,+0.983
1636254660,+3.47,+14.754, +5.241,+0.982
1636254720,+3.47,+14.737, +5.263,+0.983
1636254780,+3.47,+14.754, +5.267,+0.983
1636254840,+3.47,+14.737, +5.265,+0.983
1636254900,+3.47,+14.737, +5.269,+0.983
1636254960,+3.47,+14.719, +5.270,+0.983
1636255020,+3.47,+14.719, +5.269,+0.983
1636255080,+3.47,+14.728, +5.272,+0.983
1636255140,+3.47,+14.711, +5.284,+0.983
1636255200,+3.47,+14.728, +5.284,+0.983
1636255260,+3.47,+14.694, +5.291,+0.983
1636255320,+3.47,+14.711, +5.287,+0.983
1636255380,+3.47,+14.737, +5.284,+0.983
1636255440,+3.47,+14.737, +5.288,+0.983
1636255500,+3.47,+14.754, +5.283,+0.983
1636255560,+3.47,+14.745, +5.277,+0.982
1636255620,+3.47,+14.737, +5.278,+0.983
1636255680,+3.47,+14.745, +5.275,+0.983
1636255740,+3.47,+14.728, +5.276,+0.983
1636255800,+3.47,+14.737, +5.265,+0.983
1636255860,+3.47,+14.737, +5.257,+0.983
1636255920,+3.47,+14.745, +5.240,+0.983
1636255980,+3.47,+14.745, +5.230,+0.982
1636256040,+3.47,+14.754, +5.224,+0.983
1636256100,+3.47,+14.745, +5.217,+0.982
1636256160,+3.47,+14.771, +5.218,+0.983
1636256220,+3.47,+14.754, +5.224,+0.983
1636256280,+3.47,+14.788, +5.223,+0.983
1636256340,+3.47,+14.763, +5.234,+0.983
1636256400,+3.47,+14.780, +5.234,+0.983
1636256460,+3.47,+14.763, +5.242,+0.983
1636256520,+3.47,+14.771, +5.238,+0.983
1636256580,+3.47,+14.763, +5.239,+0.982
1636256640,+3.47,+14.754, +5.245,+0.983
1636256700,+3.47,+14.754, +5.238,+0.983
1636256760,+3.47,+14.728, +5.235,+0.983
1636256820,+3.47,+14.728, +5.224,+0.982
1636256880,+3.47,+14.711, +5.217,+0.983
1636256940,+3.47,+14.719, +5.208,+0.983
1636257000,+3.47,+14.685, +5.212,+0.983
1636257060,+3.47,+14.719, +5.203,+0.983
1636257120,+3.47,+14.685, +5.209,+0.983
1636257180,+3.47,+14.694, +5.203,+0.982
1636257240,+3.47,+14.668, +5.226,+0.983
1636257300,+3.47,+14.685, +5.256,+0.983
1636257360,+3.47,+14.676, +5.299,+0.983
1636257420,+3.47,+14.659, +5.322,+0.983
1636257480,+3.47,+14.650, +5.328,+0.982
1636257540,+3.47,+14.668, +5.330,+0.983
1636257600,+3.47,+14.668, +5.334,+0.983
1636257660,+3.47,+14.668, +5.331,+0.982
1636257720,+3.47,+14.668, +5.325,+0.983
1636257780,+3.47,+14.668, +5.324,+0.983
1636257840,+3.47,+14.659, +5.323,+0.983
1636257900,+3.47,+14.676, +5.322,+0.982
1636257960,+3.47,+14.676, +5.333,+0.983
1636258020,+3.47,+14.668, +5.342,+0.983
1636258080,+3.47,+14.676, +5.327,+0.982
1636258140,+3.47,+14.676, +5.319,+0.983
1636258200,+3.47,+14.676, +5.316,+0.983
1636258260,+3.47,+14.676, +5.314,+0.983
1636258320,+3.47,+14.685, +5.312,+0.982
1636258380,+3.47,+14.668, +5.321,+0.983
1636258440,+3.47,+14.676, +5.320,+0.983
1636258500,+3.47,+14.694, +5.316,+0.983
1636258560,+3.47,+14.694, +5.303,+0.982
1636258620,+3.47,+14.676, +5.304,+0.983
1636258680,+3.47,+14.702, +5.297,+0.982
1636258740,+3.47,+14.694, +5.302,+0.982
1636258800,+3.47,+14.702, +5.300,+0.983
1636258860,+3.47,+14.685, +5.296,+0.982
1636258920,+3.47,+14.676, +5.296,+0.983
1636258980,+3.47,+14.685, +5.286,+0.983
1636259040,+3.47,+14.694, +5.291,+0.982
1636259100,+3.47,+14.694, +5.306,+0.983
1636259160,+3.47,+14.702, +5.312,+0.982
1636259220,+3.47,+14.668, +5.324,+0.983
1636259280,+3.47,+14.702, +5.319,+0.983
1636259340,+3.47,+14.676, +5.326,+0.983
1636259400,+3.47,+14.685, +5.324,+0.983
1636259460,+3.47,+14.694, +5.325,+0.983
1636259520,+3.47,+14.711, +5.315,+0.982
1636259580,+3.47,+14.685, +5.325,+0.983
1636259640,+3.47,+14.694, +5.317,+0.982
1636259700,+3.47,+14.702, +5.364,+0.982
1636259760,+3.47,+14.676, +5.401,+0.983
1636259820,+3.47,+14.685, +5.411,+0.982
1636259880,+3.47,+14.685, +5.415,+0.982
1636259940,+3.47,+14.694, +5.407,+0.982
1636260000,+3.47,+14.685, +5.402,+0.982
1636260060,+3.47,+14.668, +5.411,+0.983
1636260120,+3.46,+14.702, +5.410,+0.982
1636260180,+3.47,+14.676, +5.426,+0.983
1636260240,+3.46,+14.668, +5.429,+0.982
1636260300,+3.46,+14.685, +5.431,+0.982
1636260360,+3.46,+14.676, +5.433,+0.982
1636260420,+3.46,+14.668, +5.437,+0.983
1636260480,+3.46,+14.676, +5.442,+0.982
1636260540,+3.46,+14.668, +5.448,+0.982
1636260600,+3.46,+14.668, +5.449,+0.982
1636260660,+3.46,+14.676, +5.448,+0.982
1636260720,+3.46,+14.668, +5.486,+0.983
1636260780,+3.46,+14.676, +5.512,+0.982
1636260840,+3.46,+14.685, +5.538,+0.982
1636260900,+3.46,+14.659, +5.563,+0.983
1636260960,+3.46,+14.659, +5.576,+0.983
1636261020,+3.46,+14.685, +5.568,+0.982
1636261080,+3.46,+14.659, +5.557,+0.982
1636261140,+3.46,+14.668, +5.574,+0.982
1636261200,+3.46,+14.694, +5.592,+0.982
1636261260,+3.46,+14.685, +5.612,+0.982
1636261320,+3.46,+14.676, +5.650,+0.982
1636261380,+3.46,+14.685, +5.684,+0.982
1636261440,+3.46,+14.676, +5.695,+0.982
1636261500,+3.46,+14.694, +5.697,+0.982
1636261560,+3.46,+14.685, +5.708,+0.982
1636261620,+3.46,+14.685, +5.712,+0.982
1636261680,+3.46,+14.694, +5.709,+0.982
1636261740,+3.46,+14.685, +5.736,+0.982
1636261800,+3.46,+14.685, +5.767,+0.983
1636261860,+3.46,+14.676, +5.774,+0.982
1636261920,+3.46,+14.676, +5.757,+0.982
1636261980,+3.46,+14.702, +5.741,+0.982
1636262040,+3.46,+14.685, +5.744,+0.982
1636262100,+3.46,+14.702, +5.733,+0.982
1636262160,+3.46,+14.711, +5.725,+0.982
1636262220,+3.46,+14.694, +5.727,+0.982
1636262280,+3.46,+14.694, +5.723,+0.982
1636262340,+3.46,+14.694, +5.702,+0.982
1636262400,+3.46,+14.685, +5.697,+0.982
1636262460,+3.46,+14.711, +5.659,+0.982
1636262520,+3.46,+14.694, +5.609,+0.982
1636262580,+3.46,+14.719, +5.558,+0.982
1636262640,+3.46,+14.728, +5.518,+0.982
1636262700,+3.46,+14.728, +5.493,+0.983
1636262760,+3.46,+14.728, +5.464,+0.982
1636262820,+3.46,+14.728, +5.447,+0.982
1636262880,+3.46,+14.745, +5.416,+0.982
1636262940,+3.46,+14.763, +5.381,+0.982
1636263000,+3.46,+14.754, +5.351,+0.982
1636263060,+3.46,+14.737, +5.315,+0.982
1636263120,+3.46,+14.745, +5.279,+0.982
1636263180,+3.46,+14.745, +5.258,+0.983
1636263240,+3.46,+14.754, +5.235,+0.983
1636263300,+3.46,+14.745, +5.218,+0.983
1636263360,+3.46,+14.737, +5.195,+0.982
1636263420,+3.46,+14.754, +5.178,+0.982
1636263480,+3.46,+14.745, +5.176,+0.982
1636263540,+3.46,+14.754, +5.188,+0.982
1636263600,+3.46,+14.745, +5.215,+0.982
1636263660,+3.46,+14.754, +5.232,+0.982
1636263720,+3.46,+14.737, +5.250,+0.982
1636263780,+3.46,+14.745, +5.244,+0.982
1636263840,+3.46,+14.737, +5.236,+0.982
1636263900,+3.46,+14.754, +5.222,+0.982
1636263960,+3.46,+14.754, +5.205,+0.982
1636264020,+3.46,+14.771, +5.193,+0.982
1636264080,+3.46,+14.737, +5.189,+0.982
1636264140,+3.46,+14.737, +5.177,+0.982
1636264200,+3.46,+14.745, +5.169,+0.982
1636264260,+3.46,+14.745, +5.163,+0.982
1636264320,+3.46,+14.737, +5.156,+0.982
1636264380,+3.46,+14.745, +5.152,+0.982
1636264440,+3.46,+14.745, +5.143,+0.982
1636264500,+3.46,+14.754, +5.137,+0.982
1636264560,+3.46,+14.728, +5.139,+0.983
1636264620,+3.46,+14.754, +5.125,+0.982
1636264680,+3.46,+14.745, +5.116,+0.982
1636264740,+3.46,+14.763, +5.105,+0.982
1636264800,+3.46,+14.728, +5.114,+0.982
1636264860,+3.46,+14.745, +5.116,+0.982
1636264920,+3.46,+14.763, +5.127,+0.982
1636264980,+3.46,+14.754, +5.155,+0.982
1636265040,+3.46,+14.745, +5.180,+0.983
1636265100,+3.46,+14.737, +5.194,+0.982
1636265160,+3.46,+14.737, +5.206,+0.982
1636265220,+3.46,+14.737, +5.207,+0.982
1636265280,+3.46,+14.728, +5.204,+0.982
1636265340,+3.46,+14.719, +5.201,+0.982
1636265400,+3.46,+14.702, +5.208,+0.982
1636265460,+3.46,+14.728, +5.215,+0.982
1636265520,+3.46,+14.711, +5.234,+0.982
1636265580,+3.46,+14.719, +5.237,+0.982
1636265640,+3.46,+14.711, +5.259,+0.982
1636265700,+3.46,+14.728, +5.254,+0.982
1636265760,+3.46,+14.711, +5.215,+0.982
1636265820,+3.46,+14.728, +5.193,+0.982
1636265880,+3.46,+14.728, +5.169,+0.982
1636265940,+3.46,+14.745, +5.151,+0.982
1636266000,+3.46,+14.745, +5.133,+0.982
1636266060,+3.46,+14.737, +5.125,+0.983
1636266120,+3.46,+14.754, +5.123,+0.982
1636266180,+3.46,+14.745, +5.121,+0.983
1636266240,+3.46,+14.763, +5.113,+0.982
1636266300,+3.46,+14.737, +5.101,+0.982
1636266360,+3.46,+14.771, +5.093,+0.982
1636266420,+3.46,+14.771, +5.097,+0.982
1636266480,+3.46,+14.754, +5.098,+0.982
1636266540,+3.46,+14.780, +5.077,+0.982
1636266600,+3.46,+14.754, +5.062,+0.983
1636266660,+3.46,+14.763, +5.048,+0.982
1636266720,+3.46,+14.771, +5.044,+0.982
1636266780,+3.46,+14.763, +5.044,+0.982
1636266840,+3.46,+14.763, +5.040,+0.982
1636266900,+3.46,+14.780, +5.036,+0.982
1636266960,+3.46,+14.780, +5.026,+0.982
1636267020,+3.46,+14.771, +5.028,+0.982
1636267080,+3.46,+14.771, +5.032,+0.982
1636267140,+3.46,+14.780, +5.032,+0.982
1636267200,+3.46,+14.771, +5.041,+0.983
1636267260,+3.46,+14.763, +5.041,+0.983
1636267320,+3.46,+14.771, +5.035,+0.982
1636267380,+3.46,+14.771, +5.035,+0.982
1636267440,+3.46,+14.763, +5.031,+0.982
1636267500,+3.46,+14.780, +5.029,+0.982
1636267560,+3.46,+14.771, +5.037,+0.982
1636267620,+3.46,+14.763, +5.041,+0.982
1636267680,+3.46,+14.771, +5.045,+0.982
1636267740,+3.46,+14.771, +5.047,+0.982
1636267800,+3.46,+14.754, +5.050,+0.982
1636267860,+3.46,+14.754, +5.053,+0.982
1636267920,+3.46,+14.763, +5.048,+0.982
1636267980,+3.46,+14.754, +5.053,+0.982
1636268040,+3.46,+14.754, +5.065,+0.982
1636268100,+3.46,+14.737, +5.086,+0.982
1636268160,+3.46,+14.737, +5.100,+0.982
1636268220,+3.46,+14.728, +5.117,+0.982
1636268280,+3.46,+14.728, +5.133,+0.982
1636268340,+3.46,+14.719, +5.158,+0.982
1636268400,+3.46,+14.728, +5.181,+0.982
1636268460,+3.46,+14.728, +5.189,+0.982
1636268520,+3.46,+14.737, +5.196,+0.982
1636268580,+3.46,+14.745, +5.193,+0.982
1636268640,+3.46,+14.745, +5.202,+0.983
1636268700,+3.46,+14.737, +5.193,+0.982
1636268760,+3.46,+14.737, +5.200,+0.982
1636268820,+3.46,+14.737, +5.197,+0.982
1636268880,+3.46,+14.745, +5.195,+0.982
1636268940,+3.46,+14.763, +5.183,+0.982
1636269000,+3.46,+14.754, +5.173,+0.982
1636269060,+3.46,+14.771, +5.164,+0.982
1636269120,+3.46,+14.745, +5.171,+0.982
1636269180,+3.46,+14.763, +5.163,+0.982
1636269240,+3.46,+14.771, +5.141,+0.982
1636269300,+3.46,+14.780, +5.115,+0.982
1636269360,+3.46,+14.780, +5.085,+0.982
1636269420,+3.46,+14.771, +5.064,+0.982
1636269480,+3.46,+14.771, +5.052,+0.982
1636269540,+3.46,+14.754, +5.048,+0.982
1636269600,+3.46,+14.763, +5.041,+0.982
1636269660,+3.46,+14.771, +5.042,+0.982
1636269720,+3.46,+14.754, +5.046,+0.982
1636269780,+3.46,+14.754, +5.059,+0.982
1636269840,+3.46,+14.745, +5.076,+0.982
1636269900,+3.46,+14.728, +5.085,+0.982
1636269960,+3.46,+14.763, +5.080,+0.982
1636270020,+3.46,+14.737, +5.074,+0.982
1636270080,+3.46,+14.745, +5.059,+0.982
1636270140,+3.46,+14.754, +5.053,+0.982
1636270200,+3.46,+14.754, +5.044,+0.982
1636270260,+3.46,+14.745, +5.050,+0.982
1636270320,+3.46,+14.754, +5.056,+0.982
1636270380,+3.46,+14.754, +5.057,+0.982
1636270440,+3.46,+14.754, +5.064,+0.982
1636270500,+3.46,+14.745, +5.063,+0.982
1636270560,+3.46,+14.763, +5.054,+0.982
1636270620,+3.46,+14.763, +5.041,+0.982
1636270680,+3.46,+14.763, +5.015,+0.982
1636270740,+3.46,+14.780, +4.978,+0.982
1636270800,+3.46,+14.788, +4.943,+0.982
1636270860,+3.46,+14.771, +4.900,+0.982
1636270920,+3.46,+14.754, +4.863,+0.982
1636270980,+3.46,+14.780, +4.817,+0.982
1636271040,+3.46,+14.788, +4.787,+0.982
1636271100,+3.46,+14.797, +4.752,+0.982
1636271160,+3.46,+14.788, +4.732,+0.982
1636271220,+3.46,+14.780, +4.731,+0.983
1636271280,+3.46,+14.788, +4.726,+0.982
1636271340,+3.46,+14.754, +4.732,+0.982
1636271400,+3.46,+14.754, +4.744,+0.982
1636271460,+3.46,+14.754, +4.809,+0.982
1636271520,+3.46,+14.763, +4.878,+0.982
1636271580,+3.46,+14.771, +4.944,+0.982
1636271640,+3.46,+14.788, +4.999,+0.982
1636271700,+3.46,+14.780, +5.015,+0.982
1636271760,+3.46,+14.780, +5.023,+0.982
1636271820,+3.46,+14.788, +5.014,+0.982
1636271880,+3.46,+14.771, +5.008,+0.982
1636271940,+3.46,+14.771, +5.003,+0.982
1636272000,+3.46,+14.771, +4.990,+0.982
1636272060,+3.46,+14.780, +4.982,+0.982
1636272120,+3.46,+14.771, +4.949,+0.982
1636272180,+3.46,+14.771, +4.899,+0.982
1636272240,+3.46,+14.780, +4.853,+0.982
1636272300,+3.46,+14.771, +4.834,+0.982
1636272360,+3.46,+14.780, +4.813,+0.982
1636272420,+3.46,+14.771, +4.802,+0.982
1636272480,+3.46,+14.763, +4.800,+0.982
1636272540,+3.46,+14.754, +4.804,+0.982
1636272600,+3.46,+14.771, +4.830,+0.982
1636272660,+3.46,+14.754, +4.867,+0.982
1636272720,+3.46,+14.771, +4.898,+0.982
1636272780,+3.46,+14.754, +4.937,+0.982
1636272840,+3.46,+14.771, +4.956,+0.982
1636272900,+3.46,+14.728, +4.981,+0.982
1636272960,+3.46,+14.728, +4.992,+0.982
1636273020,+3.46,+14.728, +5.002,+0.982
1636273080,+3.46,+14.737, +5.009,+0.982
1636273140,+3.46,+14.737, +5.013,+0.982
1636273200,+3.46,+14.711, +5.021,+0.982
1636273260,+3.46,+14.737, +5.020,+0.982
1636273320,+3.45,+14.728, +5.023,+0.982
1636273380,+3.46,+14.719, +5.023,+0.982
1636273440,+3.46,+14.728, +5.016,+0.982
1636273500,+3.46,+14.728, +5.005,+0.982
1636273560,+3.46,+14.719, +4.989,+0.982
1636273620,+3.46,+14.728, +4.986,+0.982
1636273680,+3.46,+14.737, +4.978,+0.982
1636273740,+3.46,+14.719, +4.980,+0.982
1636273800,+3.45,+14.728, +4.982,+0.982
1636273860,+3.46,+14.719, +4.985,+0.982
1636273920,+3.46,+14.719, +4.993,+0.982
1636273980,+3.45,+14.702, +5.000,+0.982
1636274040,+3.46,+14.728, +4.998,+0.982
1636274100,+3.45,+14.702, +5.034,+0.982
1636274160,+3.46,+14.711, +5.066,+0.982
1636274220,+3.46,+14.719, +5.095,+0.982
1636274280,+3.46,+14.702, +5.113,+0.982
1636274340,+3.46,+14.719, +5.124,+0.982
1636274400,+3.45,+14.702, +5.146,+0.982
1636274460,+3.45,+14.711, +5.154,+0.982
1636274520,+3.46,+14.702, +5.155,+0.982
1636274580,+3.45,+14.702, +5.156,+0.982
1636274640,+3.45,+14.711, +5.151,+0.981
1636274700,+3.46,+14.711, +5.165,+0.982
1636274760,+3.45,+14.719, +5.153,+0.982
1636274820,+3.45,+14.728, +5.137,+0.982
1636274880,+3.45,+14.728, +5.125,+0.982
1636274940,+3.45,+14.745, +5.110,+0.982
1636275000,+3.45,+14.728, +5.104,+0.982
1636275060,+3.45,+14.737, +5.099,+0.982
1636275120,+3.45,+14.745, +5.100,+0.982
1636275180,+3.45,+14.745, +5.096,+0.982
1636275240,+3.45,+14.745, +5.093,+0.982
1636275300,+3.45,+14.737, +5.081,+0.982
1636275360,+3.45,+14.745, +5.064,+0.982
1636275420,+3.45,+14.719, +5.029,+0.982
1636275480,+3.45,+14.711, +5.005,+0.982
1636275540,+3.45,+14.745, +4.968,+0.982
1636275600,+3.45,+14.754, +4.933,+0.982
1636275660,+3.45,+14.745, +4.897,+0.982
1636275720,+3.45,+14.737, +4.859,+0.982
1636275780,+3.45,+14.737, +4.815,+0.982
1636275840,+3.45,+14.728, +4.789,+0.982
1636275900,+3.45,+14.745, +4.761,+0.982
1636275960,+3.45,+14.737, +4.743,+0.983
1636276020,+3.45,+14.754, +4.734,+0.982
1636276080,+3.45,+14.754, +4.766,+0.982
1636276140,+3.45,+14.737, +4.802,+0.982
1636276200,+3.45,+14.745, +4.807,+0.982
1636276260,+3.45,+14.745, +4.806,+0.982
1636276320,+3.45,+14.728, +4.813,+0.982
1636276380,+3.45,+14.745, +4.793,+0.982
1636276440,+3.45,+14.754, +4.784,+0.982
1636276500,+3.45,+14.754, +4.778,+0.982
1636276560,+3.45,+14.745, +4.782,+0.982
1636276620,+3.45,+14.737, +4.798,+0.982
1636276680,+3.45,+14.763, +4.798,+0.982
1636276740,+3.45,+14.745, +4.807,+0.982
1636276800,+3.45,+14.745, +4.810,+0.982
1636276860,+3.45,+14.771, +4.805,+0.982
1636276920,+3.45,+14.771, +4.801,+0.982
1636276980,+3.45,+14.754, +4.787,+0.982
1636277040,+3.45,+14.771, +4.781,+0.983
1636277100,+3.45,+14.771, +4.761,+0.982
1636277160,+3.45,+14.771, +4.740,+0.982
1636277220,+3.45,+14.780, +4.710,+0.982
1636277280,+3.45,+14.771, +4.684,+0.982
1636277340,+3.45,+14.763, +4.661,+0.982
1636277400,+3.45,+14.763, +4.652,+0.982
1636277460,+3.45,+14.780, +4.636,+0.982
1636277520,+3.45,+14.780, +4.616,+0.982
1636277580,+3.45,+14.763, +4.615,+0.982
1636277640,+3.45,+14.771, +4.611,+0.982
1636277700,+3.45,+14.771, +4.634,+0.982
1636277760,+3.45,+14.780, +4.653,+0.982
1636277820,+3.45,+14.780, +4.641,+0.982
1636277880,+3.45,+14.788, +4.643,+0.982
1636277940,+3.45,+14.797, +4.635,+0.982
1636278000,+3.45,+14.763, +4.617,+0.982
1636278060,+3.45,+14.763, +4.542,+0.982
1636278120,+3.45,+14.763, +4.481,+0.982
1636278180,+3.45,+14.797, +4.471,+0.982
1636278240,+3.45,+14.780, +4.480,+0.982
1636278300,+3.45,+14.771, +4.480,+0.982
1636278360,+3.45,+14.771, +4.490,+0.982
1636278420,+3.45,+14.763, +4.533,+0.982
1636278480,+3.45,+14.763, +4.549,+0.982
1636278540,+3.45,+14.763, +4.549,+0.982
1636278600,+3.45,+14.763, +4.541,+0.982
1636278660,+3.45,+14.780, +4.513,+0.982
1636278720,+3.45,+14.771, +4.494,+0.982
1636278780,+3.45,+14.771, +4.471,+0.982
1636278840,+3.45,+14.771, +4.451,+0.982
1636278900,+3.45,+14.771, +4.432,+0.982
1636278960,+3.45,+14.771, +4.415,+0.982
1636279020,+3.45,+14.763, +4.403,+0.982
1636279080,+3.45,+14.754, +4.405,+0.983
1636279140,+3.45,+14.771, +4.394,+0.982
1636279200,+3.45,+14.754, +4.389,+0.982
1636279260,+3.45,+14.763, +4.383,+0.982
1636279320,+3.45,+14.754, +4.391,+0.982
1636279380,+3.45,+14.745, +4.390,+0.982
1636279440,+3.45,+14.771, +4.389,+0.982
1636279500,+3.45,+14.745, +4.392,+0.982
1636279560,+3.45,+14.763, +4.399,+0.982
1636279620,+3.45,+14.737, +4.426,+0.982
1636279680,+3.45,+14.745, +4.470,+0.982
1636279740,+3.45,+14.745, +4.548,+0.982
1636279800,+3.45,+14.737, +4.664,+0.982
1636279860,+3.45,+14.728, +4.778,+0.982
1636279920,+3.45,+14.763, +4.871,+0.982
1636279980,+3.45,+14.754, +4.930,+0.982
1636280040,+3.45,+14.754, +4.948,+0.982
1636280100,+3.45,+14.754, +4.961,+0.982
1636280160,+3.45,+14.763, +4.971,+0.982
1636280220,+3.45,+14.754, +4.982,+0.982
1636280280,+3.45,+14.754, +4.991,+0.982
1636280340,+3.45,+14.754, +4.999,+0.982
1636280400,+3.45,+14.754, +5.016,+0.982
1636280460,+3.45,+14.763, +5.031,+0.982
1636280520,+3.45,+14.745, +5.052,+0.982
1636280580,+3.45,+14.763, +5.061,+0.981
1636280640,+3.45,+14.737, +5.080,+0.982
1636280700,+3.45,+14.763, +5.083,+0.982
1636280760,+3.45,+14.737, +5.088,+0.982
1636280820,+3.45,+14.763, +5.087,+0.982
1636280880,+3.45,+14.763, +5.073,+0.982
1636280940,+3.45,+14.745, +5.034,+0.982
1636281000,+3.45,+14.771, +4.984,+0.982
1636281060,+3.45,+14.763, +4.940,+0.982
1636281120,+3.45,+14.771, +4.904,+0.982
1636281180,+3.45,+14.763, +4.886,+0.982
1636281240,+3.45,+14.754, +4.873,+0.982
1636281300,+3.45,+14.763, +4.853,+0.982
1636281360,+3.45,+14.745, +4.872,+0.982
1636281420,+3.45,+14.763, +4.871,+0.982
1636281480,+3.45,+14.780, +4.850,+0.982
1636281540,+3.45,+14.763, +4.854,+0.982
1636281600,+3.45,+14.780, +4.855,+0.982
1636281660,+3.45,+14.754, +4.854,+0.982
1636281720,+3.45,+14.771, +4.841,+0.982
1636281780,+3.45,+14.771, +4.821,+0.982
1636281840,+3.45,+14.780, +4.787,+0.982
1636281900,+3.45,+14.763, +4.758,+0.982
1636281960,+3.45,+14.780, +4.720,+0.982
1636282020,+3.45,+14.780, +4.694,+0.982
1636282080,+3.45,+14.780, +4.667,+0.982
1636282140,+3.45,+14.780, +4.611,+0.982
1636282200,+3.45,+14.788, +4.539,+0.982
1636282260,+3.45,+14.780, +4.468,+0.982
1636282320,+3.45,+14.806, +4.399,+0.982
1636282380,+3.45,+14.788, +4.361,+0.982
1636282440,+3.45,+14.797, +4.340,+0.982
1636282500,+3.45,+14.788, +4.324,+0.982
1636282560,+3.45,+14.788, +4.316,+0.982
1636282620,+3.45,+14.780, +4.317,+0.982
1636282680,+3.45,+14.814, +4.323,+0.982
1636282740,+3.45,+14.788, +4.325,+0.982
1636282800,+3.45,+14.797, +4.318,+0.982
1636282860,+3.45,+14.797, +4.310,+0.982
1636282920,+3.45,+14.788, +4.303,+0.982
1636282980,+3.45,+14.797, +4.293,+0.982
1636283040,+3.45,+14.806, +4.266,+0.982
1636283100,+3.45,+14.823, +4.235,+0.982
1636283160,+3.45,+14.806, +4.204,+0.982
1636283220,+3.45,+14.814, +4.170,+0.982
1636283280,+3.45,+14.806, +4.155,+0.982
1636283340,+3.45,+14.806, +4.152,+0.982
1636283400,+3.45,+14.806, +4.155,+0.982
1636283460,+3.45,+14.806, +4.153,+0.982
1636283520,+3.45,+14.823, +4.136,+0.982
1636283580,+3.45,+14.823, +4.123,+0.982
1636283640,+3.45,+14.823, +4.113,+0.982
1636283700,+3.45,+14.823, +4.115,+0.982
1636283760,+3.45,+14.814, +4.122,+0.983
1636283820,+3.45,+14.823, +4.123,+0.982
1636283880,+3.45,+14.814, +4.128,+0.982
1636283940,+3.45,+14.806, +4.133,+0.982
1636284000,+3.45,+14.806, +4.186,+0.982
1636284060,+3.45,+14.788, +4.301,+0.982
1636284120,+3.45,+14.788, +4.380,+0.982
1636284180,+3.45,+14.771, +4.455,+0.982
1636284240,+3.45,+14.788, +4.499,+0.982
1636284300,+3.45,+14.788, +4.562,+0.982
1636284360,+3.45,+14.788, +4.610,+0.982
1636284420,+3.45,+14.780, +4.645,+0.982
1636284480,+3.45,+14.806, +4.684,+0.982
1636284540,+3.45,+14.780, +4.743,+0.982
1636284600,+3.45,+14.797, +4.782,+0.982
1636284660,+3.45,+14.771, +4.814,+0.982
1636284720,+3.45,+14.780, +4.835,+0.982
1636284780,+3.45,+14.771, +4.854,+0.982
1636284840,+3.45,+14.771, +4.868,+0.982
1636284900,+3.45,+14.771, +4.875,+0.982
1636284960,+3.45,+14.771, +4.875,+0.982
1636285020,+3.45,+14.754, +4.879,+0.982
1636285080,+3.45,+14.771, +4.877,+0.982
1636285140,+3.45,+14.771, +4.876,+0.982
1636285200,+3.45,+14.771, +4.872,+0.982
1636285260,+3.45,+14.780, +4.871,+0.982
1636285320,+3.45,+14.771, +4.868,+0.982
1636285380,+3.45,+14.745, +4.866,+0.982
1636285440,+3.45,+14.763, +4.855,+0.982
1636285500,+3.45,+14.754, +4.845,+0.982
1636285560,+3.45,+14.763, +4.835,+0.982
1636285620,+3.45,+14.763, +4.826,+0.982
1636285680,+3.45,+14.754, +4.837,+0.982
1636285740,+3.45,+14.771, +4.840,+0.982
1636285800,+3.45,+14.745, +4.861,+0.982
1636285860,+3.45,+14.754, +4.903,+0.982
1636285920,+3.45,+14.745, +4.962,+0.982
1636285980,+3.45,+14.763, +5.014,+0.982
1636286040,+3.45,+14.771, +5.037,+0.982
1636286100,+3.45,+14.754, +5.049,+0.982
1636286160,+3.45,+14.763, +5.044,+0.982
1636286220,+3.45,+14.771, +4.997,+0.982
1636286280,+3.45,+14.763, +4.977,+0.982
1636286340,+3.45,+14.780, +4.972,+0.982
1636286400,+3.45,+14.763, +4.965,+0.982
1636286460,+3.45,+14.763, +4.941,+0.982
1636286520,+3.45,+14.780, +4.890,+0.982
1636286580,+3.45,+14.771, +4.839,+0.982
1636286640,+3.45,+14.780, +4.785,+0.982
1636286700,+3.45,+14.788, +4.724,+0.982
1636286760,+3.45,+14.814, +4.625,+0.982
1636286820,+3.45,+14.823, +4.516,+0.982
1636286880,+3.45,+14.806, +4.422,+0.982
1636286940,+3.45,+14.806, +4.340,+0.982
1636287000,+3.45,+14.814, +4.297,+0.982
1636287060,+3.45,+14.797, +4.280,+0.982
1636287120,+3.45,+14.797, +4.261,+0.982
1636287180,+3.45,+14.806, +4.226,+0.982
1636287240,+3.45,+14.806, +4.177,+0.982
1636287300,+3.45,+14.806, +4.385,+0.982
1636287360,+3.45,+14.797, +4.497,+0.982
1636287420,+3.45,+14.806, +4.535,+0.982
1636287480,+3.45,+14.806, +4.562,+0.982
1636287540,+3.45,+14.780, +4.577,+0.982
1636287600,+3.45,+14.771, +4.588,+0.982
1636287660,+3.45,+14.763, +4.610,+0.982
1636287720,+3.45,+14.763, +4.634,+0.982
1636287780,+3.45,+14.771, +4.658,+0.982
1636287840,+3.45,+14.771, +4.676,+0.982
1636287900,+3.45,+14.788, +4.680,+0.982
1636287960,+3.45,+14.788, +4.690,+0.982
1636288020,+3.45,+14.771, +4.703,+0.982
1636288080,+3.45,+14.780, +4.689,+0.982
1636288140,+3.45,+14.771, +4.675,+0.982
1636288200,+3.45,+14.771, +4.657,+0.982
1636288260,+3.45,+14.780, +4.625,+0.982
1636288320,+3.45,+14.763, +4.603,+0.982
1636288380,+3.45,+14.780, +4.563,+0.982
1636288440,+3.45,+14.763, +4.559,+0.982
1636288500,+3.45,+14.763, +4.571,+0.982
1636288560,+3.45,+14.771, +4.598,+0.982
1636288620,+3.45,+14.754, +4.629,+0.982
1636288680,+3.45,+14.763, +4.654,+0.982
1636288740,+3.45,+14.745, +4.681,+0.982
1636288800,+3.45,+14.745, +4.707,+0.982
1636288860,+3.45,+14.754, +4.728,+0.982
1636288920,+3.45,+14.737, +4.748,+0.982
1636288980,+3.45,+14.728, +4.761,+0.982
1636289040,+3.45,+14.745, +4.760,+0.981
1636289100,+3.45,+14.737, +4.785,+0.982
1636289160,+3.45,+14.719, +4.831,+0.982
1636289220,+3.45,+14.737, +4.883,+0.982
1636289280,+3.45,+14.754, +4.928,+0.982
1636289340,+3.45,+14.745, +4.985,+0.982
1636289400,+3.45,+14.728, +5.015,+0.982
1636289460,+3.45,+14.737, +5.041,+0.982
1636289520,+3.45,+14.745, +5.092,+0.982
1636289580,+3.45,+14.754, +5.127,+0.981
1636289640,+3.45,+14.745, +5.149,+0.982
1636289700,+3.45,+14.763, +5.136,+0.982
1636289760,+3.45,+14.763, +5.130,+0.982
1636289820,+3.45,+14.754, +5.153,+0.982
1636289880,+3.45,+14.771, +5.156,+0.981
1636289940,+3.45,+14.771, +5.168,+0.982
1636290000,+3.45,+14.763, +5.177,+0.981
1636290060,+3.45,+14.745, +5.175,+0.982
1636290120,+3.45,+14.763, +5.140,+0.982
1636290180,+3.45,+14.780, +5.084,+0.981
1636290240,+3.45,+14.797, +5.008,+0.982
1636290300,+3.45,+14.780, +4.931,+0.982
1636290360,+3.45,+14.788, +4.864,+0.982
1636290420,+3.45,+14.771, +4.797,+0.982
1636290480,+3.45,+14.780, +4.734,+0.982
1636290540,+3.45,+14.788, +4.700,+0.982
1636290600,+3.45,+14.788, +4.547,+0.982
1636290660,+3.45,+14.771, +4.463,+0.982
1636290720,+3.45,+14.780, +4.537,+0.982
1636290780,+3.45,+14.780, +4.572,+0.982
1636290840,+3.45,+14.771, +4.592,+0.982
1636290900,+3.45,+14.771, +4.588,+0.982
1636290960,+3.45,+14.797, +4.555,+0.982
1636291020,+3.45,+14.780, +4.498,+0.982
1636291080,+3.45,+14.771, +4.470,+0.982
1636291140,+3.45,+14.780, +4.463,+0.982
1636291200,+3.45,+14.763, +4.475,+0.982
1636291260,+3.45,+14.771, +4.508,+0.982
1636291320,+3.45,+14.737, +4.550,+0.982
1636291380,+3.45,+14.771, +4.603,+0.982
1636291440,+3.45,+14.745, +4.733,+0.982
1636291500,+3.45,+14.745, +4.805,+0.981
1636291560,+3.45,+14.745, +4.870,+0.982
1636291620,+3.45,+14.728, +4.900,+0.982
1636291680,+3.45,+14.728, +4.918,+0.982
1636291740,+3.45,+14.711, +4.938,+0.982
1636291800,+3.45,+14.728, +4.947,+0.981
1636291860,+3.45,+14.719, +4.965,+0.982
1636291920,+3.45,+14.728, +4.975,+0.982
1636291980,+3.45,+14.728, +4.986,+0.982
1636292040,+3.45,+14.719, +5.030,+0.982
1636292100,+3.45,+14.711, +5.077,+0.982
1636292160,+3.45,+14.711, +5.114,+0.982
1636292220,+3.45,+14.719, +5.146,+0.982
1636292280,+3.45,+14.719, +5.149,+0.982
1636292340,+3.44,+14.737, +4.746,+0.982
1636292400,+3.44,+14.745, +4.665,+0.982
1636292460,+3.45,+14.745, +4.639,+0.981
1636292520,+3.44,+14.745, +4.628,+0.982
1636292580,+3.45,+14.771, +4.612,+0.982
1636292640,+3.44,+14.745, +4.602,+0.982
1636292700,+3.45,+14.745, +4.597,+0.982
1636292760,+3.44,+14.754, +4.640,+0.982
1636292820,+3.45,+14.745, +4.699,+0.982
1636292880,+3.44,+14.745, +4.745,+0.982
1636292940,+3.45,+14.737, +4.779,+0.982
1636293000,+3.45,+14.745, +4.804,+0.982
1636293060,+3.44,+14.719, +4.815,+0.982
1636293120,+3.44,+14.711, +4.814,+0.982
1636293180,+3.44,+14.737, +4.797,+0.982
1636293240,+3.44,+14.728, +4.794,+0.981
1636293300,+3.44,+14.737, +4.798,+0.982
1636293360,+3.44,+14.763, +4.786,+0.982
1636293420,+3.45,+14.745, +4.813,+0.982
1636293480,+3.45,+14.763, +4.859,+0.982
1636293540,+3.44,+14.763, +4.937,+0.981
1636293600,+3.45,+14.771, +5.047,+0.982
1636293660,+3.44,+14.763, +5.144,+0.982
1636293720,+3.44,+14.771, +5.189,+0.981
1636293780,+3.44,+14.771, +5.230,+0.982
1636293840,+3.45,+14.780, +5.249,+0.981
1636293900,+3.44,+14.754, +5.259,+0.982
1636293960,+3.45,+14.763, +5.277,+0.982
1636294020,+3.44,+14.754, +5.282,+0.981
1636294080,+3.44,+14.754, +5.260,+0.981
1636294140,+3.44,+14.745, +5.243,+0.982
1636294200,+3.44,+14.745, +5.237,+0.982
1636294260,+3.44,+14.745, +5.230,+0.982
1636294320,+3.44,+14.754, +5.213,+0.982
1636294380,+3.44,+14.763, +5.179,+0.982
1636294440,+3.44,+14.745, +5.139,+0.981
1636294500,+3.44,+14.763, +5.084,+0.981
1636294560,+3.44,+14.754, +5.040,+0.981
1636294620,+3.44,+14.745, +4.999,+0.982
1636294680,+3.44,+14.745, +4.968,+0.982
1636294740,+3.44,+14.745, +4.932,+0.982
1636294800,+3.44,+14.745, +4.899,+0.982
1636294860,+3.44,+14.754, +4.867,+0.982
1636294920,+3.44,+14.754, +4.827,+0.982
1636294980,+3.44,+14.754, +4.801,+0.982
1636295040,+3.44,+14.754, +4.785,+0.981
1636295100,+3.44,+14.763, +4.771,+0.982
1636295160,+3.44,+14.763, +4.765,+0.982
1636295220,+3.44,+14.763, +4.764,+0.982
1636295280,+3.44,+14.771, +4.764,+0.982
1636295340,+3.44,+14.763, +4.768,+0.982
1636295400,+3.44,+14.763, +4.767,+0.982
1636295460,+3.44,+14.763, +4.763,+0.982
1636295520,+3.44,+14.745, +4.762,+0.982
1636295580,+3.44,+14.771, +4.745,+0.982
1636295640,+3.44,+14.780, +4.682,+0.982
1636295700,+3.44,+14.771, +4.634,+0.982
1636295760,+3.44,+14.788, +4.612,+0.982
1636295820,+3.44,+14.788, +4.581,+0.982
1636295880,+3.44,+14.797, +4.500,+0.982
1636295940,+3.44,+14.823, +4.403,+0.982
1636296000,+3.44,+14.823, +4.269,+0.982
1636296060,+3.44,+14.840, +4.108,+0.982
1636296120,+3.44,+14.875, +4.050,+0.982
1636296180,+3.44,+14.866, +3.986,+0.982
1636296240,+3.44,+14.875, +3.949,+0.982
1636296300,+3.44,+14.875, +3.939,+0.982
1636296360,+3.44,+14.849, +3.937,+0.982
1636296420,+3.44,+14.866, +3.919,+0.982
1636296480,+3.44,+14.866, +3.957,+0.982
1636296540,+3.44,+14.866, +4.119,+0.982
1636296600,+3.44,+14.849, +4.194,+0.982
1636296660,+3.44,+14.849, +4.212,+0.982
1636296720,+3.44,+14.857, +4.315,+0.982
1636296780,+3.44,+14.857, +4.269,+0.982
1636296840,+3.44,+14.866, +4.131,+0.982
1636296900,+3.44,+14.857, +4.027,+0.982
1636296960,+3.44,+14.857, +3.944,+0.982
1636297020,+3.44,+14.857, +3.943,+0.982
1636297080,+3.44,+14.866, +3.928,+0.982
1636297140,+3.44,+14.857, +3.885,+0.982
1636297200,+3.44,+14.866, +3.826,+0.982
1636297260,+3.44,+14.875, +3.789,+0.982
1636297320,+3.44,+14.857, +3.784,+0.982
1636297380,+3.44,+14.849, +3.774,+0.982
1636297440,+3.44,+14.857, +3.772,+0.982
1636297500,+3.44,+14.857, +3.769,+0.982
1636297560,+3.44,+14.857, +3.758,+0.982
1636297620,+3.44,+14.866, +3.733,+0.982
1636297680,+3.44,+14.866, +3.708,+0.982
1636297740,+3.44,+14.849, +3.687,+0.982
1636297800,+3.44,+14.857, +3.657,+0.982
1636297860,+3.44,+14.840, +3.661,+0.982
1636297920,+3.44,+14.832, +3.716,+0.982
1636297980,+3.44,+14.832, +3.767,+0.982
1636298040,+3.44,+14.849, +3.799,+0.982
1636298100,+3.44,+14.840, +3.920,+0.982
1636298160,+3.44,+14.823, +3.992,+0.982
1636298220,+3.44,+14.806, +4.085,+0.982
1636298280,+3.44,+14.814, +4.151,+0.982
1636298340,+3.44,+14.788, +4.171,+0.982
1636298400,+3.44,+14.788, +4.193,+0.982
1636298460,+3.44,+14.780, +4.330,+0.982
1636298520,+3.44,+14.771, +4.419,+0.982
1636298580,+3.44,+14.780, +4.491,+0.982
1636298640,+3.44,+14.771, +4.529,+0.982
1636298700,+3.44,+14.780, +4.530,+0.982
1636298760,+3.44,+14.780, +4.523,+0.982
1636298820,+3.44,+14.780, +4.534,+0.982
1636298880,+3.44,+14.763, +4.609,+0.981
1636298940,+3.44,+14.754, +4.665,+0.982
1636299000,+3.44,+14.745, +4.644,+0.982
1636299060,+3.44,+14.754, +4.620,+0.982
1636299120,+3.44,+14.763, +4.608,+0.982
1636299180,+3.44,+14.737, +4.585,+0.982
1636299240,+3.44,+14.780, +4.550,+0.982
1636299300,+3.44,+14.788, +4.480,+0.982
1636299360,+3.44,+14.788, +4.341,+0.982
1636299420,+3.44,+14.797, +4.263,+0.982
1636299480,+3.44,+14.780, +4.233,+0.982
1636299540,+3.44,+14.806, +4.175,+0.982
1636299600,+3.44,+14.797, +4.094,+0.982
1636299660,+3.44,+14.823, +4.013,+0.982
1636299720,+3.44,+14.814, +4.059,+0.982
1636299780,+3.44,+14.814, +4.058,+0.982
1636299840,+3.44,+14.823, +3.994,+0.982
1636299900,+3.44,+14.832, +3.922,+0.982
1636299960,+3.44,+14.832, +3.858,+0.982
1636300020,+3.44,+14.814, +3.830,+0.982
1636300080,+3.44,+14.823, +3.846,+0.982
1636300140,+3.44,+14.832, +3.859,+0.982
1636300200,+3.44,+14.814, +3.888,+0.982
1636300260,+3.44,+14.823, +3.914,+0.982
1636300320,+3.44,+14.814, +3.960,+0.982
1636300380,+3.44,+14.806, +3.986,+0.982
1636300440,+3.44,+14.823, +4.059,+0.982
1636300500,+3.44,+14.797, +4.131,+0.982
1636300560,+3.44,+14.771, +4.186,+0.982
1636300620,+3.44,+14.788, +4.222,+0.982
1636300680,+3.44,+14.797, +4.248,+0.982
1636300740,+3.44,+14.814, +4.249,+0.982
1636300800,+3.44,+14.797, +4.236,+0.982
1636300860,+3.44,+14.806, +4.263,+0.982
1636300920,+3.44,+14.806, +4.291,+0.982
1636300980,+3.44,+14.771, +4.368,+0.982
1636301040,+3.44,+14.780, +4.472,+0.981
1636301100,+3.44,+14.771, +4.544,+0.982
1636301160,+3.44,+14.771, +4.582,+0.982
1636301220,+3.44,+14.771, +4.610,+0.982
1636301280,+3.44,+14.780, +4.564,+0.981
1636301340,+3.44,+14.823, +4.474,+0.982
1636301400,+3.44,+14.806, +4.384,+0.981
1636301460,+3.44,+14.832, +4.260,+0.982
1636301520,+3.44,+14.814, +4.309,+0.982
1636301580,+3.44,+14.823, +4.385,+0.982
1636301640,+3.44,+14.823, +4.396,+0.982
1636301700,+3.44,+14.823, +4.386,+0.982
1636301760,+3.44,+14.832, +4.374,+0.982
1636301820,+3.44,+14.823, +4.365,+0.982
1636301880,+3.44,+14.832, +4.334,+0.982
1636301940,+3.44,+14.823, +4.324,+0.982
1636302000,+3.44,+14.849, +4.324,+0.982
1636302060,+3.44,+14.840, +4.305,+0.982
1636302120,+3.44,+14.840, +4.280,+0.982
1636302180,+3.44,+14.840, +4.253,+0.982
1636302240,+3.44,+14.832, +4.233,+0.982
1636302300,+3.44,+14.849, +4.232,+0.982
1636302360,+3.44,+14.840, +4.206,+0.982
1636302420,+3.44,+14.849, +4.212,+0.982
1636302480,+3.44,+14.840, +4.230,+0.982
1636302540,+3.44,+14.832, +4.248,+0.982
1636302600,+3.44,+14.832, +4.218,+0.982
1636302660,+3.44,+14.832, +4.138,+0.982
1636302720,+3.44,+14.832, +4.094,+0.982
1636302780,+3.44,+14.849, +4.062,+0.982
1636302840,+3.44,+14.857, +4.030,+0.982
1636302900,+3.44,+14.849, +4.046,+0.982
1636302960,+3.44,+14.840, +4.069,+0.982
1636303020,+3.44,+14.857, +4.098,+0.982
1636303080,+3.44,+14.840, +4.153,+0.982
1636303140,+3.44,+14.857, +4.168,+0.982
1636303200,+3.44,+14.849, +4.172,+0.982
1636303260,+3.44,+14.840, +4.181,+0.982
1636303320,+3.44,+14.823, +4.196,+0.982
1636303380,+3.44,+14.849, +4.212,+0.982
1636303440,+3.44,+14.832, +4.227,+0.982
1636303500,+3.44,+14.832, +4.255,+0.982
1636303560,+3.44,+14.832, +4.238,+0.982
1636303620,+3.44,+14.849, +4.229,+0.981
1636303680,+3.44,+14.832, +4.251,+0.982
1636303740,+3.44,+14.840, +4.243,+0.982
1636303800,+3.44,+14.832, +4.238,+0.982
1636303860,+3.44,+14.840, +4.275,+0.982
1636303920,+3.44,+14.823, +4.312,+0.982
1636303980,+3.44,+14.823, +4.280,+0.982
1636304040,+3.44,+14.849, +4.266,+0.982
1636304100,+3.44,+14.823, +4.267,+0.982
1636304160,+3.44,+14.832, +4.312,+0.982
1636304220,+3.44,+14.823, +4.331,+0.982
1636304280,+3.44,+14.814, +4.325,+0.982
1636304340,+3.44,+14.840, +4.314,+0.982
1636304400,+3.44,+14.823, +4.307,+0.982
1636304460,+3.44,+14.832, +4.299,+0.982
1636304520,+3.44,+14.832, +4.298,+0.982
1636304580,+3.44,+14.832, +4.313,+0.982
1636304640,+3.44,+14.806, +4.330,+0.982
1636304700,+3.44,+14.832, +4.350,+0.982
1636304760,+3.44,+14.832, +4.369,+0.982
1636304820,+3.44,+14.806, +4.400,+0.982
1636304880,+3.44,+14.814, +4.429,+0.982
1636304940,+3.44,+14.806, +4.498,+0.982
1636305000,+3.44,+14.788, +4.564,+0.982
1636305060,+3.44,+14.797, +4.607,+0.982
1636305120,+3.44,+14.806, +4.640,+0.981
1636305180,+3.44,+14.814, +4.690,+0.982
1636305240,+3.44,+14.788, +4.763,+0.982
1636305300,+3.44,+14.806, +4.784,+0.982
1636305360,+3.44,+14.788, +4.803,+0.981
1636305420,+3.44,+14.771, +4.825,+0.982
1636305480,+3.44,+14.780, +4.862,+0.982
1636305540,+3.44,+14.771, +4.930,+0.982
1636305600,+3.44,+14.780, +4.978,+0.981
1636305660,+3.44,+14.788, +4.999,+0.982
1636305720,+3.44,+14.771, +5.003,+0.982
1636305780,+3.44,+14.780, +4.995,+0.982
1636305840,+3.44,+14.771, +4.976,+0.981
1636305900,+3.44,+14.780, +4.966,+0.982
1636305960,+3.44,+14.780, +5.023,+0.982
1636306020,+3.44,+14.780, +5.127,+0.981
1636306080,+3.44,+14.771, +5.182,+0.981
1636306140,+3.44,+14.771, +5.215,+0.982
1636306200,+3.44,+14.788, +5.225,+0.981
1636306260,+3.44,+14.780, +5.242,+0.982
1636306320,+3.44,+14.780, +5.254,+0.981
1636306380,+3.44,+14.771, +5.236,+0.982
1636306440,+3.44,+14.788, +5.206,+0.981
1636306500,+3.44,+14.780, +5.145,+0.981
1636306560,+3.44,+14.771, +5.115,+0.981
1636306620,+3.44,+14.780, +5.086,+0.981
1636306680,+3.44,+14.788, +5.113,+0.981
1636306740,+3.44,+14.780, +5.148,+0.981
1636306800,+3.44,+14.788, +5.160,+0.982
1636306860,+3.44,+14.771, +5.145,+0.981
1636306920,+3.44,+14.788, +5.122,+0.981
1636306980,+3.44,+14.780, +5.106,+0.982
1636307040,+3.44,+14.780, +5.097,+0.981
1636307100,+3.44,+14.788, +5.091,+0.982
1636307160,+3.44,+14.788, +5.056,+0.981
1636307220,+3.44,+14.788, +4.996,+0.981
1636307280,+3.44,+14.814, +4.885,+0.981
1636307340,+3.44,+14.806, +4.821,+0.981
1636307400,+3.44,+14.788, +4.786,+0.982
1636307460,+3.44,+14.797, +4.746,+0.981
1636307520,+3.44,+14.788, +4.724,+0.982
1636307580,+3.44,+14.806, +4.697,+0.982
1636307640,+3.44,+14.788, +4.683,+0.982
1636307700,+3.44,+14.814, +4.661,+0.982
1636307760,+3.44,+14.814, +4.727,+0.982
1636307820,+3.44,+14.823, +4.770,+0.982
1636307880,+3.44,+14.806, +4.744,+0.982
1636307940,+3.44,+14.797, +4.695,+0.982
1636308000,+3.44,+14.806, +4.611,+0.982
1636308060,+3.44,+14.823, +4.550,+0.982
1636308120,+3.44,+14.806, +4.511,+0.982
1636308180,+3.44,+14.814, +4.481,+0.982
1636308240,+3.44,+14.814, +4.444,+0.981
1636308300,+3.44,+14.823, +4.417,+0.982
1636308360,+3.44,+14.840, +4.387,+0.982
1636308420,+3.44,+14.832, +4.367,+0.982
1636308480,+3.44,+14.823, +4.344,+0.982
1636308540,+3.44,+14.814, +4.338,+0.982
1636308600,+3.44,+14.832, +4.325,+0.982
1636308660,+3.44,+14.814, +4.321,+0.982
1636308720,+3.44,+14.814, +4.307,+0.982
1636308780,+3.44,+14.823, +4.299,+0.982
1636308840,+3.44,+14.823, +4.295,+0.982
1636308900,+3.44,+14.840, +4.284,+0.982
1636308960,+3.44,+14.832, +4.279,+0.982
1636309020,+3.44,+14.823, +4.270,+0.982
1636309080,+3.44,+14.823, +4.262,+0.982
1636309140,+3.44,+14.832, +4.248,+0.982
1636309200,+3.44,+14.814, +4.242,+0.982
1636309260,+3.44,+14.823, +4.233,+0.982
1636309320,+3.44,+14.832, +4.236,+0.982
1636309380,+3.44,+14.823, +4.247,+0.982
1636309440,+3.44,+14.823, +4.349,+0.982
1636309500,+3.44,+14.806, +4.422,+0.982
1636309560,+3.44,+14.823, +4.453,+0.982
1636309620,+3.44,+14.806, +4.459,+0.982
1636309680,+3.44,+14.814, +4.455,+0.981
1636309740,+3.44,+14.797, +4.521,+0.982
1636309800,+3.44,+14.780, +4.592,+0.982
1636309860,+3.44,+14.788, +4.625,+0.982
1636309920,+3.44,+14.806, +4.634,+0.982
1636309980,+3.44,+14.797, +4.643,+0.982
1636310040,+3.44,+14.797, +4.641,+0.982
1636310100,+3.44,+14.797, +4.629,+0.982
1636310160,+3.44,+14.797, +4.609,+0.981
1636310220,+3.44,+14.806, +4.587,+0.982
1636310280,+3.44,+14.788, +4.577,+0.982
1636310340,+3.44,+14.797, +4.569,+0.982
1636310400,+3.44,+14.806, +4.563,+0.982
1636310460,+3.44,+14.806, +4.560,+0.982
1636310520,+3.44,+14.814, +4.560,+0.982
1636310580,+3.44,+14.806, +4.564,+0.982
1636310640,+3.44,+14.814, +4.516,+0.982
1636310700,+3.44,+14.832, +4.479,+0.982
1636310760,+3.44,+14.823, +4.470,+0.982
1636310820,+3.44,+14.806, +4.452,+0.982
1636310880,+3.44,+14.806, +4.455,+0.981
1636310940,+3.44,+14.806, +4.461,+0.982
1636311000,+3.44,+14.823, +4.462,+0.982
1636311060,+3.44,+14.814, +4.445,+0.982
1636311120,+3.44,+14.840, +4.411,+0.982
1636311180,+3.44,+14.840, +4.280,+0.982
1636311240,+3.44,+14.849, +4.133,+0.982
1636311300,+3.44,+14.857, +4.074,+0.982
1636311360,+3.44,+14.866, +4.020,+0.982
1636311420,+3.44,+14.857, +3.989,+0.982
1636311480,+3.44,+14.883, +3.964,+0.982
1636311540,+3.44,+14.875, +3.946,+0.982
1636311600,+3.44,+14.875, +3.946,+0.982
1636311660,+3.44,+14.857, +3.955,+0.982
1636311720,+3.44,+14.857, +3.960,+0.982
1636311780,+3.44,+14.875, +3.967,+0.982
1636311840,+3.44,+14.875, +3.997,+0.982
1636311900,+3.44,+14.866, +4.007,+0.982
1636311960,+3.44,+14.883, +4.018,+0.982
1636312020,+3.44,+14.866, +4.033,+0.982
1636312080,+3.44,+14.857, +4.053,+0.982
1636312140,+3.44,+14.883, +4.058,+0.982
1636312200,+3.44,+14.892, +4.078,+0.982
1636312260,+3.44,+14.875, +4.097,+0.982
1636312320,+3.44,+14.875, +4.116,+0.982
1636312380,+3.44,+14.875, +4.130,+0.982
1636312440,+3.44,+14.866, +4.158,+0.982
1636312500,+3.44,+14.875, +4.225,+0.982
1636312560,+3.44,+14.849, +4.246,+0.982
1636312620,+3.44,+14.866, +4.242,+0.982
1636312680,+3.44,+14.857, +4.245,+0.982
1636312740,+3.44,+14.866, +4.309,+0.982
1636312800,+3.44,+14.857, +4.392,+0.982
1636312860,+3.44,+14.857, +4.466,+0.982
1636312920,+3.44,+14.866, +4.493,+0.982
1636312980,+3.44,+14.857, +4.458,+0.982
1636313040,+3.44,+14.875, +4.392,+0.981
1636313100,+3.44,+14.875, +4.362,+0.982
1636313160,+3.44,+14.840, +4.336,+0.982
1636313220,+3.44,+14.840, +4.300,+0.982
1636313280,+3.44,+14.857, +4.288,+0.982
1636313340,+3.44,+14.849, +4.306,+0.982
1636313400,+3.44,+14.849, +4.332,+0.982
1636313460,+3.44,+14.840, +4.319,+0.982
1636313520,+3.44,+14.849, +4.308,+0.982
1636313580,+3.44,+14.832, +4.338,+0.982
1636313640,+3.44,+14.857, +4.337,+0.982
1636313700,+3.44,+14.857, +4.337,+0.982
1636313760,+3.44,+14.840, +4.358,+0.982
1636313820,+3.44,+14.840, +4.388,+0.981
1636313880,+3.44,+14.823, +4.421,+0.982
1636313940,+3.44,+14.840, +4.434,+0.982
1636314000,+3.44,+14.840, +4.464,+0.982
1636314060,+3.44,+14.840, +4.523,+0.982
1636314120,+3.44,+14.840, +4.550,+0.982
1636314180,+3.44,+14.832, +4.565,+0.982
1636314240,+3.44,+14.849, +4.572,+0.982
1636314300,+3.44,+14.840, +4.601,+0.982
1636314360,+3.44,+14.849, +4.640,+0.982
1636314420,+3.44,+14.857, +4.679,+0.981
1636314480,+3.44,+14.857, +4.709,+0.982
1636314540,+3.44,+14.832, +4.724,+0.982
1636314600,+3.44,+14.849, +4.733,+0.982
1636314660,+3.44,+14.857, +4.746,+0.982
1636314720,+3.44,+14.849, +4.756,+0.982
1636314780,+3.44,+14.840, +4.772,+0.982
1636314840,+3.44,+14.832, +4.785,+0.982
1636314900,+3.44,+14.823, +4.793,+0.981
1636314960,+3.44,+14.840, +4.809,+0.982
1636315020,+3.44,+14.840, +4.807,+0.981
1636315080,+3.44,+14.840, +4.816,+0.981
1636315140,+3.44,+14.840, +4.826,+0.982
1636315200,+3.44,+14.823, +4.831,+0.982
1636315260,+3.44,+14.840, +4.818,+0.982
1636315320,+3.44,+14.840, +4.792,+0.981
1636315380,+3.44,+14.840, +4.780,+0.981
1636315440,+3.44,+14.832, +4.730,+0.981
1636315500,+3.44,+14.840, +4.753,+0.982
1636315560,+3.44,+14.849, +4.779,+0.982
1636315620,+3.44,+14.832, +4.752,+0.981
1636315680,+3.44,+14.840, +4.713,+0.982
1636315740,+3.44,+14.849, +4.697,+0.982
1636315800,+3.44,+14.840, +4.651,+0.982
1636315860,+3.44,+14.849, +4.600,+0.982
1636315920,+3.44,+14.849, +4.567,+0.982
1636315980,+3.44,+14.849, +4.522,+0.981
1636316040,+3.44,+14.840, +4.565,+0.982
1636316100,+3.44,+14.849, +4.578,+0.982
1636316160,+3.44,+14.849, +4.562,+0.982
1636316220,+3.44,+14.849, +4.588,+0.982
1636316280,+3.44,+14.840, +4.542,+0.981
1636316340,+3.44,+14.857, +4.571,+0.981
1636316400,+3.44,+14.866, +4.594,+0.982
1636316460,+3.44,+14.857, +4.661,+0.981
1636316520,+3.44,+14.840, +4.671,+0.982
1636316580,+3.44,+14.857, +4.720,+0.982
1636316640,+3.44,+14.857, +4.747,+0.981
1636316700,+3.44,+14.875, +4.780,+0.982
1636316760,+3.44,+14.857, +4.766,+0.981
1636316820,+3.44,+14.857, +4.732,+0.982
