7450-387970
OS REV: 1.05 Sensor Cal: 1615486469
Time (sec),  BV (Volts),  T (deg C),  DO (mg/l),  Q ()
1636316880,+3.44,+14.866, +4.749,+0.981
1636316940,+3.44,+14.875, +4.777,+0.981
1636317000,+3.44,+14.875, +4.792,+0.981
1636317060,+3.44,+14.866, +4.806,+0.981
1636317120,+3.44,+14.875, +4.795,+0.981
1636317180,+3.44,+14.875, +4.777,+0.982
1636317240,+3.44,+14.875, +4.720,+0.982
1636317300,+3.44,+14.875, +4.675,+0.981
1636317360,+3.44,+14.866, +4.636,+0.982
1636317420,+3.44,+14.857, +4.609,+0.982
1636317480,+3.44,+14.875, +4.616,+0.982
1636317540,+3.44,+14.875, +4.667,+0.982
1636317600,+3.44,+14.866, +4.696,+0.981
1636317660,+3.44,+14.883, +4.695,+0.982
1636317720,+3.44,+14.857, +4.719,+0.982
1636317780,+3.44,+14.866, +4.735,+0.982
1636317840,+3.44,+14.866, +4.731,+0.982
1636317900,+3.44,+14.883, +4.683,+0.982
1636317960,+3.44,+14.849, +4.659,+0.981
1636318020,+3.44,+14.857, +4.637,+0.982
1636318080,+3.44,+14.883, +4.585,+0.981
1636318140,+3.44,+14.883, +4.494,+0.981
1636318200,+3.44,+14.875, +4.454,+0.982
1636318260,+3.44,+14.866, +4.409,+0.982
1636318320,+3.44,+14.875, +4.347,+0.982
1636318380,+3.44,+14.883, +4.294,+0.982
1636318440,+3.44,+14.857, +4.273,+0.982
1636318500,+3.44,+14.866, +4.262,+0.982
1636318560,+3.44,+14.883, +4.255,+0.982
1636318620,+3.44,+14.892, +4.254,+0.982
1636318680,+3.44,+14.883, +4.251,+0.982
1636318740,+3.44,+14.883, +4.255,+0.982
1636318800,+3.44,+14.866, +4.465,+0.982
1636318860,+3.44,+14.901, +4.655,+0.982
1636318920,+3.44,+14.883, +4.624,+0.982
1636318980,+3.44,+14.883, +4.576,+0.982
1636319040,+3.44,+14.883, +4.494,+0.981
1636319100,+3.44,+14.875, +4.395,+0.982
1636319160,+3.44,+14.866, +4.380,+0.982
1636319220,+3.44,+14.892, +4.379,+0.982
1636319280,+3.44,+14.883, +4.369,+0.982
1636319340,+3.44,+14.883, +4.332,+0.982
1636319400,+3.44,+14.875, +4.333,+0.982
1636319460,+3.44,+14.866, +4.367,+0.982
1636319520,+3.44,+14.875, +4.427,+0.982
1636319580,+3.44,+14.875, +4.465,+0.982
1636319640,+3.44,+14.857, +4.471,+0.982
1636319700,+3.44,+14.892, +4.472,+0.982
1636319760,+3.44,+14.892, +4.469,+0.982
1636319820,+3.44,+14.866, +4.464,+0.982
1636319880,+3.44,+14.883, +4.459,+0.982
1636319940,+3.44,+14.883, +4.421,+0.981
1636320000,+3.44,+14.892, +4.382,+0.982
1636320060,+3.44,+14.892, +4.361,+0.982
1636320120,+3.44,+14.883, +4.346,+0.982
1636320180,+3.44,+14.892, +4.332,+0.982
1636320240,+3.44,+14.892, +4.312,+0.982
1636320300,+3.44,+14.883, +4.325,+0.982
1636320360,+3.44,+14.857, +4.355,+0.982
1636320420,+3.44,+14.883, +4.372,+0.982
1636320480,+3.44,+14.875, +4.394,+0.982
1636320540,+3.44,+14.875, +4.402,+0.982
1636320600,+3.44,+14.875, +4.397,+0.982
1636320660,+3.44,+14.883, +4.394,+0.982
1636320720,+3.44,+14.875, +4.391,+0.982
1636320780,+3.44,+14.901, +4.375,+0.981
1636320840,+3.44,+14.901, +4.344,+0.982
1636320900,+3.44,+14.875, +4.322,+0.982
1636320960,+3.44,+14.892, +4.281,+0.982
1636321020,+3.44,+14.892, +4.237,+0.982
1636321080,+3.44,+14.892, +4.213,+0.982
1636321140,+3.44,+14.883, +4.205,+0.982
1636321200,+3.44,+14.892, +4.183,+0.982
1636321260,+3.44,+14.892, +4.179,+0.982
1636321320,+3.44,+14.857, +4.208,+0.982
1636321380,+3.44,+14.883, +4.283,+0.982
1636321440,+3.44,+14.901, +4.292,+0.982
1636321500,+3.44,+14.892, +4.214,+0.982
1636321560,+3.44,+14.892, +4.127,+0.982
1636321620,+3.44,+14.892, +4.080,+0.982
1636321680,+3.44,+14.883, +4.075,+0.982
1636321740,+3.44,+14.883, +4.080,+0.982
1636321800,+3.44,+14.901, +4.086,+0.982
1636321860,+3.44,+14.883, +4.095,+0.982
1636321920,+3.44,+14.892, +4.111,+0.982
1636321980,+3.44,+14.909, +4.115,+0.982
1636322040,+3.44,+14.892, +4.126,+0.982
1636322100,+3.44,+14.892, +4.131,+0.982
1636322160,+3.44,+14.892, +4.132,+0.982
1636322220,+3.44,+14.892, +4.149,+0.982
1636322280,+3.44,+14.883, +4.166,+0.982
1636322340,+3.44,+14.901, +4.192,+0.982
1636322400,+3.44,+14.892, +4.218,+0.982
1636322460,+3.44,+14.892, +4.233,+0.982
1636322520,+3.44,+14.892, +4.233,+0.982
1636322580,+3.44,+14.892, +4.223,+0.982
1636322640,+3.44,+14.892, +4.214,+0.982
1636322700,+3.44,+14.892, +4.209,+0.982
1636322760,+3.44,+14.883, +4.201,+0.982
1636322820,+3.44,+14.883, +4.199,+0.982
1636322880,+3.44,+14.892, +4.190,+0.981
1636322940,+3.44,+14.875, +4.191,+0.982
1636323000,+3.44,+14.892, +4.174,+0.982
1636323060,+3.44,+14.892, +4.150,+0.982
1636323120,+3.44,+14.883, +4.122,+0.982
1636323180,+3.44,+14.883, +4.099,+0.982
1636323240,+3.44,+14.892, +4.083,+0.982
1636323300,+3.44,+14.883, +4.070,+0.982
1636323360,+3.44,+14.892, +4.059,+0.982
1636323420,+3.43,+14.892, +4.052,+0.982
1636323480,+3.44,+14.883, +4.055,+0.982
1636323540,+3.44,+14.883, +4.049,+0.982
1636323600,+3.44,+14.901, +4.041,+0.982
1636323660,+3.44,+14.901, +4.054,+0.982
1636323720,+3.44,+14.901, +4.070,+0.982
1636323780,+3.44,+14.892, +4.080,+0.982
1636323840,+3.44,+14.892, +4.089,+0.982
1636323900,+3.44,+14.892, +4.096,+0.982
1636323960,+3.44,+14.892, +4.095,+0.982
1636324020,+3.44,+14.875, +4.099,+0.982
1636324080,+3.44,+14.892, +4.094,+0.982
1636324140,+3.44,+14.883, +4.100,+0.982
1636324200,+3.44,+14.901, +4.094,+0.982
1636324260,+3.44,+14.892, +4.077,+0.982
1636324320,+3.44,+14.883, +4.059,+0.982
1636324380,+3.44,+14.901, +4.037,+0.982
1636324440,+3.44,+14.892, +4.024,+0.982
1636324500,+3.44,+14.901, +4.029,+0.982
1636324560,+3.44,+14.883, +4.041,+0.982
1636324620,+3.44,+14.892, +4.050,+0.982
1636324680,+3.44,+14.901, +4.053,+0.982
1636324740,+3.44,+14.883, +4.069,+0.982
1636324800,+3.44,+14.875, +4.078,+0.982
1636324860,+3.44,+14.892, +4.084,+0.982
1636324920,+3.44,+14.892, +4.096,+0.982
1636324980,+3.44,+14.892, +4.106,+0.982
1636325040,+3.44,+14.883, +4.111,+0.982
1636325100,+3.44,+14.892, +4.104,+0.982
1636325160,+3.44,+14.892, +4.098,+0.982
1636325220,+3.44,+14.875, +4.095,+0.982
1636325280,+3.44,+14.883, +4.095,+0.982
1636325340,+3.44,+14.883, +4.103,+0.982
1636325400,+3.43,+14.875, +4.112,+0.982
1636325460,+3.44,+14.901, +4.117,+0.982
1636325520,+3.44,+14.901, +4.131,+0.982
1636325580,+3.44,+14.883, +4.152,+0.982
1636325640,+3.44,+14.901, +4.160,+0.982
1636325700,+3.44,+14.875, +4.173,+0.982
1636325760,+3.44,+14.883, +4.181,+0.982
1636325820,+3.44,+14.901, +4.186,+0.982
1636325880,+3.43,+14.883, +4.186,+0.982
1636325940,+3.44,+14.901, +4.177,+0.982
1636326000,+3.44,+14.892, +4.159,+0.982
1636326060,+3.44,+14.901, +4.140,+0.982
1636326120,+3.44,+14.883, +4.126,+0.982
1636326180,+3.44,+14.892, +4.108,+0.982
1636326240,+3.44,+14.892, +4.095,+0.982
1636326300,+3.44,+14.883, +4.094,+0.982
1636326360,+3.44,+14.892, +4.103,+0.982
1636326420,+3.43,+14.892, +4.113,+0.982
1636326480,+3.44,+14.866, +4.114,+0.982
1636326540,+3.44,+14.901, +4.103,+0.982
1636326600,+3.44,+14.883, +4.092,+0.982
1636326660,+3.43,+14.883, +4.083,+0.982
1636326720,+3.44,+14.875, +4.085,+0.982
1636326780,+3.44,+14.883, +4.092,+0.982
1636326840,+3.44,+14.883, +4.094,+0.982
1636326900,+3.44,+14.892, +4.064,+0.982
1636326960,+3.44,+14.892, +4.056,+0.982
1636327020,+3.43,+14.875, +4.065,+0.982
1636327080,+3.44,+14.866, +4.105,+0.982
1636327140,+3.43,+14.875, +4.118,+0.982
1636327200,+3.44,+14.883, +4.148,+0.981
1636327260,+3.44,+14.883, +4.177,+0.982
1636327320,+3.44,+14.883, +4.200,+0.982
1636327380,+3.43,+14.883, +4.201,+0.982
1636327440,+3.44,+14.883, +4.176,+0.982
1636327500,+3.44,+14.883, +4.158,+0.982
1636327560,+3.44,+14.866, +4.158,+0.982
1636327620,+3.44,+14.901, +4.140,+0.982
1636327680,+3.44,+14.892, +4.139,+0.982
1636327740,+3.44,+14.857, +4.140,+0.982
1636327800,+3.44,+14.883, +4.130,+0.982
1636327860,+3.44,+14.875, +4.125,+0.982
1636327920,+3.44,+14.866, +4.123,+0.982
1636327980,+3.44,+14.875, +4.121,+0.982
1636328040,+3.44,+14.883, +4.116,+0.982
1636328100,+3.43,+14.883, +4.115,+0.982
1636328160,+3.44,+14.883, +4.108,+0.982
1636328220,+3.44,+14.883, +4.113,+0.982
1636328280,+3.43,+14.892, +4.105,+0.982
1636328340,+3.44,+14.875, +4.110,+0.982
1636328400,+3.44,+14.892, +4.103,+0.982
1636328460,+3.43,+14.892, +4.106,+0.982
1636328520,+3.43,+14.875, +4.112,+0.982
1636328580,+3.44,+14.901, +4.109,+0.982
1636328640,+3.43,+14.875, +4.116,+0.982
1636328700,+3.43,+14.883, +4.114,+0.982
1636328760,+3.43,+14.883, +4.112,+0.982
1636328820,+3.43,+14.866, +4.108,+0.982
1636328880,+3.43,+14.883, +4.097,+0.982
1636328940,+3.43,+14.866, +4.099,+0.982
1636329000,+3.44,+14.875, +4.095,+0.982
1636329060,+3.43,+14.883, +4.083,+0.982
1636329120,+3.43,+14.875, +4.069,+0.982
1636329180,+3.43,+14.892, +4.041,+0.982
1636329240,+3.43,+14.901, +4.014,+0.982
1636329300,+3.43,+14.866, +3.997,+0.982
1636329360,+3.43,+14.875, +3.961,+0.982
1636329420,+3.44,+14.883, +3.929,+0.982
1636329480,+3.43,+14.918, +3.901,+0.982
1636329540,+3.44,+14.883, +3.884,+0.982
1636329600,+3.43,+14.875, +3.860,+0.982
1636329660,+3.44,+14.901, +3.834,+0.982
1636329720,+3.43,+14.901, +3.817,+0.982
1636329780,+3.43,+14.901, +3.823,+0.982
1636329840,+3.43,+14.892, +3.856,+0.982
1636329900,+3.43,+14.901, +3.885,+0.982
1636329960,+3.43,+14.901, +3.888,+0.982
1636330020,+3.43,+14.892, +3.900,+0.982
1636330080,+3.43,+14.901, +3.933,+0.982
1636330140,+3.44,+14.892, +3.957,+0.982
1636330200,+3.43,+14.892, +3.984,+0.982
1636330260,+3.43,+14.892, +3.994,+0.982
1636330320,+3.44,+14.883, +3.997,+0.982
1636330380,+3.43,+14.892, +4.006,+0.982
1636330440,+3.43,+14.892, +4.026,+0.982
1636330500,+3.43,+14.883, +4.033,+0.982
1636330560,+3.44,+14.892, +4.034,+0.982
1636330620,+3.43,+14.883, +4.037,+0.982
1636330680,+3.43,+14.901, +4.039,+0.982
1636330740,+3.43,+14.883, +4.028,+0.982
1636330800,+3.43,+14.875, +4.046,+0.982
1636330860,+3.43,+14.901, +4.056,+0.982
1636330920,+3.43,+14.892, +4.073,+0.982
1636330980,+3.43,+14.892, +4.080,+0.982
1636331040,+3.43,+14.883, +4.094,+0.982
1636331100,+3.43,+14.883, +4.113,+0.982
1636331160,+3.43,+14.883, +4.125,+0.982
1636331220,+3.43,+14.883, +4.121,+0.982
1636331280,+3.43,+14.875, +4.122,+0.982
1636331340,+3.43,+14.875, +4.113,+0.982
1636331400,+3.43,+14.883, +4.109,+0.982
1636331460,+3.43,+14.892, +4.116,+0.982
1636331520,+3.43,+14.875, +4.119,+0.982
1636331580,+3.43,+14.866, +4.125,+0.982
1636331640,+3.43,+14.883, +4.125,+0.982
1636331700,+3.43,+14.875, +4.133,+0.982
1636331760,+3.43,+14.883, +4.135,+0.982
1636331820,+3.44,+14.883, +4.139,+0.982
1636331880,+3.43,+14.883, +4.149,+0.982
1636331940,+3.43,+14.901, +4.151,+0.982
1636332000,+3.43,+14.883, +4.167,+0.982
1636332060,+3.43,+14.866, +4.170,+0.982
1636332120,+3.43,+14.866, +4.170,+0.982
1636332180,+3.44,+14.883, +4.165,+0.982
1636332240,+3.43,+14.883, +4.159,+0.982
1636332300,+3.43,+14.866, +4.166,+0.982
1636332360,+3.43,+14.883, +4.158,+0.982
1636332420,+3.43,+14.875, +4.129,+0.982
1636332480,+3.43,+14.883, +4.117,+0.982
1636332540,+3.43,+14.875, +4.093,+0.982
1636332600,+3.43,+14.901, +4.058,+0.982
1636332660,+3.43,+14.901, +4.001,+0.982
1636332720,+3.43,+14.892, +3.952,+0.982
1636332780,+3.43,+14.883, +3.933,+0.982
1636332840,+3.43,+14.918, +3.914,+0.982
1636332900,+3.43,+14.901, +3.915,+0.982
1636332960,+3.43,+14.901, +3.912,+0.982
1636333020,+3.43,+14.909, +3.914,+0.982
1636333080,+3.43,+14.892, +3.923,+0.982
1636333140,+3.43,+14.901, +3.932,+0.982
1636333200,+3.43,+14.918, +3.937,+0.982
1636333260,+3.43,+14.901, +3.952,+0.982
1636333320,+3.43,+14.909, +3.962,+0.982
1636333380,+3.43,+14.918, +3.965,+0.982
1636333440,+3.43,+14.909, +3.967,+0.982
1636333500,+3.43,+14.909, +3.972,+0.982
1636333560,+3.43,+14.901, +3.985,+0.982
1636333620,+3.43,+14.901, +3.993,+0.982
1636333680,+3.43,+14.909, +3.999,+0.982
1636333740,+3.43,+14.892, +4.006,+0.982
1636333800,+3.43,+14.875, +4.035,+0.982
1636333860,+3.43,+14.892, +4.056,+0.982
1636333920,+3.43,+14.926, +4.043,+0.982
1636333980,+3.43,+14.909, +4.041,+0.982
1636334040,+3.43,+14.883, +4.055,+0.982
1636334100,+3.43,+14.883, +4.077,+0.982
1636334160,+3.43,+14.892, +4.094,+0.982
1636334220,+3.43,+14.883, +4.101,+0.982
1636334280,+3.43,+14.866, +4.114,+0.982
1636334340,+3.43,+14.883, +4.118,+0.982
1636334400,+3.43,+14.866, +4.128,+0.982
1636334460,+3.43,+14.892, +4.124,+0.982
1636334520,+3.43,+14.883, +4.125,+0.982
1636334580,+3.43,+14.875, +4.130,+0.982
1636334640,+3.43,+14.875, +4.131,+0.982
1636334700,+3.43,+14.866, +4.129,+0.982
1636334760,+3.43,+14.883, +4.115,+0.982
1636334820,+3.43,+14.883, +4.110,+0.982
1636334880,+3.43,+14.875, +4.104,+0.982
1636334940,+3.43,+14.866, +4.097,+0.982
1636335000,+3.43,+14.892, +4.094,+0.982
1636335060,+3.43,+14.875, +4.103,+0.982
1636335120,+3.43,+14.857, +4.114,+0.982
1636335180,+3.43,+14.892, +4.112,+0.982
1636335240,+3.43,+14.892, +4.117,+0.982
1636335300,+3.43,+14.883, +4.130,+0.982
1636335360,+3.43,+14.883, +4.147,+0.982
1636335420,+3.43,+14.883, +4.151,+0.982
1636335480,+3.43,+14.892, +4.155,+0.982
1636335540,+3.43,+14.892, +4.144,+0.982
1636335600,+3.43,+14.883, +4.158,+0.982
1636335660,+3.43,+14.892, +4.175,+0.982
1636335720,+3.43,+14.883, +4.203,+0.982
1636335780,+3.43,+14.875, +4.214,+0.982
1636335840,+3.43,+14.883, +4.226,+0.982
1636335900,+3.43,+14.883, +4.225,+0.982
1636335960,+3.43,+14.875, +4.234,+0.982
1636336020,+3.43,+14.875, +4.196,+0.982
1636336080,+3.43,+14.892, +4.153,+0.982
1636336140,+3.43,+14.866, +4.138,+0.982
1636336200,+3.43,+14.892, +4.120,+0.982
1636336260,+3.43,+14.883, +4.098,+0.982
1636336320,+3.43,+14.892, +4.085,+0.982
1636336380,+3.43,+14.875, +4.106,+0.982
1636336440,+3.43,+14.883, +4.111,+0.982
1636336500,+3.43,+14.892, +4.123,+0.982
1636336560,+3.43,+14.875, +4.111,+0.982
1636336620,+3.43,+14.883, +4.128,+0.982
1636336680,+3.43,+14.901, +4.159,+0.982
1636336740,+3.43,+14.892, +4.156,+0.982
1636336800,+3.43,+14.892, +4.190,+0.982
1636336860,+3.43,+14.901, +4.172,+0.982
1636336920,+3.43,+14.883, +4.221,+0.982
1636336980,+3.43,+14.883, +4.244,+0.982
1636337040,+3.43,+14.866, +4.266,+0.982
1636337100,+3.43,+14.883, +4.252,+0.982
1636337160,+3.43,+14.883, +4.256,+0.982
1636337220,+3.43,+14.892, +4.272,+0.982
1636337280,+3.43,+14.857, +4.310,+0.982
1636337340,+3.43,+14.875, +4.337,+0.982
1636337400,+3.43,+14.875, +4.364,+0.982
1636337460,+3.43,+14.892, +4.378,+0.982
1636337520,+3.43,+14.883, +4.387,+0.982
1636337580,+3.43,+14.875, +4.393,+0.982
1636337640,+3.43,+14.883, +4.382,+0.981
1636337700,+3.43,+14.892, +4.357,+0.982
1636337760,+3.43,+14.883, +4.341,+0.982
1636337820,+3.43,+14.866, +4.322,+0.982
1636337880,+3.43,+14.875, +4.342,+0.982
1636337940,+3.43,+14.883, +4.358,+0.982
1636338000,+3.43,+14.883, +4.354,+0.982
1636338060,+3.43,+14.892, +4.356,+0.982
1636338120,+3.43,+14.892, +4.366,+0.982
1636338180,+3.43,+14.892, +4.368,+0.982
1636338240,+3.43,+14.875, +4.370,+0.982
1636338300,+3.43,+14.892, +4.371,+0.982
1636338360,+3.43,+14.892, +4.371,+0.982
1636338420,+3.43,+14.892, +4.380,+0.982
1636338480,+3.43,+14.883, +4.383,+0.982
1636338540,+3.43,+14.892, +4.387,+0.982
1636338600,+3.43,+14.901, +4.387,+0.982
1636338660,+3.43,+14.892, +4.394,+0.982
1636338720,+3.43,+14.892, +4.392,+0.982
1636338780,+3.43,+14.909, +4.389,+0.982
1636338840,+3.43,+14.883, +4.394,+0.982
1636338900,+3.43,+14.901, +4.406,+0.982
1636338960,+3.43,+14.892, +4.416,+0.982
1636339020,+3.43,+14.909, +4.414,+0.982
1636339080,+3.43,+14.901, +4.424,+0.982
1636339140,+3.43,+14.892, +4.422,+0.982
1636339200,+3.43,+14.883, +4.408,+0.981
1636339260,+3.43,+14.892, +4.392,+0.982
1636339320,+3.43,+14.892, +4.363,+0.982
1636339380,+3.43,+14.892, +4.319,+0.982
1636339440,+3.43,+14.892, +4.252,+0.982
1636339500,+3.43,+14.901, +4.174,+0.982
1636339560,+3.43,+14.918, +4.118,+0.982
1636339620,+3.43,+14.935, +4.049,+0.982
1636339680,+3.43,+14.918, +3.987,+0.982
1636339740,+3.43,+14.918, +3.921,+0.982
1636339800,+3.43,+14.918, +3.848,+0.982
1636339860,+3.43,+14.935, +3.788,+0.982
1636339920,+3.43,+14.918, +3.776,+0.982
1636339980,+3.43,+14.918, +3.807,+0.982
1636340040,+3.43,+14.926, +3.860,+0.982
1636340100,+3.43,+14.926, +3.933,+0.982
1636340160,+3.43,+14.918, +4.014,+0.982
1636340220,+3.43,+14.909, +4.058,+0.982
1636340280,+3.43,+14.909, +4.055,+0.982
1636340340,+3.43,+14.909, +4.061,+0.982
1636340400,+3.43,+14.901, +4.065,+0.982
1636340460,+3.43,+14.926, +4.048,+0.982
1636340520,+3.43,+14.918, +4.037,+0.982
1636340580,+3.43,+14.901, +4.025,+0.982
1636340640,+3.43,+14.901, +4.028,+0.982
1636340700,+3.43,+14.901, +4.020,+0.982
1636340760,+3.43,+14.926, +4.010,+0.982
1636340820,+3.43,+14.918, +4.041,+0.982
1636340880,+3.43,+14.901, +4.108,+0.982
1636340940,+3.43,+14.892, +4.224,+0.982
1636341000,+3.43,+14.909, +4.342,+0.982
1636341060,+3.43,+14.883, +4.437,+0.982
1636341120,+3.43,+14.883, +4.489,+0.982
1636341180,+3.43,+14.875, +4.544,+0.982
1636341240,+3.43,+14.892, +4.590,+0.982
1636341300,+3.43,+14.883, +4.617,+0.982
1636341360,+3.43,+14.875, +4.627,+0.981
1636341420,+3.43,+14.909, +4.629,+0.982
1636341480,+3.43,+14.892, +4.659,+0.982
1636341540,+3.43,+14.909, +4.662,+0.982
1636341600,+3.43,+14.909, +4.700,+0.981
1636341660,+3.43,+14.926, +4.724,+0.981
1636341720,+3.43,+14.935, +4.753,+0.981
1636341780,+3.43,+14.926, +4.767,+0.982
1636341840,+3.43,+14.918, +4.771,+0.981
1636341900,+3.43,+14.935, +4.754,+0.981
1636341960,+3.43,+14.935, +4.727,+0.982
1636342020,+3.43,+14.935, +4.719,+0.982
1636342080,+3.43,+14.935, +4.721,+0.982
1636342140,+3.43,+14.926, +4.670,+0.982
1636342200,+3.43,+14.926, +4.627,+0.981
1636342260,+3.43,+14.944, +4.605,+0.982
1636342320,+3.43,+14.935, +4.600,+0.982
1636342380,+3.43,+14.926, +4.604,+0.981
1636342440,+3.43,+14.918, +4.598,+0.981
1636342500,+3.43,+14.935, +4.560,+0.982
1636342560,+3.43,+14.909, +4.581,+0.982
1636342620,+3.43,+14.909, +4.633,+0.981
1636342680,+3.43,+14.918, +4.633,+0.982
1636342740,+3.43,+14.909, +4.580,+0.982
1636342800,+3.43,+14.909, +4.512,+0.982
1636342860,+3.43,+14.901, +4.470,+0.982
1636342920,+3.43,+14.883, +4.484,+0.982
1636342980,+3.43,+14.909, +4.519,+0.982
1636343040,+3.43,+14.918, +4.589,+0.981
1636343100,+3.43,+14.926, +4.716,+0.981
1636343160,+3.43,+14.935, +4.721,+0.981
1636343220,+3.43,+14.926, +4.675,+0.982
1636343280,+3.43,+14.926, +4.644,+0.982
1636343340,+3.43,+14.901, +4.616,+0.982
1636343400,+3.43,+14.909, +4.563,+0.982
1636343460,+3.43,+14.926, +4.486,+0.982
1636343520,+3.43,+14.926, +4.413,+0.982
1636343580,+3.43,+14.935, +4.319,+0.982
1636343640,+3.43,+14.944, +4.236,+0.982
1636343700,+3.43,+14.935, +4.182,+0.982
1636343760,+3.43,+14.926, +4.139,+0.982
1636343820,+3.43,+14.926, +4.110,+0.982
1636343880,+3.43,+14.926, +4.087,+0.982
1636343940,+3.43,+14.944, +4.059,+0.982
1636344000,+3.43,+14.944, +4.026,+0.982
1636344060,+3.43,+14.935, +3.985,+0.982
1636344120,+3.43,+14.926, +3.952,+0.982
1636344180,+3.43,+14.918, +3.920,+0.982
1636344240,+3.43,+14.944, +3.885,+0.982
1636344300,+3.43,+14.926, +3.860,+0.982
1636344360,+3.43,+14.935, +3.835,+0.982
1636344420,+3.43,+14.926, +3.814,+0.982
1636344480,+3.43,+14.944, +3.800,+0.982
1636344540,+3.43,+14.909, +3.809,+0.982
1636344600,+3.43,+14.918, +3.877,+0.982
1636344660,+3.43,+14.901, +3.982,+0.982
1636344720,+3.43,+14.918, +4.095,+0.982
1636344780,+3.43,+14.926, +4.197,+0.981
1636344840,+3.43,+14.935, +4.267,+0.982
1636344900,+3.43,+14.901, +4.335,+0.982
1636344960,+3.43,+14.918, +4.386,+0.982
1636345020,+3.43,+14.918, +4.433,+0.982
1636345080,+3.43,+14.918, +4.453,+0.982
1636345140,+3.43,+14.909, +4.455,+0.982
1636345200,+3.43,+14.901, +4.459,+0.982
1636345260,+3.43,+14.926, +4.441,+0.981
1636345320,+3.43,+14.909, +4.441,+0.982
1636345380,+3.43,+14.918, +4.433,+0.982
1636345440,+3.43,+14.918, +4.432,+0.982
1636345500,+3.43,+14.918, +4.421,+0.982
1636345560,+3.43,+14.926, +4.408,+0.982
1636345620,+3.43,+14.918, +4.434,+0.982
1636345680,+3.43,+14.935, +4.443,+0.981
1636345740,+3.43,+14.926, +4.439,+0.982
1636345800,+3.43,+14.926, +4.448,+0.982
1636345860,+3.43,+14.926, +4.465,+0.981
1636345920,+3.43,+14.944, +4.475,+0.982
1636345980,+3.43,+14.935, +4.472,+0.982
1636346040,+3.43,+14.926, +4.473,+0.982
1636346100,+3.43,+14.926, +4.495,+0.982
1636346160,+3.43,+14.935, +4.529,+0.982
1636346220,+3.43,+14.935, +4.552,+0.981
1636346280,+3.43,+14.926, +4.585,+0.982
1636346340,+3.43,+14.918, +4.601,+0.982
1636346400,+3.43,+14.935, +4.603,+0.982
1636346460,+3.43,+14.926, +4.606,+0.982
1636346520,+3.43,+14.935, +4.603,+0.982
1636346580,+3.43,+14.918, +4.611,+0.982
1636346640,+3.43,+14.944, +4.609,+0.981
1636346700,+3.43,+14.926, +4.615,+0.982
1636346760,+3.43,+14.926, +4.615,+0.982
1636346820,+3.43,+14.918, +4.619,+0.982
1636346880,+3.43,+14.935, +4.615,+0.981
1636346940,+3.43,+14.909, +4.621,+0.982
1636347000,+3.43,+14.918, +4.618,+0.981
1636347060,+3.43,+14.926, +4.618,+0.982
1636347120,+3.43,+14.926, +4.612,+0.981
1636347180,+3.43,+14.926, +4.599,+0.982
1636347240,+3.43,+14.918, +4.572,+0.982
1636347300,+3.43,+14.944, +4.533,+0.981
1636347360,+3.43,+14.926, +4.519,+0.982
1636347420,+3.43,+14.935, +4.555,+0.981
1636347480,+3.43,+14.926, +4.580,+0.982
1636347540,+3.43,+14.918, +4.577,+0.982
1636347600,+3.43,+14.926, +4.571,+0.981
1636347660,+3.43,+14.935, +4.572,+0.982
1636347720,+3.43,+14.935, +4.569,+0.982
1636347780,+3.43,+14.944, +4.559,+0.982
1636347840,+3.43,+14.935, +4.561,+0.982
1636347900,+3.43,+14.918, +4.561,+0.982
1636347960,+3.43,+14.944, +4.553,+0.982
1636348020,+3.43,+14.935, +4.550,+0.982
1636348080,+3.43,+14.944, +4.544,+0.982
1636348140,+3.43,+14.918, +4.544,+0.982
1636348200,+3.43,+14.926, +4.540,+0.982
1636348260,+3.43,+14.918, +4.541,+0.982
1636348320,+3.43,+14.918, +4.535,+0.981
1636348380,+3.43,+14.909, +4.537,+0.982
1636348440,+3.43,+14.909, +4.533,+0.981
1636348500,+3.43,+14.918, +4.532,+0.982
1636348560,+3.43,+14.918, +4.537,+0.982
1636348620,+3.43,+14.926, +4.538,+0.982
1636348680,+3.43,+14.918, +4.538,+0.982
1636348740,+3.43,+14.935, +4.527,+0.982
1636348800,+3.43,+14.935, +4.521,+0.982
1636348860,+3.43,+14.926, +4.516,+0.982
1636348920,+3.43,+14.926, +4.504,+0.982
1636348980,+3.43,+14.944, +4.496,+0.981
1636349040,+3.43,+14.944, +4.512,+0.982
1636349100,+3.43,+14.926, +4.533,+0.982
1636349160,+3.43,+14.935, +4.540,+0.981
1636349220,+3.43,+14.935, +4.560,+0.982
1636349280,+3.43,+14.926, +4.570,+0.982
1636349340,+3.43,+14.944, +4.573,+0.982
1636349400,+3.43,+14.935, +4.579,+0.982
1636349460,+3.43,+14.935, +4.546,+0.982
1636349520,+3.43,+14.935, +4.442,+0.982
1636349580,+3.43,+14.944, +4.329,+0.981
1636349640,+3.43,+14.926, +4.249,+0.982
1636349700,+3.43,+14.935, +4.174,+0.982
1636349760,+3.43,+14.969, +4.088,+0.982
1636349820,+3.43,+14.944, +4.017,+0.982
1636349880,+3.43,+14.961, +3.944,+0.982
1636349940,+3.43,+14.952, +3.884,+0.982
1636350000,+3.43,+14.961, +3.838,+0.982
1636350060,+3.43,+14.961, +3.800,+0.982
1636350120,+3.43,+14.952, +3.779,+0.982
1636350180,+3.43,+14.952, +3.757,+0.982
1636350240,+3.43,+14.952, +3.737,+0.982
1636350300,+3.43,+14.952, +3.725,+0.982
1636350360,+3.43,+14.952, +3.717,+0.982
1636350420,+3.43,+14.944, +3.724,+0.982
1636350480,+3.43,+14.935, +3.744,+0.982
1636350540,+3.43,+14.952, +3.758,+0.982
1636350600,+3.43,+14.961, +3.773,+0.982
1636350660,+3.43,+14.952, +3.799,+0.982
1636350720,+3.43,+14.944, +3.805,+0.982
1636350780,+3.43,+14.961, +3.805,+0.982
1636350840,+3.43,+14.961, +3.814,+0.982
1636350900,+3.43,+14.944, +3.819,+0.982
1636350960,+3.43,+14.935, +3.829,+0.982
1636351020,+3.43,+14.952, +3.841,+0.982
1636351080,+3.43,+14.952, +3.862,+0.982
1636351140,+3.43,+14.961, +3.882,+0.982
1636351200,+3.43,+14.952, +3.908,+0.982
1636351260,+3.43,+14.952, +3.926,+0.982
1636351320,+3.43,+14.961, +3.946,+0.982
1636351380,+3.43,+14.952, +3.974,+0.982
1636351440,+3.43,+14.935, +4.011,+0.982
1636351500,+3.43,+14.944, +4.058,+0.982
1636351560,+3.43,+14.969, +4.115,+0.982
1636351620,+3.43,+14.961, +4.164,+0.982
1636351680,+3.43,+14.944, +4.198,+0.982
1636351740,+3.43,+14.952, +4.206,+0.982
1636351800,+3.43,+14.935, +4.215,+0.982
1636351860,+3.43,+14.926, +4.206,+0.982
1636351920,+3.43,+14.944, +4.201,+0.982
1636351980,+3.43,+14.952, +4.200,+0.982
1636352040,+3.43,+14.935, +4.213,+0.982
1636352100,+3.43,+14.935, +4.233,+0.982
1636352160,+3.43,+14.952, +4.267,+0.982
1636352220,+3.43,+14.961, +4.301,+0.982
1636352280,+3.43,+14.978, +4.336,+0.982
1636352340,+3.43,+14.952, +4.373,+0.981
1636352400,+3.43,+14.961, +4.396,+0.981
1636352460,+3.43,+14.969, +4.420,+0.982
1636352520,+3.43,+14.978, +4.431,+0.982
1636352580,+3.43,+14.961, +4.454,+0.982
1636352640,+3.43,+14.969, +4.468,+0.981
1636352700,+3.43,+14.987, +4.493,+0.982
1636352760,+3.43,+14.978, +4.517,+0.982
1636352820,+3.43,+14.961, +4.541,+0.982
1636352880,+3.43,+14.961, +4.550,+0.982
1636352940,+3.43,+14.978, +4.554,+0.982
1636353000,+3.43,+14.978, +4.553,+0.981
1636353060,+3.43,+14.969, +4.555,+0.982
1636353120,+3.43,+14.978, +4.548,+0.981
1636353180,+3.43,+14.978, +4.554,+0.982
1636353240,+3.43,+14.978, +4.557,+0.982
1636353300,+3.43,+14.961, +4.564,+0.981
1636353360,+3.43,+14.961, +4.571,+0.981
1636353420,+3.43,+14.952, +4.568,+0.982
1636353480,+3.43,+14.961, +4.539,+0.982
1636353540,+3.43,+14.952, +4.488,+0.982
1636353600,+3.43,+14.952, +4.447,+0.982
1636353660,+3.43,+14.952, +4.416,+0.982
1636353720,+3.43,+14.944, +4.388,+0.982
1636353780,+3.43,+14.952, +4.370,+0.982
1636353840,+3.43,+14.952, +4.353,+0.982
1636353900,+3.43,+14.952, +4.329,+0.982
1636353960,+3.43,+14.952, +4.309,+0.982
1636354020,+3.43,+14.944, +4.293,+0.982
1636354080,+3.43,+14.961, +4.267,+0.982
1636354140,+3.43,+14.952, +4.239,+0.982
1636354200,+3.43,+14.961, +4.203,+0.982
1636354260,+3.43,+14.969, +4.166,+0.982
1636354320,+3.43,+14.961, +4.134,+0.982
1636354380,+3.43,+14.961, +4.097,+0.982
1636354440,+3.43,+14.961, +4.074,+0.982
1636354500,+3.43,+14.961, +4.066,+0.982
1636354560,+3.43,+14.961, +4.080,+0.982
1636354620,+3.43,+14.969, +4.098,+0.982
1636354680,+3.43,+14.952, +4.130,+0.982
1636354740,+3.43,+14.935, +4.159,+0.982
1636354800,+3.43,+14.961, +4.168,+0.982
1636354860,+3.43,+14.944, +4.184,+0.982
1636354920,+3.43,+14.969, +4.182,+0.982
1636354980,+3.43,+14.961, +4.169,+0.982
1636355040,+3.43,+14.961, +4.160,+0.982
1636355100,+3.43,+14.961, +4.146,+0.982
1636355160,+3.43,+14.952, +4.138,+0.982
1636355220,+3.43,+14.969, +4.123,+0.982
1636355280,+3.43,+14.961, +4.110,+0.982
1636355340,+3.43,+14.952, +4.090,+0.982
1636355400,+3.43,+14.952, +4.080,+0.982
1636355460,+3.43,+14.952, +4.076,+0.982
1636355520,+3.43,+14.944, +4.079,+0.982
1636355580,+3.43,+14.952, +4.102,+0.982
1636355640,+3.43,+14.952, +4.123,+0.982
1636355700,+3.43,+14.952, +4.141,+0.982
1636355760,+3.43,+14.944, +4.148,+0.982
1636355820,+3.43,+14.961, +4.140,+0.982
1636355880,+3.43,+14.952, +4.131,+0.982
1636355940,+3.43,+14.926, +4.116,+0.982
1636356000,+3.43,+14.935, +4.091,+0.982
1636356060,+3.43,+14.969, +4.066,+0.982
1636356120,+3.43,+14.926, +4.065,+0.982
1636356180,+3.43,+14.952, +4.058,+0.982
1636356240,+3.43,+14.935, +4.073,+0.982
1636356300,+3.43,+14.944, +4.087,+0.982
1636356360,+3.43,+14.961, +4.107,+0.982
1636356420,+3.43,+14.952, +4.131,+0.982
1636356480,+3.43,+14.961, +4.161,+0.982
1636356540,+3.43,+14.944, +4.208,+0.982
1636356600,+3.43,+14.944, +4.240,+0.982
1636356660,+3.43,+14.944, +4.254,+0.982
1636356720,+3.43,+14.952, +4.241,+0.982
1636356780,+3.43,+14.952, +4.220,+0.982
1636356840,+3.43,+14.961, +4.212,+0.982
1636356900,+3.43,+14.952, +4.210,+0.982
1636356960,+3.43,+14.961, +4.210,+0.982
1636357020,+3.43,+14.978, +4.206,+0.982
1636357080,+3.43,+14.969, +4.223,+0.982
1636357140,+3.43,+14.952, +4.259,+0.982
1636357200,+3.43,+14.952, +4.277,+0.982
1636357260,+3.43,+14.952, +4.282,+0.982
1636357320,+3.43,+14.952, +4.265,+0.982
1636357380,+3.43,+14.961, +4.238,+0.982
1636357440,+3.43,+14.961, +4.206,+0.981
1636357500,+3.43,+14.935, +4.190,+0.982
1636357560,+3.43,+14.952, +4.170,+0.982
1636357620,+3.43,+14.952, +4.163,+0.982
1636357680,+3.43,+14.918, +4.167,+0.982
1636357740,+3.43,+14.944, +4.157,+0.982
1636357800,+3.43,+14.952, +4.154,+0.982
1636357860,+3.43,+14.935, +4.144,+0.982
1636357920,+3.43,+14.935, +4.130,+0.982
1636357980,+3.43,+14.935, +4.101,+0.982
1636358040,+3.43,+14.944, +4.061,+0.982
1636358100,+3.43,+14.969, +4.020,+0.982
1636358160,+3.43,+14.935, +4.003,+0.982
1636358220,+3.43,+14.952, +3.986,+0.982
1636358280,+3.43,+14.952, +3.982,+0.982
1636358340,+3.43,+14.935, +3.992,+0.982
1636358400,+3.43,+14.935, +4.010,+0.982
1636358460,+3.43,+14.944, +4.019,+0.982
1636358520,+3.43,+14.944, +4.026,+0.982
1636358580,+3.43,+14.935, +4.040,+0.982
1636358640,+3.43,+14.952, +4.073,+0.982
1636358700,+3.43,+14.935, +4.105,+0.982
1636358760,+3.43,+14.944, +4.121,+0.982
1636358820,+3.43,+14.935, +4.130,+0.982
1636358880,+3.43,+14.944, +4.142,+0.982
1636358940,+3.43,+14.944, +4.150,+0.982
1636359000,+3.43,+14.952, +4.137,+0.982
1636359060,+3.43,+14.961, +4.106,+0.982
1636359120,+3.43,+14.952, +4.080,+0.982
1636359180,+3.43,+14.961, +4.054,+0.982
1636359240,+3.43,+14.969, +4.029,+0.982
1636359300,+3.43,+14.944, +4.004,+0.982
1636359360,+3.43,+14.952, +3.970,+0.982
1636359420,+3.43,+14.969, +3.950,+0.982
1636359480,+3.43,+14.952, +3.935,+0.982
1636359540,+3.43,+14.978, +3.934,+0.982
1636359600,+3.43,+14.961, +3.953,+0.982
1636359660,+3.43,+14.961, +3.972,+0.982
1636359720,+3.43,+14.961, +4.001,+0.982
1636359780,+3.43,+14.944, +4.027,+0.982
1636359840,+3.43,+14.952, +4.048,+0.982
1636359900,+3.43,+14.952, +4.069,+0.982
1636359960,+3.43,+14.952, +4.093,+0.982
1636360020,+3.43,+14.944, +4.113,+0.982
1636360080,+3.43,+14.952, +4.132,+0.982
1636360140,+3.43,+14.952, +4.153,+0.982
1636360200,+3.43,+14.961, +4.173,+0.982
1636360260,+3.43,+14.969, +4.195,+0.982
1636360320,+3.43,+14.961, +4.219,+0.982
1636360380,+3.43,+14.961, +4.232,+0.982
1636360440,+3.43,+14.969, +4.245,+0.982
1636360500,+3.43,+14.952, +4.255,+0.982
1636360560,+3.43,+14.961, +4.240,+0.982
1636360620,+3.43,+14.944, +4.218,+0.982
1636360680,+3.43,+14.935, +4.202,+0.982
1636360740,+3.43,+14.944, +4.190,+0.982
1636360800,+3.43,+14.944, +4.191,+0.982
1636360860,+3.43,+14.952, +4.196,+0.982
1636360920,+3.43,+14.952, +4.217,+0.982
1636360980,+3.43,+14.969, +4.235,+0.982
1636361040,+3.43,+14.952, +4.236,+0.982
1636361100,+3.43,+14.952, +4.218,+0.982
1636361160,+3.43,+14.969, +4.192,+0.982
1636361220,+3.43,+14.969, +4.172,+0.982
1636361280,+3.43,+14.969, +4.161,+0.982
1636361340,+3.43,+14.978, +4.147,+0.982
1636361400,+3.43,+14.987, +4.134,+0.982
1636361460,+3.43,+14.978, +4.121,+0.982
1636361520,+3.43,+14.978, +4.106,+0.982
1636361580,+3.43,+14.978, +4.090,+0.982
1636361640,+3.43,+14.969, +4.072,+0.982
1636361700,+3.43,+14.978, +4.051,+0.982
1636361760,+3.43,+14.961, +4.033,+0.982
1636361820,+3.43,+14.969, +4.009,+0.982
1636361880,+3.43,+14.969, +3.991,+0.982
1636361940,+3.43,+14.978, +4.003,+0.982
1636362000,+3.43,+14.978, +4.018,+0.982
1636362060,+3.43,+14.978, +3.996,+0.982
1636362120,+3.43,+14.987, +3.975,+0.982
1636362180,+3.43,+14.978, +3.948,+0.982
1636362240,+3.43,+14.987, +3.924,+0.982
1636362300,+3.43,+14.978, +3.904,+0.982
1636362360,+3.43,+14.969, +3.890,+0.982
1636362420,+3.43,+14.995, +3.853,+0.982
1636362480,+3.43,+14.995, +3.832,+0.982
1636362540,+3.43,+14.987, +3.822,+0.982
1636362600,+3.43,+14.987, +3.829,+0.982
1636362660,+3.43,+14.987, +3.833,+0.982
1636362720,+3.43,+15.004, +3.829,+0.982
1636362780,+3.43,+14.978, +3.834,+0.982
1636362840,+3.43,+14.978, +3.831,+0.982
1636362900,+3.43,+14.995, +3.820,+0.982
1636362960,+3.43,+15.004, +3.823,+0.982
1636363020,+3.43,+14.978, +3.814,+0.982
1636363080,+3.43,+14.995, +3.780,+0.982
1636363140,+3.43,+14.995, +3.752,+0.982
1636363200,+3.43,+14.987, +3.711,+0.982
1636363260,+3.43,+14.995, +3.667,+0.982
1636363320,+3.43,+14.987, +3.636,+0.982
1636363380,+3.43,+15.004, +3.611,+0.982
1636363440,+3.43,+14.995, +3.590,+0.982
1636363500,+3.43,+14.987, +3.563,+0.982
1636363560,+3.43,+14.995, +3.538,+0.982
1636363620,+3.43,+15.021, +3.530,+0.982
1636363680,+3.43,+14.987, +3.547,+0.982
1636363740,+3.43,+14.995, +3.583,+0.982
1636363800,+3.43,+14.995, +3.611,+0.982
1636363860,+3.43,+15.004, +3.610,+0.982
1636363920,+3.43,+14.987, +3.568,+0.982
1636363980,+3.43,+14.995, +3.534,+0.982
1636364040,+3.43,+14.978, +3.514,+0.982
1636364100,+3.43,+14.995, +3.520,+0.982
1636364160,+3.43,+14.995, +3.548,+0.982
1636364220,+3.43,+14.978, +3.588,+0.982
1636364280,+3.43,+15.004, +3.620,+0.982
1636364340,+3.43,+14.969, +3.654,+0.982
1636364400,+3.43,+14.978, +3.675,+0.982
1636364460,+3.43,+14.978, +3.699,+0.982
1636364520,+3.43,+14.987, +3.728,+0.982
1636364580,+3.43,+14.978, +3.756,+0.982
1636364640,+3.43,+14.995, +3.784,+0.982
1636364700,+3.43,+14.978, +3.788,+0.982
1636364760,+3.43,+14.978, +3.788,+0.982
1636364820,+3.43,+14.987, +3.776,+0.982
1636364880,+3.43,+14.987, +3.746,+0.982
1636364940,+3.43,+14.978, +3.713,+0.982
1636365000,+3.43,+14.987, +3.668,+0.983
1636365060,+3.43,+15.004, +3.619,+0.982
1636365120,+3.43,+15.004, +3.586,+0.982
1636365180,+3.43,+14.995, +3.546,+0.982
1636365240,+3.43,+14.987, +3.515,+0.982
1636365300,+3.43,+14.987, +3.544,+0.982
1636365360,+3.43,+14.987, +3.550,+0.982
1636365420,+3.43,+14.995, +3.517,+0.982
1636365480,+3.43,+14.987, +3.491,+0.982
1636365540,+3.43,+14.978, +3.475,+0.982
1636365600,+3.43,+15.004, +3.452,+0.982
1636365660,+3.43,+14.995, +3.444,+0.982
1636365720,+3.43,+14.987, +3.443,+0.982
1636365780,+3.43,+14.978, +3.445,+0.982
1636365840,+3.43,+14.995, +3.466,+0.982
1636365900,+3.43,+14.987, +3.490,+0.982
1636365960,+3.43,+14.995, +3.512,+0.982
1636366020,+3.43,+14.969, +3.536,+0.982
1636366080,+3.43,+14.969, +3.550,+0.982
1636366140,+3.43,+14.978, +3.561,+0.982
1636366200,+3.43,+14.969, +3.565,+0.982
1636366260,+3.43,+14.987, +3.568,+0.982
1636366320,+3.43,+14.969, +3.561,+0.982
1636366380,+3.43,+14.969, +3.540,+0.982
1636366440,+3.43,+14.961, +3.521,+0.982
1636366500,+3.43,+14.969, +3.497,+0.982
1636366560,+3.43,+14.961, +3.465,+0.982
1636366620,+3.43,+14.978, +3.443,+0.982
1636366680,+3.43,+14.969, +3.429,+0.982
1636366740,+3.43,+14.978, +3.423,+0.982
1636366800,+3.43,+14.978, +3.423,+0.982
1636366860,+3.43,+14.978, +3.428,+0.982
1636366920,+3.43,+14.978, +3.436,+0.982
1636366980,+3.43,+14.969, +3.456,+0.982
1636367040,+3.43,+14.978, +3.466,+0.982
1636367100,+3.43,+14.969, +3.481,+0.982
1636367160,+3.43,+14.987, +3.485,+0.982
1636367220,+3.43,+14.987, +3.478,+0.982
1636367280,+3.43,+14.978, +3.474,+0.982
1636367340,+3.43,+14.978, +3.482,+0.982
1636367400,+3.43,+14.961, +3.492,+0.982
1636367460,+3.43,+14.969, +3.497,+0.983
1636367520,+3.43,+14.952, +3.498,+0.982
1636367580,+3.43,+14.978, +3.492,+0.982
1636367640,+3.43,+14.969, +3.500,+0.982
1636367700,+3.43,+14.969, +3.504,+0.982
1636367760,+3.43,+14.978, +3.510,+0.982
1636367820,+3.43,+14.969, +3.518,+0.982
1636367880,+3.43,+14.961, +3.516,+0.982
1636367940,+3.43,+14.969, +3.517,+0.982
1636368000,+3.43,+14.961, +3.515,+0.982
1636368060,+3.43,+14.969, +3.510,+0.982
1636368120,+3.43,+14.995, +3.494,+0.982
1636368180,+3.43,+14.987, +3.492,+0.982
1636368240,+3.43,+14.978, +3.487,+0.982
1636368300,+3.43,+14.987, +3.483,+0.982
1636368360,+3.43,+14.995, +3.481,+0.982
1636368420,+3.43,+14.969, +3.485,+0.982
1636368480,+3.43,+14.969, +3.485,+0.982
1636368540,+3.43,+14.987, +3.484,+0.982
1636368600,+3.43,+14.961, +3.507,+0.982
1636368660,+3.43,+14.952, +3.536,+0.982
1636368720,+3.43,+14.978, +3.552,+0.982
1636368780,+3.43,+14.969, +3.587,+0.982
1636368840,+3.43,+14.978, +3.617,+0.982
1636368900,+3.43,+14.978, +3.622,+0.982
1636368960,+3.43,+14.978, +3.616,+0.982
1636369020,+3.43,+14.978, +3.615,+0.982
1636369080,+3.43,+14.969, +3.624,+0.982
1636369140,+3.43,+14.969, +3.626,+0.982
1636369200,+3.43,+14.969, +3.618,+0.982
1636369260,+3.43,+14.952, +3.604,+0.982
1636369320,+3.43,+14.952, +3.579,+0.982
1636369380,+3.43,+14.961, +3.551,+0.982
1636369440,+3.43,+14.987, +3.543,+0.982
1636369500,+3.43,+14.978, +3.555,+0.982
1636369560,+3.43,+14.978, +3.572,+0.982
1636369620,+3.43,+14.978, +3.584,+0.982
1636369680,+3.43,+14.987, +3.576,+0.982
1636369740,+3.43,+14.969, +3.583,+0.982
1636369800,+3.43,+14.987, +3.578,+0.982
1636369860,+3.43,+14.995, +3.560,+0.982
1636369920,+3.43,+14.995, +3.557,+0.982
1636369980,+3.43,+14.987, +3.558,+0.982
1636370040,+3.43,+14.978, +3.557,+0.982
1636370100,+3.43,+14.987, +3.556,+0.982
1636370160,+3.43,+14.969, +3.567,+0.982
1636370220,+3.43,+14.978, +3.576,+0.982
1636370280,+3.43,+14.969, +3.587,+0.982
1636370340,+3.43,+14.978, +3.601,+0.982
1636370400,+3.43,+14.961, +3.610,+0.982
1636370460,+3.43,+14.969, +3.623,+0.982
1636370520,+3.43,+14.995, +3.646,+0.982
1636370580,+3.43,+14.969, +3.650,+0.982
1636370640,+3.43,+14.961, +3.645,+0.982
1636370700,+3.43,+14.969, +3.633,+0.982
1636370760,+3.43,+14.978, +3.627,+0.982
1636370820,+3.43,+14.969, +3.620,+0.982
1636370880,+3.43,+14.952, +3.618,+0.982
1636370940,+3.43,+14.969, +3.614,+0.982
1636371000,+3.43,+14.961, +3.612,+0.982
1636371060,+3.43,+14.961, +3.612,+0.982
1636371120,+3.43,+14.961, +3.605,+0.982
1636371180,+3.43,+14.969, +3.601,+0.982
1636371240,+3.43,+14.978, +3.597,+0.982
1636371300,+3.43,+14.952, +3.596,+0.982
1636371360,+3.43,+14.987, +3.578,+0.982
1636371420,+3.43,+14.978, +3.581,+0.982
1636371480,+3.43,+14.978, +3.578,+0.982
1636371540,+3.43,+14.969, +3.584,+0.982
1636371600,+3.43,+14.978, +3.604,+0.982
1636371660,+3.43,+14.969, +3.628,+0.982
1636371720,+3.43,+14.961, +3.652,+0.982
1636371780,+3.43,+14.961, +3.668,+0.982
1636371840,+3.43,+14.978, +3.680,+0.982
1636371900,+3.43,+14.969, +3.691,+0.982
1636371960,+3.43,+14.978, +3.699,+0.982
1636372020,+3.43,+14.961, +3.716,+0.982
1636372080,+3.43,+14.969, +3.711,+0.982
1636372140,+3.43,+14.978, +3.708,+0.982
1636372200,+3.43,+14.961, +3.730,+0.982
1636372260,+3.43,+14.978, +3.779,+0.982
1636372320,+3.43,+14.952, +3.891,+0.982
1636372380,+3.43,+14.944, +3.968,+0.982
1636372440,+3.43,+14.952, +4.026,+0.982
1636372500,+3.43,+14.952, +4.072,+0.982
1636372560,+3.43,+14.978, +4.107,+0.982
1636372620,+3.43,+14.961, +4.141,+0.982
1636372680,+3.43,+14.952, +4.159,+0.982
1636372740,+3.43,+14.952, +4.168,+0.982
1636372800,+3.43,+14.961, +4.173,+0.982
1636372860,+3.43,+14.944, +4.174,+0.982
1636372920,+3.43,+14.944, +4.135,+0.982
1636372980,+3.43,+14.961, +4.113,+0.982
1636373040,+3.43,+14.961, +4.102,+0.982
1636373100,+3.43,+14.952, +4.116,+0.982
1636373160,+3.43,+14.961, +4.077,+0.982
1636373220,+3.43,+14.952, +3.983,+0.982
1636373280,+3.43,+14.969, +3.890,+0.982
1636373340,+3.43,+14.961, +3.792,+0.982
1636373400,+3.43,+14.969, +3.728,+0.982
1636373460,+3.43,+14.961, +3.692,+0.982
1636373520,+3.43,+14.969, +3.660,+0.982
1636373580,+3.43,+14.961, +3.649,+0.982
1636373640,+3.43,+14.969, +3.644,+0.982
1636373700,+3.43,+14.978, +3.649,+0.982
1636373760,+3.43,+14.961, +3.655,+0.982
1636373820,+3.43,+14.969, +3.656,+0.982
1636373880,+3.43,+14.969, +3.660,+0.982
1636373940,+3.43,+14.952, +3.673,+0.982
1636374000,+3.43,+14.987, +3.673,+0.982
1636374060,+3.43,+14.969, +3.682,+0.983
1636374120,+3.43,+14.978, +3.688,+0.982
1636374180,+3.43,+14.961, +3.693,+0.982
1636374240,+3.43,+14.969, +3.691,+0.982
1636374300,+3.43,+14.969, +3.693,+0.982
1636374360,+3.43,+14.978, +3.689,+0.982
1636374420,+3.43,+14.978, +3.686,+0.982
1636374480,+3.43,+14.969, +3.686,+0.982
1636374540,+3.43,+14.969, +3.685,+0.982
1636374600,+3.43,+14.987, +3.686,+0.982
1636374660,+3.43,+14.987, +3.684,+0.982
1636374720,+3.43,+14.969, +3.687,+0.982
1636374780,+3.43,+14.969, +3.685,+0.982
1636374840,+3.43,+14.969, +3.682,+0.982
1636374900,+3.43,+14.969, +3.679,+0.982
1636374960,+3.43,+14.987, +3.665,+0.982
1636375020,+3.43,+14.978, +3.660,+0.982
1636375080,+3.43,+14.969, +3.651,+0.982
1636375140,+3.43,+14.969, +3.640,+0.982
1636375200,+3.43,+14.969, +3.629,+0.982
1636375260,+3.43,+14.978, +3.619,+0.982
1636375320,+3.43,+14.987, +3.606,+0.982
1636375380,+3.43,+14.987, +3.597,+0.982
1636375440,+3.43,+14.978, +3.593,+0.982
1636375500,+3.43,+14.978, +3.585,+0.982
1636375560,+3.43,+14.987, +3.579,+0.982
1636375620,+3.43,+14.978, +3.578,+0.982
1636375680,+3.43,+14.995, +3.570,+0.982
1636375740,+3.43,+14.978, +3.566,+0.982
1636375800,+3.43,+14.987, +3.560,+0.982
1636375860,+3.43,+14.987, +3.554,+0.982
1636375920,+3.43,+14.961, +3.547,+0.983
1636375980,+3.43,+14.978, +3.562,+0.982
1636376040,+3.43,+14.969, +3.652,+0.982
1636376100,+3.43,+14.935, +3.743,+0.982
1636376160,+3.43,+14.961, +3.811,+0.982
1636376220,+3.43,+14.952, +3.875,+0.982
1636376280,+3.43,+14.952, +3.919,+0.982
1636376340,+3.43,+14.961, +3.964,+0.982
1636376400,+3.43,+14.961, +4.013,+0.982
1636376460,+3.43,+14.969, +4.063,+0.982
1636376520,+3.43,+14.961, +4.105,+0.982
1636376580,+3.43,+14.961, +4.141,+0.982
1636376640,+3.43,+14.987, +4.149,+0.982
1636376700,+3.43,+14.995, +4.141,+0.982
1636376760,+3.43,+14.978, +4.153,+0.982
1636376820,+3.43,+14.969, +4.173,+0.982
1636376880,+3.43,+14.978, +4.195,+0.982
1636376940,+3.43,+14.978, +4.208,+0.982
1636377000,+3.43,+14.987, +4.218,+0.982
1636377060,+3.43,+14.987, +4.225,+0.982
1636377120,+3.43,+14.987, +4.251,+0.982
1636377180,+3.43,+14.995, +4.273,+0.982
1636377240,+3.43,+14.978, +4.287,+0.982
1636377300,+3.43,+14.969, +4.281,+0.982
1636377360,+3.43,+14.987, +4.274,+0.982
1636377420,+3.43,+14.987, +4.264,+0.982
1636377480,+3.43,+14.978, +4.263,+0.982
1636377540,+3.43,+14.987, +4.261,+0.982
1636377600,+3.43,+14.995, +4.249,+0.982
1636377660,+3.43,+14.987, +4.261,+0.982
1636377720,+3.43,+14.987, +4.273,+0.982
1636377780,+3.43,+15.012, +4.271,+0.982
1636377840,+3.43,+14.978, +4.275,+0.982
1636377900,+3.43,+14.987, +4.277,+0.982
1636377960,+3.43,+14.995, +4.282,+0.982
1636378020,+3.43,+14.987, +4.288,+0.982
1636378080,+3.43,+14.995, +4.281,+0.982
1636378140,+3.43,+14.987, +4.279,+0.982
1636378200,+3.43,+14.987, +4.277,+0.982
1636378260,+3.43,+14.978, +4.279,+0.982
1636378320,+3.43,+14.969, +4.290,+0.982
1636378380,+3.43,+14.952, +4.295,+0.982
1636378440,+3.43,+14.944, +4.286,+0.982
1636378500,+3.43,+14.952, +4.265,+0.982
1636378560,+3.43,+14.952, +4.233,+0.982
1636378620,+3.43,+14.969, +4.199,+0.982
1636378680,+3.43,+14.961, +4.187,+0.982
1636378740,+3.43,+14.969, +4.166,+0.982
1636378800,+3.43,+14.978, +4.127,+0.982
1636378860,+3.43,+14.978, +4.088,+0.982
1636378920,+3.43,+14.969, +4.029,+0.982
1636378980,+3.43,+14.961, +3.962,+0.982
1636379040,+3.43,+14.987, +3.896,+0.982
1636379100,+3.43,+14.969, +3.854,+0.982
1636379160,+3.43,+14.969, +3.799,+0.982
1636379220,+3.43,+14.969, +3.844,+0.983
1636379280,+3.43,+14.969, +3.903,+0.982
1636379340,+3.43,+14.969, +3.865,+0.982
1636379400,+3.43,+14.978, +3.788,+0.982
1636379460,+3.43,+14.978, +3.703,+0.982
1636379520,+3.43,+14.995, +3.631,+0.982
1636379580,+3.43,+14.987, +3.556,+0.982
1636379640,+3.43,+14.978, +3.488,+0.982
1636379700,+3.43,+15.004, +3.450,+0.982
1636379760,+3.43,+14.987, +3.463,+0.982
1636379820,+3.43,+15.004, +3.471,+0.982
1636379880,+3.43,+15.004, +3.462,+0.982
1636379940,+3.43,+14.995, +3.475,+0.983
1636380000,+3.43,+14.978, +3.478,+0.982
1636380060,+3.43,+15.004, +3.415,+0.982
1636380120,+3.43,+15.004, +3.354,+0.982
1636380180,+3.43,+15.004, +3.317,+0.982
1636380240,+3.43,+15.012, +3.279,+0.982
1636380300,+3.43,+15.030, +3.249,+0.982
1636380360,+3.43,+15.012, +3.232,+0.982
1636380420,+3.43,+15.021, +3.266,+0.982
1636380480,+3.43,+15.021, +3.250,+0.982
1636380540,+3.43,+15.004, +3.234,+0.982
1636380600,+3.43,+15.030, +3.252,+0.982
1636380660,+3.43,+15.021, +3.269,+0.982
1636380720,+3.43,+15.012, +3.317,+0.982
1636380780,+3.43,+15.012, +3.366,+0.982
1636380840,+3.43,+14.978, +3.431,+0.982
1636380900,+3.43,+14.987, +3.520,+0.982
1636380960,+3.43,+14.987, +3.609,+0.982
1636381020,+3.43,+14.995, +3.654,+0.982
1636381080,+3.43,+14.978, +3.671,+0.982
1636381140,+3.43,+14.978, +3.696,+0.982
1636381200,+3.43,+14.978, +3.715,+0.982
1636381260,+3.43,+14.978, +3.725,+0.982
1636381320,+3.43,+14.961, +3.732,+0.982
1636381380,+3.43,+14.978, +3.725,+0.982
1636381440,+3.43,+14.987, +3.721,+0.982
1636381500,+3.43,+14.978, +3.731,+0.982
1636381560,+3.43,+14.978, +3.762,+0.982
1636381620,+3.43,+14.978, +3.823,+0.982
1636381680,+3.43,+14.978, +3.874,+0.982
1636381740,+3.43,+14.978, +3.919,+0.982
1636381800,+3.43,+14.969, +3.972,+0.982
1636381860,+3.43,+14.978, +3.997,+0.982
1636381920,+3.43,+14.987, +4.002,+0.982
1636381980,+3.43,+14.961, +4.002,+0.982
1636382040,+3.43,+14.978, +3.974,+0.982
1636382100,+3.43,+14.978, +3.968,+0.982
1636382160,+3.43,+14.978, +4.007,+0.982
1636382220,+3.43,+14.987, +4.063,+0.982
1636382280,+3.43,+14.995, +4.099,+0.982
1636382340,+3.43,+14.969, +4.129,+0.982
1636382400,+3.43,+14.978, +4.130,+0.982
1636382460,+3.43,+14.961, +4.124,+0.982
1636382520,+3.43,+14.969, +4.114,+0.982
1636382580,+3.43,+14.969, +4.110,+0.982
1636382640,+3.43,+14.978, +4.103,+0.982
1636382700,+3.43,+14.969, +4.095,+0.982
1636382760,+3.43,+14.961, +4.094,+0.982
1636382820,+3.43,+14.952, +4.097,+0.982
1636382880,+3.43,+14.987, +4.087,+0.982
1636382940,+3.43,+14.987, +4.084,+0.982
1636383000,+3.43,+14.969, +4.094,+0.982
1636383060,+3.43,+14.987, +4.104,+0.982
1636383120,+3.43,+14.978, +4.120,+0.982
1636383180,+3.43,+14.978, +4.123,+0.982
1636383240,+3.43,+14.987, +4.126,+0.982
1636383300,+3.43,+14.969, +4.115,+0.982
1636383360,+3.43,+14.969, +4.053,+0.982
1636383420,+3.43,+14.987, +4.014,+0.982
1636383480,+3.43,+14.995, +4.006,+0.982
1636383540,+3.43,+14.978, +4.014,+0.982
1636383600,+3.43,+14.969, +3.999,+0.982
1636383660,+3.43,+14.969, +3.969,+0.982
1636383720,+3.43,+14.987, +3.932,+0.982
1636383780,+3.43,+14.969, +3.895,+0.982
1636383840,+3.43,+14.987, +3.854,+0.982
1636383900,+3.43,+14.987, +3.808,+0.982
1636383960,+3.43,+14.987, +3.764,+0.982
1636384020,+3.43,+14.969, +3.749,+0.982
1636384080,+3.43,+14.987, +3.755,+0.982
1636384140,+3.43,+14.969, +3.780,+0.982
1636384200,+3.43,+14.978, +3.775,+0.982
1636384260,+3.43,+14.978, +3.776,+0.982
1636384320,+3.43,+14.987, +3.769,+0.982
1636384380,+3.43,+14.978, +3.744,+0.982
1636384440,+3.43,+14.978, +3.700,+0.982
1636384500,+3.43,+14.995, +3.652,+0.982
1636384560,+3.43,+14.978, +3.653,+0.982
1636384620,+3.43,+15.004, +3.642,+0.982
1636384680,+3.43,+14.995, +3.633,+0.982
1636384740,+3.43,+15.004, +3.619,+0.982
1636384800,+3.43,+15.004, +3.609,+0.982
1636384860,+3.43,+15.004, +3.615,+0.982
1636384920,+3.43,+15.012, +3.630,+0.982
1636384980,+3.43,+15.012, +3.631,+0.982
1636385040,+3.43,+15.004, +3.597,+0.982
1636385100,+3.43,+15.012, +3.572,+0.982
1636385160,+3.43,+15.030, +3.572,+0.982
1636385220,+3.43,+15.030, +3.582,+0.982
1636385280,+3.43,+15.012, +3.603,+0.982
1636385340,+3.43,+15.030, +3.602,+0.982
1636385400,+3.43,+15.030, +3.563,+0.982
1636385460,+3.43,+15.021, +3.546,+0.982
1636385520,+3.43,+15.030, +3.543,+0.982
1636385580,+3.43,+15.021, +3.524,+0.982
1636385640,+3.43,+15.047, +3.447,+0.982
1636385700,+3.43,+15.021, +3.409,+0.982
1636385760,+3.43,+15.030, +3.383,+0.982
1636385820,+3.43,+15.021, +3.359,+0.982
1636385880,+3.43,+15.030, +3.338,+0.982
1636385940,+3.43,+15.012, +3.322,+0.982
1636386000,+3.43,+15.030, +3.322,+0.982
1636386060,+3.43,+15.030, +3.324,+0.982
1636386120,+3.43,+15.021, +3.324,+0.982
1636386180,+3.43,+15.021, +3.314,+0.982
1636386240,+3.43,+15.047, +3.307,+0.982
1636386300,+3.43,+15.038, +3.305,+0.982
1636386360,+3.43,+15.038, +3.287,+0.982
1636386420,+3.43,+15.038, +3.266,+0.982
1636386480,+3.43,+15.030, +3.240,+0.982
1636386540,+3.43,+15.047, +3.241,+0.982
1636386600,+3.43,+15.047, +3.246,+0.982
1636386660,+3.43,+15.038, +3.245,+0.982
1636386720,+3.43,+15.038, +3.248,+0.982
1636386780,+3.43,+15.055, +3.240,+0.982
1636386840,+3.43,+15.047, +3.229,+0.982
1636386900,+3.43,+15.055, +3.226,+0.982
1636386960,+3.43,+15.055, +3.221,+0.982
1636387020,+3.43,+15.064, +3.218,+0.982
1636387080,+3.43,+15.064, +3.219,+0.982
1636387140,+3.43,+15.047, +3.228,+0.982
1636387200,+3.43,+15.047, +3.232,+0.982
1636387260,+3.43,+15.064, +3.227,+0.982
1636387320,+3.43,+15.047, +3.229,+0.982
1636387380,+3.43,+15.038, +3.225,+0.982
1636387440,+3.43,+15.038, +3.233,+0.982
1636387500,+3.43,+15.030, +3.252,+0.982
1636387560,+3.43,+15.038, +3.269,+0.982
1636387620,+3.43,+15.038, +3.290,+0.982
1636387680,+3.43,+15.038, +3.300,+0.982
1636387740,+3.43,+15.038, +3.324,+0.982
1636387800,+3.43,+15.021, +3.347,+0.982
1636387860,+3.43,+15.047, +3.372,+0.982
1636387920,+3.43,+15.030, +3.396,+0.982
1636387980,+3.43,+15.030, +3.413,+0.982
1636388040,+3.43,+15.021, +3.431,+0.982
1636388100,+3.43,+15.012, +3.469,+0.982
1636388160,+3.43,+15.038, +3.487,+0.982
1636388220,+3.43,+14.995, +3.504,+0.982
1636388280,+3.43,+15.021, +3.514,+0.982
1636388340,+3.43,+14.995, +3.537,+0.982
1636388400,+3.43,+15.004, +3.557,+0.982
1636388460,+3.43,+15.030, +3.552,+0.982
1636388520,+3.43,+15.012, +3.547,+0.982
1636388580,+3.43,+15.021, +3.525,+0.982
1636388640,+3.43,+15.021, +3.496,+0.982
1636388700,+3.43,+15.021, +3.469,+0.982
1636388760,+3.43,+15.004, +3.454,+0.982
1636388820,+3.43,+15.021, +3.439,+0.982
1636388880,+3.43,+15.021, +3.419,+0.982
1636388940,+3.43,+15.021, +3.404,+0.982
1636389000,+3.43,+15.021, +3.393,+0.982
1636389060,+3.43,+15.021, +3.399,+0.982
1636389120,+3.43,+15.021, +3.398,+0.982
1636389180,+3.43,+15.012, +3.393,+0.982
1636389240,+3.43,+14.995, +3.389,+0.982
1636389300,+3.43,+15.012, +3.385,+0.982
1636389360,+3.43,+15.021, +3.373,+0.983
1636389420,+3.43,+15.012, +3.378,+0.982
1636389480,+3.43,+15.030, +3.397,+0.982
1636389540,+3.43,+15.004, +3.440,+0.982
1636389600,+3.43,+15.012, +3.439,+0.982
1636389660,+3.43,+15.021, +3.430,+0.982
1636389720,+3.43,+15.012, +3.430,+0.982
1636389780,+3.43,+15.004, +3.475,+0.982
1636389840,+3.43,+14.995, +3.569,+0.982
1636389900,+3.43,+15.012, +3.657,+0.982
1636389960,+3.43,+15.012, +3.705,+0.982
1636390020,+3.43,+15.012, +3.705,+0.982
1636390080,+3.43,+14.987, +3.710,+0.982
1636390140,+3.43,+14.987, +3.728,+0.982
1636390200,+3.43,+14.995, +3.701,+0.982
1636390260,+3.43,+14.978, +3.675,+0.982
1636390320,+3.43,+14.987, +3.657,+0.982
1636390380,+3.43,+14.995, +3.635,+0.982
1636390440,+3.43,+15.004, +3.608,+0.982
1636390500,+3.43,+15.004, +3.570,+0.982
1636390560,+3.43,+15.004, +3.543,+0.982
1636390620,+3.43,+15.004, +3.518,+0.982
1636390680,+3.43,+15.012, +3.496,+0.982
1636390740,+3.43,+15.012, +3.480,+0.982
1636390800,+3.43,+15.012, +3.488,+0.982
1636390860,+3.43,+15.021, +3.484,+0.982
1636390920,+3.43,+15.012, +3.472,+0.982
1636390980,+3.43,+15.004, +3.479,+0.982
1636391040,+3.43,+15.021, +3.477,+0.982
1636391100,+3.43,+15.021, +3.487,+0.982
1636391160,+3.43,+15.004, +3.472,+0.982
1636391220,+3.43,+15.030, +3.488,+0.982
1636391280,+3.43,+15.030, +3.483,+0.982
1636391340,+3.43,+15.047, +3.433,+0.982
1636391400,+3.43,+15.055, +3.402,+0.982
1636391460,+3.43,+15.047, +3.398,+0.982
1636391520,+3.43,+15.047, +3.397,+0.982
1636391580,+3.43,+15.038, +3.428,+0.982
1636391640,+3.43,+15.047, +3.488,+0.982
1636391700,+3.43,+15.047, +3.518,+0.982
1636391760,+3.43,+15.047, +3.529,+0.982
1636391820,+3.43,+15.038, +3.561,+0.982
1636391880,+3.43,+15.038, +3.560,+0.982
1636391940,+3.43,+15.038, +3.544,+0.982
1636392000,+3.43,+15.047, +3.535,+0.982
1636392060,+3.43,+15.055, +3.554,+0.982
1636392120,+3.43,+15.030, +3.602,+0.982
1636392180,+3.43,+15.047, +3.589,+0.982
1636392240,+3.43,+15.030, +3.624,+0.982
1636392300,+3.43,+15.038, +3.621,+0.982
1636392360,+3.43,+15.038, +3.607,+0.982
1636392420,+3.43,+15.021, +3.627,+0.982
1636392480,+3.43,+15.047, +3.629,+0.982
1636392540,+3.43,+15.047, +3.647,+0.982
1636392600,+3.43,+15.038, +3.693,+0.982
1636392660,+3.43,+15.038, +3.733,+0.982
1636392720,+3.43,+15.038, +3.770,+0.982
1636392780,+3.43,+15.038, +3.785,+0.983
1636392840,+3.43,+15.030, +3.754,+0.982
1636392900,+3.43,+15.047, +3.764,+0.982
1636392960,+3.43,+15.038, +3.805,+0.982
1636393020,+3.43,+15.064, +3.806,+0.982
1636393080,+3.43,+15.038, +3.783,+0.982
1636393140,+3.43,+15.064, +3.759,+0.982
1636393200,+3.43,+15.055, +3.746,+0.982
1636393260,+3.43,+15.073, +3.732,+0.982
1636393320,+3.43,+15.064, +3.722,+0.982
1636393380,+3.43,+15.064, +3.696,+0.982
1636393440,+3.43,+15.064, +3.682,+0.982
1636393500,+3.43,+15.047, +3.694,+0.983
1636393560,+3.43,+15.064, +3.715,+0.982
1636393620,+3.43,+15.047, +3.758,+0.982
1636393680,+3.43,+15.064, +3.766,+0.982
1636393740,+3.43,+15.047, +3.771,+0.983
1636393800,+3.43,+15.055, +3.916,+0.982
1636393860,+3.43,+15.064, +3.990,+0.982
1636393920,+3.43,+15.055, +4.031,+0.982
1636393980,+3.43,+15.055, +4.060,+0.982
1636394040,+3.43,+15.055, +4.069,+0.982
1636394100,+3.43,+15.055, +4.056,+0.982
1636394160,+3.43,+15.055, +3.988,+0.982
1636394220,+3.43,+15.055, +3.935,+0.982
1636394280,+3.43,+15.055, +3.894,+0.982
1636394340,+3.43,+15.038, +3.845,+0.982
1636394400,+3.43,+15.038, +3.807,+0.982
1636394460,+3.43,+15.055, +3.779,+0.982
1636394520,+3.43,+15.081, +3.759,+0.982
1636394580,+3.43,+15.064, +3.749,+0.982
1636394640,+3.43,+15.047, +3.747,+0.982
1636394700,+3.43,+15.047, +3.738,+0.982
1636394760,+3.43,+15.073, +3.726,+0.982
1636394820,+3.43,+15.047, +3.717,+0.982
1636394880,+3.43,+15.055, +3.696,+0.982
1636394940,+3.43,+15.047, +3.673,+0.982
1636395000,+3.43,+15.055, +3.655,+0.982
1636395060,+3.43,+15.047, +3.641,+0.982
1636395120,+3.43,+15.038, +3.598,+0.982
1636395180,+3.43,+15.064, +3.562,+0.982
1636395240,+3.43,+15.055, +3.555,+0.982
1636395300,+3.43,+15.021, +3.542,+0.982
1636395360,+3.43,+15.055, +3.489,+0.982
1636395420,+3.43,+15.064, +3.455,+0.982
1636395480,+3.43,+15.047, +3.447,+0.982
1636395540,+3.43,+15.064, +3.454,+0.982
1636395600,+3.43,+15.064, +3.456,+0.982
1636395660,+3.43,+15.055, +3.446,+0.982
1636395720,+3.43,+15.073, +3.426,+0.982
1636395780,+3.43,+15.064, +3.411,+0.982
1636395840,+3.43,+15.055, +3.391,+0.982
1636395900,+3.43,+15.073, +3.361,+0.982
1636395960,+3.43,+15.064, +3.346,+0.982
1636396020,+3.43,+15.073, +3.327,+0.982
1636396080,+3.43,+15.047, +3.316,+0.982
1636396140,+3.43,+15.073, +3.300,+0.982
1636396200,+3.43,+15.055, +3.293,+0.982
1636396260,+3.43,+15.055, +3.312,+0.982
1636396320,+3.43,+15.064, +3.325,+0.982
1636396380,+3.43,+15.055, +3.322,+0.982
1636396440,+3.43,+15.064, +3.319,+0.982
1636396500,+3.43,+15.064, +3.318,+0.982
1636396560,+3.43,+15.064, +3.314,+0.982
1636396620,+3.43,+15.055, +3.307,+0.982
1636396680,+3.43,+15.073, +3.310,+0.982
1636396740,+3.43,+15.073, +3.313,+0.982
1636396800,+3.43,+15.064, +3.306,+0.982
1636396860,+3.43,+15.064, +3.298,+0.982
1636396920,+3.43,+15.064, +3.328,+0.982
1636396980,+3.43,+15.055, +3.354,+0.982
1636397040,+3.43,+15.090, +3.386,+0.982
1636397100,+3.43,+15.055, +3.399,+0.982
1636397160,+3.43,+15.064, +3.379,+0.982
1636397220,+3.43,+15.064, +3.355,+0.982
1636397280,+3.43,+15.055, +3.344,+0.982
1636397340,+3.43,+15.073, +3.336,+0.982
1636397400,+3.43,+15.073, +3.334,+0.982
1636397460,+3.43,+15.064, +3.329,+0.982
1636397520,+3.43,+15.081, +3.326,+0.982
1636397580,+3.43,+15.073, +3.331,+0.982
1636397640,+3.43,+15.090, +3.333,+0.982
1636397700,+3.43,+15.081, +3.347,+0.982
1636397760,+3.43,+15.064, +3.371,+0.982
1636397820,+3.43,+15.081, +3.381,+0.982
1636397880,+3.43,+15.073, +3.411,+0.982
1636397940,+3.43,+15.073, +3.441,+0.982
1636398000,+3.43,+15.090, +3.517,+0.982
1636398060,+3.43,+15.064, +3.584,+0.982
1636398120,+3.43,+15.073, +3.588,+0.982
1636398180,+3.43,+15.064, +3.577,+0.982
1636398240,+3.43,+15.081, +3.561,+0.982
1636398300,+3.43,+15.064, +3.537,+0.982
1636398360,+3.43,+15.047, +3.570,+0.982
1636398420,+3.43,+15.064, +3.587,+0.982
1636398480,+3.43,+15.055, +3.606,+0.982
1636398540,+3.43,+15.047, +3.629,+0.982
1636398600,+3.43,+15.081, +3.644,+0.982
1636398660,+3.43,+15.055, +3.683,+0.982
1636398720,+3.43,+15.073, +3.693,+0.982
1636398780,+3.43,+15.064, +3.678,+0.982
1636398840,+3.43,+15.055, +3.682,+0.982
1636398900,+3.43,+15.047, +3.675,+0.982
1636398960,+3.43,+15.047, +3.658,+0.982
1636399020,+3.43,+15.055, +3.644,+0.982
1636399080,+3.43,+15.055, +3.623,+0.982
1636399140,+3.43,+15.055, +3.602,+0.982
1636399200,+3.43,+15.064, +3.565,+0.982
1636399260,+3.43,+15.064, +3.531,+0.982
1636399320,+3.43,+15.055, +3.502,+0.982
1636399380,+3.43,+15.038, +3.486,+0.982
1636399440,+3.43,+15.030, +3.483,+0.982
1636399500,+3.43,+15.073, +3.487,+0.982
1636399560,+3.43,+15.038, +3.484,+0.982
1636399620,+3.43,+15.038, +3.481,+0.982
1636399680,+3.43,+15.047, +3.481,+0.982
1636399740,+3.43,+15.047, +3.482,+0.982
1636399800,+3.43,+15.038, +3.483,+0.982
1636399860,+3.43,+15.047, +3.478,+0.982
1636399920,+3.43,+15.047, +3.505,+0.982
1636399980,+3.43,+15.047, +3.540,+0.982
1636400040,+3.43,+15.055, +3.582,+0.982
1636400100,+3.43,+15.055, +3.598,+0.982
1636400160,+3.43,+15.055, +3.604,+0.982
1636400220,+3.43,+15.047, +3.602,+0.982
1636400280,+3.43,+15.030, +3.600,+0.982
1636400340,+3.43,+15.038, +3.585,+0.982
1636400400,+3.43,+15.055, +3.574,+0.982
1636400460,+3.43,+15.055, +3.570,+0.982
1636400520,+3.43,+15.047, +3.573,+0.982
1636400580,+3.43,+15.030, +3.574,+0.982
1636400640,+3.43,+15.047, +3.581,+0.982
1636400700,+3.43,+15.047, +3.584,+0.982
1636400760,+3.43,+15.055, +3.592,+0.982
1636400820,+3.43,+15.055, +3.602,+0.982
1636400880,+3.43,+15.047, +3.609,+0.982
1636400940,+3.43,+15.038, +3.622,+0.982
1636401000,+3.43,+15.038, +3.652,+0.982
1636401060,+3.43,+15.038, +3.700,+0.982
1636401120,+3.43,+15.055, +3.726,+0.982
1636401180,+3.43,+15.030, +3.738,+0.982
1636401240,+3.43,+15.047, +3.739,+0.982
1636401300,+3.43,+15.030, +3.741,+0.982
1636401360,+3.43,+15.038, +3.728,+0.982
1636401420,+3.43,+15.055, +3.724,+0.982
1636401480,+3.43,+15.047, +3.736,+0.982
1636401540,+3.43,+15.055, +3.733,+0.982
1636401600,+3.43,+15.055, +3.719,+0.982
1636401660,+3.43,+15.038, +3.727,+0.982
1636401720,+3.43,+15.055, +3.732,+0.982
1636401780,+3.43,+15.055, +3.741,+0.982
1636401840,+3.43,+15.038, +3.744,+0.982
1636401900,+3.43,+15.064, +3.730,+0.982
1636401960,+3.43,+15.055, +3.733,+0.982
1636402020,+3.43,+15.038, +3.726,+0.982
1636402080,+3.43,+15.055, +3.720,+0.982
1636402140,+3.43,+15.073, +3.726,+0.982
1636402200,+3.43,+15.073, +3.745,+0.982
1636402260,+3.43,+15.055, +3.800,+0.982
1636402320,+3.43,+15.090, +3.827,+0.982
1636402380,+3.43,+15.073, +3.809,+0.982
1636402440,+3.43,+15.073, +3.766,+0.982
1636402500,+3.43,+15.090, +3.694,+0.982
1636402560,+3.43,+15.081, +3.645,+0.982
1636402620,+3.43,+15.073, +3.583,+0.982
1636402680,+3.43,+15.073, +3.523,+0.982
1636402740,+3.43,+15.064, +3.475,+0.982
1636402800,+3.43,+15.047, +3.419,+0.982
1636402860,+3.43,+15.073, +3.357,+0.982
1636402920,+3.43,+15.073, +3.318,+0.982
1636402980,+3.43,+15.047, +3.286,+0.982
1636403040,+3.43,+15.055, +3.271,+0.982
1636403100,+3.43,+15.064, +3.286,+0.983
1636403160,+3.43,+15.064, +3.291,+0.982
1636403220,+3.43,+15.064, +3.289,+0.982
