7450-387970
OS REV: 1.05 Sensor Cal: 1615486469
Time (sec),  BV (Volts),  T (deg C),  DO (mg/l),  Q ()
1636403280,+3.43,+15.064, +3.274,+0.982
1636403340,+3.43,+15.081, +3.257,+0.982
1636403400,+3.43,+15.064, +3.269,+0.982
1636403460,+3.43,+15.073, +3.273,+0.983
1636403520,+3.43,+15.073, +3.289,+0.982
1636403580,+3.43,+15.064, +3.331,+0.982
1636403640,+3.43,+15.064, +3.366,+0.982
1636403700,+3.43,+15.081, +3.402,+0.982
1636403760,+3.43,+15.064, +3.443,+0.983
1636403820,+3.43,+15.064, +3.467,+0.982
1636403880,+3.43,+15.073, +3.495,+0.982
1636403940,+3.43,+15.090, +3.489,+0.982
1636404000,+3.43,+15.064, +3.485,+0.983
1636404060,+3.43,+15.073, +3.484,+0.982
1636404120,+3.43,+15.081, +3.487,+0.982
1636404180,+3.43,+15.064, +3.506,+0.982
1636404240,+3.43,+15.064, +3.548,+0.982
1636404300,+3.43,+15.064, +3.585,+0.982
1636404360,+3.43,+15.064, +3.612,+0.982
1636404420,+3.43,+15.064, +3.633,+0.982
1636404480,+3.43,+15.073, +3.644,+0.982
1636404540,+3.43,+15.090, +3.593,+0.982
1636404600,+3.43,+15.073, +3.500,+0.982
1636404660,+3.43,+15.081, +3.427,+0.982
1636404720,+3.43,+15.090, +3.370,+0.982
1636404780,+3.43,+15.090, +3.342,+0.983
1636404840,+3.43,+15.098, +3.328,+0.982
1636404900,+3.43,+15.081, +3.347,+0.982
1636404960,+3.43,+15.090, +3.349,+0.982
1636405020,+3.43,+15.107, +3.345,+0.982
1636405080,+3.43,+15.098, +3.345,+0.982
1636405140,+3.43,+15.090, +3.350,+0.982
1636405200,+3.43,+15.081, +3.338,+0.982
1636405260,+3.43,+15.081, +3.320,+0.982
1636405320,+3.43,+15.081, +3.309,+0.982
1636405380,+3.43,+15.073, +3.302,+0.982
1636405440,+3.43,+15.090, +3.292,+0.982
1636405500,+3.43,+15.090, +3.292,+0.982
1636405560,+3.43,+15.081, +3.298,+0.983
1636405620,+3.43,+15.055, +3.297,+0.982
1636405680,+3.43,+15.081, +3.290,+0.982
1636405740,+3.43,+15.098, +3.297,+0.982
1636405800,+3.43,+15.090, +3.314,+0.982
1636405860,+3.43,+15.090, +3.308,+0.982
1636405920,+3.43,+15.090, +3.303,+0.982
1636405980,+3.43,+15.090, +3.292,+0.982
1636406040,+3.43,+15.090, +3.280,+0.982
1636406100,+3.43,+15.081, +3.259,+0.982
1636406160,+3.43,+15.073, +3.233,+0.982
1636406220,+3.43,+15.090, +3.200,+0.982
1636406280,+3.43,+15.081, +3.191,+0.982
1636406340,+3.43,+15.073, +3.186,+0.982
1636406400,+3.43,+15.081, +3.176,+0.982
1636406460,+3.43,+15.098, +3.161,+0.982
1636406520,+3.43,+15.098, +3.153,+0.982
1636406580,+3.43,+15.090, +3.158,+0.982
1636406640,+3.43,+15.107, +3.148,+0.982
1636406700,+3.43,+15.090, +3.142,+0.982
1636406760,+3.43,+15.081, +3.129,+0.982
1636406820,+3.43,+15.090, +3.126,+0.982
1636406880,+3.43,+15.081, +3.136,+0.982
1636406940,+3.43,+15.081, +3.133,+0.982
1636407000,+3.43,+15.081, +3.135,+0.982
1636407060,+3.43,+15.081, +3.131,+0.982
1636407120,+3.43,+15.081, +3.139,+0.982
1636407180,+3.43,+15.073, +3.143,+0.982
1636407240,+3.43,+15.081, +3.151,+0.982
1636407300,+3.43,+15.073, +3.157,+0.982
1636407360,+3.43,+15.090, +3.157,+0.982
1636407420,+3.43,+15.098, +3.160,+0.982
1636407480,+3.43,+15.081, +3.179,+0.982
1636407540,+3.43,+15.098, +3.194,+0.982
1636407600,+3.43,+15.081, +3.207,+0.982
1636407660,+3.43,+15.073, +3.249,+0.982
1636407720,+3.43,+15.098, +3.277,+0.982
1636407780,+3.43,+15.081, +3.293,+0.982
1636407840,+3.43,+15.073, +3.309,+0.982
1636407900,+3.43,+15.055, +3.307,+0.982
1636407960,+3.43,+15.090, +3.299,+0.982
1636408020,+3.43,+15.081, +3.289,+0.982
1636408080,+3.43,+15.098, +3.272,+0.982
1636408140,+3.43,+15.098, +3.249,+0.982
1636408200,+3.43,+15.081, +3.221,+0.982
1636408260,+3.43,+15.090, +3.175,+0.982
1636408320,+3.43,+15.090, +3.141,+0.982
1636408380,+3.43,+15.073, +3.111,+0.982
1636408440,+3.43,+15.090, +3.076,+0.982
1636408500,+3.43,+15.098, +3.035,+0.982
1636408560,+3.43,+15.098, +3.017,+0.982
1636408620,+3.43,+15.107, +3.012,+0.982
1636408680,+3.43,+15.107, +2.989,+0.982
1636408740,+3.43,+15.090, +2.964,+0.982
1636408800,+3.43,+15.081, +2.973,+0.982
1636408860,+3.43,+15.090, +3.000,+0.982
1636408920,+3.43,+15.090, +3.004,+0.982
1636408980,+3.43,+15.073, +3.003,+0.982
1636409040,+3.43,+15.090, +3.006,+0.982
1636409100,+3.43,+15.107, +3.014,+0.982
1636409160,+3.43,+15.081, +3.041,+0.982
1636409220,+3.43,+15.090, +3.074,+0.982
1636409280,+3.43,+15.098, +3.091,+0.982
1636409340,+3.43,+15.081, +3.108,+0.982
1636409400,+3.43,+15.090, +3.121,+0.982
1636409460,+3.43,+15.073, +3.118,+0.982
1636409520,+3.43,+15.090, +3.111,+0.982
1636409580,+3.43,+15.073, +3.167,+0.982
1636409640,+3.43,+15.073, +3.218,+0.982
1636409700,+3.43,+15.081, +3.278,+0.982
1636409760,+3.43,+15.081, +3.366,+0.982
1636409820,+3.43,+15.090, +3.411,+0.982
1636409880,+3.43,+15.081, +3.407,+0.982
1636409940,+3.43,+15.081, +3.343,+0.982
1636410000,+3.43,+15.090, +3.297,+0.982
1636410060,+3.43,+15.090, +3.295,+0.982
1636410120,+3.43,+15.073, +3.287,+0.982
1636410180,+3.43,+15.064, +3.315,+0.982
1636410240,+3.43,+15.090, +3.346,+0.982
1636410300,+3.43,+15.073, +3.378,+0.982
1636410360,+3.43,+15.081, +3.432,+0.982
1636410420,+3.43,+15.081, +3.435,+0.982
1636410480,+3.43,+15.090, +3.395,+0.982
1636410540,+3.43,+15.090, +3.347,+0.982
1636410600,+3.43,+15.098, +3.298,+0.982
1636410660,+3.43,+15.081, +3.257,+0.982
1636410720,+3.43,+15.081, +3.181,+0.982
1636410780,+3.43,+15.081, +3.136,+0.982
1636410840,+3.43,+15.090, +3.097,+0.982
1636410900,+3.43,+15.081, +3.064,+0.982
1636410960,+3.43,+15.090, +3.030,+0.982
1636411020,+3.43,+15.090, +2.993,+0.982
1636411080,+3.43,+15.098, +2.966,+0.982
1636411140,+3.43,+15.081, +2.947,+0.982
1636411200,+3.43,+15.081, +2.937,+0.982
1636411260,+3.43,+15.090, +2.938,+0.982
1636411320,+3.43,+15.090, +2.938,+0.982
1636411380,+3.43,+15.090, +2.941,+0.982
1636411440,+3.43,+15.081, +2.938,+0.982
1636411500,+3.43,+15.090, +2.934,+0.982
1636411560,+3.43,+15.098, +2.933,+0.982
1636411620,+3.43,+15.073, +2.939,+0.982
1636411680,+3.43,+15.090, +2.932,+0.982
1636411740,+3.43,+15.098, +2.929,+0.982
1636411800,+3.43,+15.090, +2.921,+0.982
1636411860,+3.43,+15.090, +2.908,+0.982
1636411920,+3.43,+15.081, +2.898,+0.982
1636411980,+3.43,+15.090, +2.887,+0.982
1636412040,+3.43,+15.081, +2.879,+0.982
1636412100,+3.43,+15.098, +2.870,+0.982
1636412160,+3.43,+15.098, +2.863,+0.982
1636412220,+3.43,+15.107, +2.865,+0.982
1636412280,+3.43,+15.090, +2.859,+0.982
1636412340,+3.43,+15.107, +2.845,+0.982
1636412400,+3.43,+15.098, +2.837,+0.982
1636412460,+3.43,+15.107, +2.824,+0.982
1636412520,+3.43,+15.090, +2.822,+0.982
1636412580,+3.43,+15.090, +2.814,+0.982
1636412640,+3.43,+15.081, +2.817,+0.982
1636412700,+3.43,+15.090, +2.818,+0.982
1636412760,+3.43,+15.107, +2.817,+0.982
1636412820,+3.43,+15.064, +2.824,+0.982
1636412880,+3.43,+15.098, +2.824,+0.982
1636412940,+3.43,+15.081, +2.836,+0.982
1636413000,+3.43,+15.098, +2.838,+0.982
1636413060,+3.43,+15.073, +2.851,+0.982
1636413120,+3.43,+15.107, +2.851,+0.982
1636413180,+3.43,+15.098, +2.858,+0.982
1636413240,+3.43,+15.090, +2.890,+0.982
1636413300,+3.43,+15.090, +2.914,+0.982
1636413360,+3.43,+15.098, +2.956,+0.982
1636413420,+3.43,+15.081, +3.027,+0.982
1636413480,+3.43,+15.081, +3.107,+0.982
1636413540,+3.43,+15.081, +3.187,+0.982
1636413600,+3.43,+15.116, +3.273,+0.982
1636413660,+3.43,+15.098, +3.349,+0.982
1636413720,+3.43,+15.098, +3.383,+0.982
1636413780,+3.43,+15.090, +3.413,+0.982
1636413840,+3.43,+15.081, +3.396,+0.982
1636413900,+3.43,+15.090, +3.392,+0.982
1636413960,+3.43,+15.090, +3.387,+0.982
1636414020,+3.43,+15.081, +3.346,+0.982
1636414080,+3.43,+15.090, +3.319,+0.982
1636414140,+3.43,+15.073, +3.304,+0.982
1636414200,+3.43,+15.081, +3.292,+0.982
1636414260,+3.43,+15.090, +3.286,+0.982
1636414320,+3.43,+15.090, +3.280,+0.982
1636414380,+3.43,+15.081, +3.266,+0.982
1636414440,+3.43,+15.081, +3.251,+0.982
1636414500,+3.43,+15.090, +3.230,+0.982
1636414560,+3.43,+15.090, +3.214,+0.982
1636414620,+3.43,+15.047, +3.195,+0.982
1636414680,+3.43,+15.081, +3.177,+0.982
1636414740,+3.43,+15.081, +3.166,+0.982
1636414800,+3.43,+15.081, +3.165,+0.982
1636414860,+3.43,+15.081, +3.164,+0.982
1636414920,+3.43,+15.081, +3.168,+0.982
1636414980,+3.43,+15.098, +3.161,+0.982
1636415040,+3.43,+15.073, +3.159,+0.982
1636415100,+3.43,+15.073, +3.174,+0.983
1636415160,+3.43,+15.064, +3.196,+0.982
1636415220,+3.43,+15.081, +3.216,+0.983
1636415280,+3.43,+15.081, +3.236,+0.982
1636415340,+3.43,+15.081, +3.258,+0.982
1636415400,+3.43,+15.090, +3.284,+0.983
1636415460,+3.43,+15.081, +3.303,+0.983
1636415520,+3.43,+15.090, +3.307,+0.982
1636415580,+3.43,+15.064, +3.320,+0.982
1636415640,+3.43,+15.081, +3.317,+0.982
1636415700,+3.43,+15.081, +3.311,+0.982
1636415760,+3.43,+15.081, +3.299,+0.982
1636415820,+3.43,+15.055, +3.290,+0.982
1636415880,+3.43,+15.081, +3.272,+0.983
1636415940,+3.43,+15.090, +3.256,+0.983
1636416000,+3.43,+15.098, +3.235,+0.982
1636416060,+3.43,+15.073, +3.223,+0.982
1636416120,+3.43,+15.090, +3.201,+0.982
1636416180,+3.43,+15.073, +3.194,+0.982
1636416240,+3.43,+15.090, +3.182,+0.982
1636416300,+3.43,+15.098, +3.177,+0.982
1636416360,+3.43,+15.073, +3.175,+0.982
1636416420,+3.43,+15.055, +3.174,+0.982
1636416480,+3.43,+15.081, +3.163,+0.982
1636416540,+3.43,+15.081, +3.155,+0.982
1636416600,+3.43,+15.081, +3.154,+0.982
1636416660,+3.43,+15.073, +3.151,+0.982
1636416720,+3.43,+15.081, +3.144,+0.982
1636416780,+3.43,+15.090, +3.132,+0.982
1636416840,+3.43,+15.090, +3.130,+0.982
1636416900,+3.43,+15.098, +3.079,+0.982
1636416960,+3.43,+15.098, +3.008,+0.982
1636417020,+3.43,+15.073, +2.974,+0.982
1636417080,+3.43,+15.098, +2.978,+0.982
1636417140,+3.43,+15.090, +2.984,+0.982
1636417200,+3.43,+15.081, +2.972,+0.982
1636417260,+3.43,+15.098, +2.952,+0.982
1636417320,+3.43,+15.081, +2.932,+0.982
1636417380,+3.43,+15.107, +2.902,+0.982
1636417440,+3.43,+15.090, +2.877,+0.982
1636417500,+3.43,+15.064, +2.863,+0.982
1636417560,+3.43,+15.107, +2.855,+0.982
1636417620,+3.43,+15.090, +2.864,+0.982
1636417680,+3.43,+15.107, +2.870,+0.982
1636417740,+3.43,+15.107, +2.876,+0.982
1636417800,+3.43,+15.090, +2.882,+0.982
1636417860,+3.43,+15.098, +2.908,+0.982
1636417920,+3.43,+15.064, +2.939,+0.982
1636417980,+3.43,+15.090, +2.961,+0.982
1636418040,+3.43,+15.090, +2.966,+0.982
1636418100,+3.43,+15.081, +3.000,+0.982
1636418160,+3.43,+15.098, +3.035,+0.982
1636418220,+3.43,+15.081, +3.087,+0.982
1636418280,+3.43,+15.073, +3.150,+0.982
1636418340,+3.43,+15.073, +3.197,+0.983
1636418400,+3.43,+15.081, +3.217,+0.982
1636418460,+3.43,+15.098, +3.334,+0.982
1636418520,+3.43,+15.073, +3.357,+0.982
1636418580,+3.43,+15.090, +3.279,+0.982
1636418640,+3.43,+15.073, +3.253,+0.982
1636418700,+3.43,+15.081, +3.307,+0.982
1636418760,+3.43,+15.073, +3.363,+0.983
1636418820,+3.43,+15.073, +3.373,+0.982
1636418880,+3.43,+15.081, +3.384,+0.982
1636418940,+3.43,+15.064, +3.362,+0.982
1636419000,+3.43,+15.073, +3.379,+0.982
1636419060,+3.43,+15.081, +3.348,+0.982
1636419120,+3.43,+15.073, +3.293,+0.982
1636419180,+3.43,+15.081, +3.253,+0.982
1636419240,+3.43,+15.081, +3.252,+0.982
1636419300,+3.43,+15.090, +3.253,+0.982
1636419360,+3.43,+15.107, +3.214,+0.982
1636419420,+3.43,+15.073, +3.240,+0.982
1636419480,+3.43,+15.081, +3.232,+0.982
1636419540,+3.43,+15.098, +3.206,+0.982
1636419600,+3.43,+15.090, +3.187,+0.982
1636419660,+3.43,+15.107, +3.167,+0.982
1636419720,+3.43,+15.098, +3.160,+0.982
1636419780,+3.43,+15.107, +3.151,+0.982
1636419840,+3.43,+15.098, +3.136,+0.982
1636419900,+3.43,+15.073, +3.122,+0.982
1636419960,+3.43,+15.098, +3.110,+0.982
1636420020,+3.43,+15.090, +3.090,+0.982
1636420080,+3.43,+15.090, +3.069,+0.982
1636420140,+3.43,+15.098, +3.034,+0.982
1636420200,+3.43,+15.098, +3.008,+0.982
1636420260,+3.43,+15.098, +3.022,+0.982
1636420320,+3.43,+15.107, +3.019,+0.982
1636420380,+3.43,+15.124, +3.019,+0.982
1636420440,+3.43,+15.107, +3.028,+0.982
1636420500,+3.43,+15.081, +3.043,+0.982
1636420560,+3.43,+15.090, +3.049,+0.982
1636420620,+3.43,+15.098, +3.064,+0.982
1636420680,+3.43,+15.098, +3.094,+0.982
1636420740,+3.43,+15.107, +3.123,+0.982
1636420800,+3.43,+15.090, +3.140,+0.982
1636420860,+3.43,+15.098, +3.163,+0.982
1636420920,+3.43,+15.081, +3.176,+0.982
1636420980,+3.43,+15.116, +3.173,+0.982
1636421040,+3.43,+15.090, +3.176,+0.982
1636421100,+3.43,+15.073, +3.178,+0.982
1636421160,+3.43,+15.081, +3.186,+0.982
1636421220,+3.43,+15.090, +3.183,+0.982
1636421280,+3.43,+15.098, +3.175,+0.982
1636421340,+3.43,+15.098, +3.166,+0.982
1636421400,+3.43,+15.098, +3.165,+0.982
1636421460,+3.43,+15.098, +3.164,+0.982
1636421520,+3.43,+15.090, +3.161,+0.982
1636421580,+3.43,+15.090, +3.132,+0.982
1636421640,+3.43,+15.098, +3.104,+0.982
1636421700,+3.43,+15.081, +3.087,+0.982
1636421760,+3.43,+15.107, +3.083,+0.982
1636421820,+3.43,+15.090, +3.104,+0.982
1636421880,+3.43,+15.098, +3.086,+0.982
1636421940,+3.43,+15.116, +3.119,+0.982
1636422000,+3.43,+15.116, +3.151,+0.982
1636422060,+3.43,+15.116, +3.167,+0.982
1636422120,+3.43,+15.107, +3.188,+0.982
1636422180,+3.43,+15.124, +3.205,+0.982
1636422240,+3.43,+15.116, +3.241,+0.982
1636422300,+3.43,+15.116, +3.259,+0.982
1636422360,+3.43,+15.107, +3.227,+0.982
1636422420,+3.43,+15.124, +3.205,+0.982
1636422480,+3.43,+15.141, +3.181,+0.982
1636422540,+3.43,+15.133, +3.166,+0.982
1636422600,+3.43,+15.141, +3.147,+0.982
1636422660,+3.43,+15.133, +3.132,+0.982
1636422720,+3.43,+15.141, +3.132,+0.982
1636422780,+3.43,+15.141, +3.134,+0.982
1636422840,+3.43,+15.150, +3.137,+0.982
1636422900,+3.43,+15.133, +3.156,+0.982
1636422960,+3.43,+15.133, +3.198,+0.982
1636423020,+3.43,+15.133, +3.263,+0.982
1636423080,+3.43,+15.116, +3.331,+0.982
1636423140,+3.43,+15.124, +3.373,+0.982
1636423200,+3.43,+15.124, +3.410,+0.982
1636423260,+3.43,+15.124, +3.419,+0.982
1636423320,+3.43,+15.116, +3.443,+0.982
1636423380,+3.43,+15.107, +3.451,+0.982
1636423440,+3.43,+15.107, +3.460,+0.982
1636423500,+3.43,+15.124, +3.488,+0.982
1636423560,+3.43,+15.107, +3.524,+0.982
1636423620,+3.43,+15.107, +3.540,+0.982
1636423680,+3.43,+15.098, +3.556,+0.982
1636423740,+3.43,+15.107, +3.569,+0.982
1636423800,+3.43,+15.098, +3.507,+0.982
1636423860,+3.43,+15.116, +3.544,+0.982
1636423920,+3.43,+15.090, +3.610,+0.982
1636423980,+3.43,+15.090, +3.654,+0.983
1636424040,+3.43,+15.090, +3.669,+0.982
1636424100,+3.43,+15.090, +3.676,+0.982
1636424160,+3.43,+15.090, +3.668,+0.983
1636424220,+3.43,+15.081, +3.653,+0.982
1636424280,+3.43,+15.090, +3.648,+0.982
1636424340,+3.43,+15.098, +3.613,+0.982
1636424400,+3.43,+15.116, +3.550,+0.982
1636424460,+3.43,+15.098, +3.513,+0.982
1636424520,+3.43,+15.107, +3.493,+0.982
1636424580,+3.43,+15.107, +3.503,+0.982
1636424640,+3.43,+15.124, +3.508,+0.982
1636424700,+3.43,+15.124, +3.498,+0.982
1636424760,+3.43,+15.116, +3.475,+0.982
1636424820,+3.43,+15.107, +3.450,+0.982
1636424880,+3.43,+15.133, +3.421,+0.982
1636424940,+3.43,+15.124, +3.397,+0.982
1636425000,+3.43,+15.133, +3.375,+0.982
1636425060,+3.43,+15.124, +3.360,+0.982
1636425120,+3.43,+15.116, +3.354,+0.982
1636425180,+3.43,+15.124, +3.346,+0.983
1636425240,+3.43,+15.098, +3.338,+0.982
1636425300,+3.43,+15.124, +3.331,+0.982
1636425360,+3.43,+15.124, +3.332,+0.982
1636425420,+3.43,+15.124, +3.328,+0.982
1636425480,+3.43,+15.107, +3.332,+0.983
1636425540,+3.43,+15.098, +3.356,+0.982
1636425600,+3.43,+15.098, +3.405,+0.982
1636425660,+3.43,+15.107, +3.470,+0.983
1636425720,+3.43,+15.107, +3.499,+0.982
1636425780,+3.43,+15.124, +3.501,+0.982
1636425840,+3.43,+15.098, +3.482,+0.982
1636425900,+3.43,+15.116, +3.353,+0.982
1636425960,+3.43,+15.107, +3.254,+0.982
1636426020,+3.43,+15.124, +3.262,+0.982
1636426080,+3.43,+15.116, +3.306,+0.982
1636426140,+3.43,+15.107, +3.354,+0.982
1636426200,+3.43,+15.107, +3.400,+0.982
1636426260,+3.43,+15.107, +3.429,+0.982
1636426320,+3.43,+15.107, +3.427,+0.982
1636426380,+3.43,+15.098, +3.404,+0.982
1636426440,+3.43,+15.107, +3.359,+0.982
1636426500,+3.43,+15.124, +3.302,+0.982
1636426560,+3.43,+15.133, +3.231,+0.982
1636426620,+3.43,+15.116, +3.156,+0.982
1636426680,+3.43,+15.133, +3.100,+0.982
1636426740,+3.43,+15.141, +3.059,+0.982
1636426800,+3.43,+15.133, +3.033,+0.982
1636426860,+3.43,+15.133, +3.015,+0.982
1636426920,+3.43,+15.133, +3.027,+0.982
1636426980,+3.43,+15.124, +3.028,+0.982
1636427040,+3.43,+15.133, +3.023,+0.982
1636427100,+3.43,+15.124, +3.036,+0.982
1636427160,+3.43,+15.141, +3.075,+0.982
1636427220,+3.43,+15.116, +3.096,+0.982
1636427280,+3.43,+15.141, +3.125,+0.982
1636427340,+3.43,+15.133, +3.129,+0.982
1636427400,+3.43,+15.150, +3.131,+0.982
1636427460,+3.43,+15.141, +3.134,+0.982
1636427520,+3.43,+15.124, +3.147,+0.983
1636427580,+3.43,+15.133, +3.191,+0.982
1636427640,+3.43,+15.133, +3.269,+0.982
1636427700,+3.43,+15.141, +3.334,+0.982
1636427760,+3.43,+15.133, +3.385,+0.982
1636427820,+3.43,+15.124, +3.429,+0.982
1636427880,+3.43,+15.133, +3.450,+0.982
1636427940,+3.43,+15.107, +3.486,+0.982
1636428000,+3.43,+15.116, +3.522,+0.982
1636428060,+3.43,+15.150, +3.551,+0.982
1636428120,+3.43,+15.133, +3.585,+0.983
1636428180,+3.43,+15.124, +3.615,+0.982
1636428240,+3.43,+15.141, +3.649,+0.982
1636428300,+3.43,+15.133, +3.688,+0.983
1636428360,+3.43,+15.141, +3.704,+0.982
1636428420,+3.43,+15.141, +3.711,+0.982
1636428480,+3.43,+15.159, +3.707,+0.982
1636428540,+3.43,+15.159, +3.701,+0.982
1636428600,+3.43,+15.141, +3.704,+0.982
1636428660,+3.43,+15.159, +3.705,+0.982
1636428720,+3.43,+15.159, +3.706,+0.982
1636428780,+3.43,+15.150, +3.708,+0.982
1636428840,+3.43,+15.141, +3.713,+0.983
1636428900,+3.43,+15.150, +3.710,+0.982
1636428960,+3.43,+15.167, +3.708,+0.982
1636429020,+3.43,+15.159, +3.714,+0.982
1636429080,+3.43,+15.150, +3.711,+0.982
1636429140,+3.43,+15.159, +3.705,+0.982
1636429200,+3.43,+15.159, +3.696,+0.982
1636429260,+3.43,+15.159, +3.693,+0.982
1636429320,+3.43,+15.159, +3.687,+0.982
1636429380,+3.43,+15.167, +3.684,+0.982
1636429440,+3.43,+15.159, +3.679,+0.982
1636429500,+3.43,+15.167, +3.675,+0.982
1636429560,+3.43,+15.141, +3.682,+0.982
1636429620,+3.43,+15.150, +3.684,+0.982
1636429680,+3.43,+15.176, +3.687,+0.982
1636429740,+3.43,+15.141, +3.702,+0.982
1636429800,+3.43,+15.150, +3.707,+0.982
1636429860,+3.43,+15.141, +3.721,+0.982
1636429920,+3.43,+15.150, +3.726,+0.982
1636429980,+3.43,+15.150, +3.718,+0.982
1636430040,+3.43,+15.167, +3.702,+0.982
1636430100,+3.43,+15.159, +3.689,+0.982
1636430160,+3.43,+15.141, +3.671,+0.982
1636430220,+3.43,+15.150, +3.617,+0.982
1636430280,+3.43,+15.141, +3.563,+0.982
1636430340,+3.43,+15.141, +3.502,+0.982
1636430400,+3.43,+15.124, +3.429,+0.982
1636430460,+3.43,+15.141, +3.366,+0.982
1636430520,+3.43,+15.150, +3.313,+0.982
1636430580,+3.43,+15.150, +3.265,+0.982
1636430640,+3.43,+15.133, +3.219,+0.982
1636430700,+3.43,+15.141, +3.146,+0.982
1636430760,+3.43,+15.141, +3.076,+0.982
1636430820,+3.43,+15.150, +3.009,+0.982
1636430880,+3.43,+15.124, +2.983,+0.982
1636430940,+3.43,+15.116, +3.026,+0.982
1636431000,+3.43,+15.141, +3.122,+0.982
1636431060,+3.43,+15.133, +3.152,+0.982
1636431120,+3.43,+15.141, +3.131,+0.982
1636431180,+3.43,+15.141, +3.110,+0.982
1636431240,+3.43,+15.141, +3.085,+0.982
1636431300,+3.43,+15.124, +3.040,+0.982
1636431360,+3.43,+15.133, +2.992,+0.982
1636431420,+3.43,+15.150, +2.951,+0.982
1636431480,+3.43,+15.133, +2.924,+0.982
1636431540,+3.43,+15.141, +2.906,+0.982
1636431600,+3.43,+15.133, +2.902,+0.983
1636431660,+3.43,+15.150, +2.903,+0.982
1636431720,+3.43,+15.124, +2.921,+0.982
1636431780,+3.43,+15.133, +2.929,+0.982
1636431840,+3.43,+15.141, +2.947,+0.982
1636431900,+3.43,+15.150, +2.958,+0.982
1636431960,+3.43,+15.133, +2.981,+0.982
1636432020,+3.43,+15.124, +3.031,+0.982
1636432080,+3.43,+15.141, +3.089,+0.982
1636432140,+3.43,+15.150, +3.157,+0.982
1636432200,+3.43,+15.150, +3.217,+0.982
1636432260,+3.43,+15.167, +3.261,+0.982
1636432320,+3.43,+15.159, +3.291,+0.982
1636432380,+3.43,+15.184, +3.304,+0.982
1636432440,+3.43,+15.167, +3.321,+0.982
1636432500,+3.43,+15.159, +3.336,+0.982
1636432560,+3.43,+15.184, +3.347,+0.982
1636432620,+3.43,+15.167, +3.377,+0.982
1636432680,+3.43,+15.176, +3.405,+0.982
1636432740,+3.43,+15.176, +3.422,+0.982
1636432800,+3.43,+15.167, +3.439,+0.982
1636432860,+3.43,+15.193, +3.548,+0.982
1636432920,+3.43,+15.193, +3.623,+0.982
1636432980,+3.43,+15.167, +3.640,+0.982
1636433040,+3.43,+15.176, +3.648,+0.982
1636433100,+3.43,+15.184, +3.658,+0.982
1636433160,+3.43,+15.176, +3.668,+0.982
1636433220,+3.43,+15.184, +3.683,+0.982
1636433280,+3.43,+15.176, +3.715,+0.982
1636433340,+3.43,+15.184, +3.725,+0.982
1636433400,+3.43,+15.176, +3.684,+0.982
1636433460,+3.43,+15.167, +3.644,+0.982
1636433520,+3.43,+15.159, +3.626,+0.983
1636433580,+3.43,+15.176, +3.664,+0.982
1636433640,+3.43,+15.159, +3.704,+0.982
1636433700,+3.43,+15.193, +3.716,+0.982
1636433760,+3.43,+15.184, +3.742,+0.982
1636433820,+3.43,+15.159, +3.784,+0.982
1636433880,+3.43,+15.176, +3.807,+0.982
1636433940,+3.43,+15.159, +3.793,+0.982
1636434000,+3.43,+15.176, +3.766,+0.982
1636434060,+3.43,+15.159, +3.747,+0.982
1636434120,+3.43,+15.167, +3.737,+0.982
1636434180,+3.43,+15.167, +3.733,+0.982
1636434240,+3.43,+15.141, +3.697,+0.982
1636434300,+3.43,+15.141, +3.634,+0.982
1636434360,+3.43,+15.150, +3.574,+0.982
1636434420,+3.43,+15.159, +3.514,+0.982
1636434480,+3.43,+15.150, +3.486,+0.982
1636434540,+3.43,+15.133, +3.449,+0.982
1636434600,+3.43,+15.141, +3.412,+0.982
1636434660,+3.43,+15.124, +3.380,+0.982
1636434720,+3.43,+15.141, +3.344,+0.982
1636434780,+3.43,+15.124, +3.320,+0.982
1636434840,+3.43,+15.133, +3.288,+0.982
1636434900,+3.43,+15.133, +3.271,+0.982
1636434960,+3.43,+15.141, +3.267,+0.982
1636435020,+3.43,+15.133, +3.263,+0.982
1636435080,+3.43,+15.141, +3.258,+0.982
1636435140,+3.43,+15.116, +3.256,+0.982
1636435200,+3.43,+15.141, +3.250,+0.982
1636435260,+3.43,+15.141, +3.248,+0.982
1636435320,+3.43,+15.133, +3.249,+0.982
1636435380,+3.43,+15.141, +3.244,+0.982
1636435440,+3.43,+15.124, +3.242,+0.982
1636435500,+3.43,+15.133, +3.243,+0.982
1636435560,+3.43,+15.124, +3.243,+0.983
1636435620,+3.43,+15.133, +3.233,+0.982
1636435680,+3.43,+15.133, +3.227,+0.982
1636435740,+3.43,+15.133, +3.224,+0.982
1636435800,+3.43,+15.124, +3.223,+0.982
1636435860,+3.43,+15.124, +3.219,+0.982
1636435920,+3.43,+15.116, +3.212,+0.982
1636435980,+3.43,+15.116, +3.212,+0.982
1636436040,+3.43,+15.116, +3.209,+0.983
1636436100,+3.43,+15.116, +3.203,+0.982
1636436160,+3.43,+15.124, +3.202,+0.982
1636436220,+3.43,+15.124, +3.201,+0.982
1636436280,+3.43,+15.124, +3.202,+0.982
1636436340,+3.43,+15.116, +3.201,+0.982
1636436400,+3.43,+15.124, +3.199,+0.982
1636436460,+3.43,+15.133, +3.208,+0.982
1636436520,+3.43,+15.124, +3.216,+0.982
1636436580,+3.43,+15.107, +3.233,+0.982
1636436640,+3.43,+15.124, +3.243,+0.982
1636436700,+3.43,+15.124, +3.251,+0.982
1636436760,+3.43,+15.107, +3.267,+0.982
1636436820,+3.43,+15.133, +3.286,+0.982
1636436880,+3.43,+15.116, +3.299,+0.982
1636436940,+3.43,+15.133, +3.304,+0.982
1636437000,+3.43,+15.124, +3.302,+0.982
1636437060,+3.43,+15.107, +3.311,+0.983
1636437120,+3.43,+15.124, +3.304,+0.982
1636437180,+3.43,+15.116, +3.302,+0.982
1636437240,+3.43,+15.124, +3.295,+0.982
1636437300,+3.43,+15.107, +3.292,+0.982
1636437360,+3.43,+15.116, +3.283,+0.982
1636437420,+3.43,+15.116, +3.260,+0.982
1636437480,+3.43,+15.116, +3.228,+0.982
1636437540,+3.43,+15.124, +3.195,+0.982
1636437600,+3.43,+15.124, +3.154,+0.982
1636437660,+3.43,+15.107, +3.122,+0.982
1636437720,+3.43,+15.107, +3.119,+0.982
1636437780,+3.43,+15.116, +3.120,+0.982
1636437840,+3.43,+15.133, +3.122,+0.982
1636437900,+3.43,+15.090, +3.140,+0.982
1636437960,+3.43,+15.116, +3.149,+0.982
1636438020,+3.43,+15.124, +3.165,+0.982
1636438080,+3.43,+15.116, +3.183,+0.982
1636438140,+3.43,+15.133, +3.203,+0.982
1636438200,+3.43,+15.141, +3.220,+0.983
1636438260,+3.43,+15.116, +3.217,+0.982
1636438320,+3.43,+15.124, +3.218,+0.982
1636438380,+3.43,+15.116, +3.220,+0.982
1636438440,+3.43,+15.116, +3.242,+0.982
1636438500,+3.43,+15.098, +3.273,+0.982
1636438560,+3.43,+15.107, +3.293,+0.982
1636438620,+3.43,+15.098, +3.307,+0.982
1636438680,+3.43,+15.116, +3.313,+0.983
1636438740,+3.43,+15.107, +3.322,+0.982
1636438800,+3.43,+15.116, +3.341,+0.982
1636438860,+3.43,+15.124, +3.368,+0.983
1636438920,+3.43,+15.107, +3.377,+0.982
1636438980,+3.43,+15.116, +3.375,+0.982
1636439040,+3.43,+15.107, +3.369,+0.982
1636439100,+3.43,+15.116, +3.368,+0.982
1636439160,+3.43,+15.124, +3.367,+0.982
1636439220,+3.43,+15.116, +3.368,+0.982
1636439280,+3.43,+15.116, +3.365,+0.982
1636439340,+3.43,+15.107, +3.377,+0.982
1636439400,+3.43,+15.107, +3.402,+0.982
1636439460,+3.43,+15.098, +3.420,+0.982
1636439520,+3.43,+15.116, +3.433,+0.982
1636439580,+3.43,+15.107, +3.435,+0.982
1636439640,+3.43,+15.116, +3.433,+0.982
1636439700,+3.43,+15.107, +3.420,+0.982
1636439760,+3.43,+15.133, +3.382,+0.982
1636439820,+3.43,+15.116, +3.362,+0.982
1636439880,+3.43,+15.116, +3.359,+0.982
1636439940,+3.43,+15.116, +3.369,+0.982
1636440000,+3.43,+15.116, +3.358,+0.982
1636440060,+3.43,+15.124, +3.315,+0.982
1636440120,+3.43,+15.124, +3.307,+0.982
1636440180,+3.43,+15.098, +3.314,+0.983
1636440240,+3.43,+15.124, +3.312,+0.982
1636440300,+3.43,+15.116, +3.319,+0.982
1636440360,+3.43,+15.116, +3.315,+0.982
1636440420,+3.43,+15.107, +3.306,+0.982
1636440480,+3.43,+15.107, +3.289,+0.982
1636440540,+3.43,+15.116, +3.249,+0.982
1636440600,+3.43,+15.116, +3.159,+0.982
1636440660,+3.43,+15.133, +3.051,+0.982
1636440720,+3.43,+15.150, +2.956,+0.982
1636440780,+3.43,+15.141, +2.892,+0.982
1636440840,+3.43,+15.124, +2.848,+0.982
1636440900,+3.43,+15.141, +2.816,+0.982
1636440960,+3.43,+15.159, +2.800,+0.982
1636441020,+3.43,+15.159, +2.790,+0.982
1636441080,+3.43,+15.150, +2.783,+0.982
1636441140,+3.43,+15.150, +2.773,+0.982
1636441200,+3.43,+15.133, +2.764,+0.982
1636441260,+3.43,+15.150, +2.753,+0.982
1636441320,+3.43,+15.141, +2.747,+0.982
1636441380,+3.43,+15.141, +2.732,+0.982
1636441440,+3.43,+15.150, +2.724,+0.982
1636441500,+3.43,+15.159, +2.723,+0.982
1636441560,+3.43,+15.159, +2.726,+0.982
1636441620,+3.43,+15.150, +2.720,+0.982
1636441680,+3.43,+15.150, +2.702,+0.982
1636441740,+3.43,+15.167, +2.678,+0.982
1636441800,+3.43,+15.159, +2.659,+0.982
1636441860,+3.43,+15.159, +2.660,+0.982
1636441920,+3.43,+15.159, +2.662,+0.982
1636441980,+3.43,+15.159, +2.670,+0.982
1636442040,+3.43,+15.159, +2.678,+0.982
1636442100,+3.43,+15.176, +2.698,+0.982
1636442160,+3.43,+15.167, +2.721,+0.982
1636442220,+3.43,+15.176, +2.736,+0.982
1636442280,+3.43,+15.159, +2.740,+0.982
1636442340,+3.43,+15.193, +2.738,+0.982
1636442400,+3.43,+15.159, +2.741,+0.982
1636442460,+3.43,+15.159, +2.738,+0.982
1636442520,+3.43,+15.176, +2.724,+0.982
1636442580,+3.43,+15.167, +2.710,+0.982
1636442640,+3.43,+15.167, +2.705,+0.982
1636442700,+3.43,+15.176, +2.707,+0.982
1636442760,+3.43,+15.159, +2.694,+0.982
1636442820,+3.43,+15.176, +2.662,+0.982
1636442880,+3.43,+15.176, +2.634,+0.982
1636442940,+3.43,+15.167, +2.612,+0.982
1636443000,+3.43,+15.167, +2.594,+0.982
1636443060,+3.43,+15.176, +2.582,+0.982
1636443120,+3.43,+15.176, +2.577,+0.982
1636443180,+3.43,+15.167, +2.574,+0.982
1636443240,+3.43,+15.167, +2.584,+0.982
1636443300,+3.43,+15.184, +2.642,+0.982
1636443360,+3.43,+15.167, +2.738,+0.982
1636443420,+3.43,+15.184, +2.723,+0.982
1636443480,+3.43,+15.176, +2.661,+0.982
1636443540,+3.43,+15.184, +2.589,+0.982
1636443600,+3.43,+15.167, +2.571,+0.982
1636443660,+3.43,+15.184, +2.575,+0.982
1636443720,+3.43,+15.167, +2.582,+0.982
1636443780,+3.43,+15.150, +2.605,+0.982
1636443840,+3.43,+15.176, +2.573,+0.982
1636443900,+3.43,+15.176, +2.518,+0.982
1636443960,+3.43,+15.184, +2.517,+0.982
1636444020,+3.43,+15.150, +2.508,+0.982
1636444080,+3.43,+15.167, +2.547,+0.982
1636444140,+3.43,+15.167, +2.546,+0.982
1636444200,+3.43,+15.184, +2.544,+0.982
1636444260,+3.43,+15.159, +2.554,+0.982
1636444320,+3.43,+15.159, +2.632,+0.982
1636444380,+3.43,+15.133, +2.723,+0.982
1636444440,+3.43,+15.176, +2.764,+0.982
1636444500,+3.43,+15.141, +2.786,+0.982
1636444560,+3.43,+15.159, +2.742,+0.982
1636444620,+3.43,+15.150, +2.752,+0.982
1636444680,+3.43,+15.133, +2.768,+0.982
1636444740,+3.43,+15.133, +2.828,+0.982
1636444800,+3.43,+15.150, +2.910,+0.982
1636444860,+3.43,+15.141, +2.904,+0.982
1636444920,+3.43,+15.124, +2.895,+0.982
1636444980,+3.43,+15.150, +2.894,+0.982
1636445040,+3.43,+15.159, +2.877,+0.982
1636445100,+3.43,+15.141, +2.865,+0.982
1636445160,+3.43,+15.133, +2.930,+0.982
1636445220,+3.43,+15.141, +2.948,+0.983
1636445280,+3.43,+15.133, +2.976,+0.982
1636445340,+3.43,+15.133, +2.995,+0.982
1636445400,+3.43,+15.124, +2.961,+0.982
1636445460,+3.43,+15.141, +2.913,+0.982
1636445520,+3.43,+15.133, +2.815,+0.982
1636445580,+3.43,+15.124, +2.767,+0.982
1636445640,+3.43,+15.124, +2.780,+0.982
1636445700,+3.43,+15.141, +2.780,+0.982
1636445760,+3.43,+15.133, +2.777,+0.982
1636445820,+3.43,+15.141, +2.752,+0.982
1636445880,+3.43,+15.141, +2.791,+0.982
1636445940,+3.43,+15.159, +2.797,+0.982
1636446000,+3.43,+15.141, +2.798,+0.982
1636446060,+3.43,+15.124, +2.836,+0.982
1636446120,+3.43,+15.133, +2.872,+0.982
1636446180,+3.43,+15.133, +2.908,+0.982
1636446240,+3.43,+15.107, +2.936,+0.982
1636446300,+3.43,+15.141, +2.972,+0.982
1636446360,+3.43,+15.133, +3.007,+0.982
1636446420,+3.43,+15.124, +3.037,+0.982
1636446480,+3.43,+15.116, +3.057,+0.982
1636446540,+3.43,+15.124, +3.063,+0.982
1636446600,+3.43,+15.116, +3.060,+0.982
1636446660,+3.43,+15.124, +3.044,+0.982
1636446720,+3.43,+15.116, +3.033,+0.982
1636446780,+3.43,+15.141, +3.016,+0.982
1636446840,+3.43,+15.124, +3.003,+0.982
1636446900,+3.43,+15.116, +2.990,+0.982
1636446960,+3.43,+15.107, +2.973,+0.982
1636447020,+3.43,+15.133, +2.949,+0.982
1636447080,+3.43,+15.124, +2.941,+0.982
1636447140,+3.43,+15.116, +2.929,+0.982
1636447200,+3.43,+15.133, +2.913,+0.982
1636447260,+3.43,+15.133, +2.910,+0.982
1636447320,+3.43,+15.133, +2.905,+0.982
1636447380,+3.43,+15.116, +2.905,+0.982
1636447440,+3.43,+15.141, +2.900,+0.982
1636447500,+3.43,+15.141, +2.896,+0.982
1636447560,+3.43,+15.124, +2.901,+0.982
1636447620,+3.43,+15.124, +2.918,+0.982
1636447680,+3.43,+15.133, +2.950,+0.982
1636447740,+3.43,+15.124, +2.980,+0.982
1636447800,+3.43,+15.124, +3.000,+0.982
1636447860,+3.43,+15.124, +3.027,+0.982
1636447920,+3.43,+15.116, +3.059,+0.982
1636447980,+3.43,+15.124, +3.129,+0.982
1636448040,+3.43,+15.133, +3.186,+0.982
1636448100,+3.43,+15.116, +3.247,+0.982
1636448160,+3.43,+15.098, +3.264,+0.982
1636448220,+3.43,+15.124, +3.301,+0.982
1636448280,+3.43,+15.098, +3.254,+0.982
1636448340,+3.43,+15.124, +3.261,+0.983
1636448400,+3.43,+15.133, +3.265,+0.982
1636448460,+3.43,+15.124, +3.288,+0.982
1636448520,+3.43,+15.116, +3.256,+0.982
1636448580,+3.43,+15.116, +3.309,+0.982
1636448640,+3.43,+15.141, +3.276,+0.982
1636448700,+3.43,+15.133, +3.235,+0.982
1636448760,+3.43,+15.124, +3.146,+0.982
1636448820,+3.43,+15.159, +3.028,+0.982
1636448880,+3.43,+15.133, +2.929,+0.982
1636448940,+3.43,+15.141, +2.868,+0.983
1636449000,+3.43,+15.150, +2.817,+0.982
1636449060,+3.43,+15.141, +2.795,+0.982
1636449120,+3.43,+15.150, +2.789,+0.982
1636449180,+3.43,+15.159, +2.762,+0.982
1636449240,+3.43,+15.150, +2.741,+0.982
1636449300,+3.43,+15.133, +2.721,+0.982
1636449360,+3.43,+15.150, +2.701,+0.982
1636449420,+3.43,+15.150, +2.689,+0.982
1636449480,+3.43,+15.150, +2.721,+0.982
1636449540,+3.43,+15.133, +2.799,+0.982
1636449600,+3.43,+15.116, +2.870,+0.982
1636449660,+3.43,+15.116, +2.919,+0.983
1636449720,+3.43,+15.133, +2.969,+0.982
1636449780,+3.43,+15.133, +3.030,+0.982
1636449840,+3.43,+15.124, +3.098,+0.982
1636449900,+3.43,+15.098, +3.158,+0.982
1636449960,+3.43,+15.133, +3.201,+0.983
1636450020,+3.43,+15.107, +3.260,+0.982
1636450080,+3.43,+15.124, +3.318,+0.982
1636450140,+3.43,+15.133, +3.341,+0.982
1636450200,+3.43,+15.141, +3.328,+0.982
1636450260,+3.43,+15.150, +3.305,+0.982
1636450320,+3.43,+15.150, +3.284,+0.982
1636450380,+3.43,+15.150, +3.258,+0.982
1636450440,+3.43,+15.150, +3.229,+0.982
1636450500,+3.43,+15.141, +3.206,+0.982
1636450560,+3.43,+15.150, +3.223,+0.982
1636450620,+3.43,+15.141, +3.253,+0.982
1636450680,+3.43,+15.141, +3.273,+0.982
1636450740,+3.43,+15.141, +3.286,+0.982
1636450800,+3.43,+15.150, +3.289,+0.982
1636450860,+3.43,+15.141, +3.286,+0.983
1636450920,+3.43,+15.150, +3.271,+0.982
1636450980,+3.43,+15.133, +3.255,+0.982
1636451040,+3.43,+15.167, +3.181,+0.982
1636451100,+3.43,+15.150, +3.066,+0.982
1636451160,+3.43,+15.159, +3.010,+0.982
1636451220,+3.43,+15.167, +2.899,+0.982
1636451280,+3.43,+15.167, +2.806,+0.982
1636451340,+3.43,+15.193, +2.747,+0.982
1636451400,+3.43,+15.159, +2.757,+0.982
1636451460,+3.43,+15.176, +2.846,+0.982
1636451520,+3.43,+15.150, +2.968,+0.982
1636451580,+3.43,+15.159, +3.040,+0.982
1636451640,+3.43,+15.150, +3.009,+0.982
1636451700,+3.43,+15.133, +2.917,+0.982
1636451760,+3.43,+15.150, +2.855,+0.982
1636451820,+3.43,+15.167, +2.798,+0.983
1636451880,+3.43,+15.167, +2.731,+0.982
1636451940,+3.43,+15.176, +2.693,+0.982
1636452000,+3.43,+15.150, +2.684,+0.982
1636452060,+3.43,+15.167, +2.660,+0.982
1636452120,+3.43,+15.159, +2.637,+0.982
1636452180,+3.43,+15.159, +2.629,+0.982
1636452240,+3.43,+15.150, +2.622,+0.982
1636452300,+3.43,+15.159, +2.615,+0.982
1636452360,+3.43,+15.167, +2.605,+0.982
1636452420,+3.43,+15.150, +2.597,+0.982
1636452480,+3.43,+15.150, +2.585,+0.982
1636452540,+3.43,+15.167, +2.564,+0.982
1636452600,+3.43,+15.159, +2.544,+0.982
1636452660,+3.43,+15.167, +2.532,+0.982
1636452720,+3.43,+15.159, +2.526,+0.982
1636452780,+3.43,+15.167, +2.521,+0.982
1636452840,+3.43,+15.159, +2.514,+0.982
1636452900,+3.43,+15.167, +2.508,+0.982
1636452960,+3.43,+15.167, +2.502,+0.981
1636453020,+3.43,+15.176, +2.511,+0.982
1636453080,+3.43,+15.167, +2.537,+0.982
1636453140,+3.43,+15.167, +2.572,+0.982
1636453200,+3.43,+15.167, +2.608,+0.982
1636453260,+3.43,+15.167, +2.657,+0.982
1636453320,+3.43,+15.167, +2.709,+0.982
1636453380,+3.43,+15.176, +2.742,+0.982
1636453440,+3.43,+15.184, +2.774,+0.982
1636453500,+3.43,+15.193, +2.796,+0.982
1636453560,+3.43,+15.193, +2.834,+0.982
1636453620,+3.43,+15.193, +2.881,+0.982
1636453680,+3.43,+15.193, +2.926,+0.982
1636453740,+3.43,+15.184, +2.978,+0.982
1636453800,+3.43,+15.184, +3.006,+0.982
1636453860,+3.43,+15.184, +3.029,+0.982
1636453920,+3.43,+15.184, +3.065,+0.982
1636453980,+3.43,+15.184, +3.080,+0.982
1636454040,+3.43,+15.176, +3.086,+0.982
1636454100,+3.43,+15.167, +3.101,+0.983
1636454160,+3.43,+15.193, +3.026,+0.982
1636454220,+3.43,+15.176, +2.907,+0.982
1636454280,+3.43,+15.167, +2.819,+0.982
1636454340,+3.43,+15.167, +2.760,+0.982
1636454400,+3.43,+15.150, +2.801,+0.982
1636454460,+3.43,+15.141, +2.810,+0.982
1636454520,+3.43,+15.150, +2.964,+0.983
1636454580,+3.43,+15.141, +3.151,+0.982
1636454640,+3.43,+15.141, +3.293,+0.982
1636454700,+3.43,+15.141, +3.367,+0.983
1636454760,+3.43,+15.133, +3.417,+0.982
1636454820,+3.43,+15.133, +3.467,+0.982
1636454880,+3.43,+15.124, +3.446,+0.982
1636454940,+3.43,+15.133, +3.397,+0.983
1636455000,+3.43,+15.141, +3.329,+0.982
1636455060,+3.43,+15.159, +3.069,+0.982
1636455120,+3.43,+15.141, +2.966,+0.982
1636455180,+3.43,+15.150, +2.918,+0.982
1636455240,+3.43,+15.159, +2.859,+0.983
1636455300,+3.43,+15.141, +2.820,+0.982
1636455360,+3.43,+15.167, +2.794,+0.982
1636455420,+3.43,+15.150, +2.778,+0.982
1636455480,+3.43,+15.150, +2.763,+0.982
1636455540,+3.43,+15.159, +2.753,+0.982
1636455600,+3.43,+15.167, +2.738,+0.982
1636455660,+3.43,+15.150, +2.732,+0.982
1636455720,+3.43,+15.159, +2.721,+0.982
1636455780,+3.43,+15.150, +2.720,+0.982
1636455840,+3.43,+15.176, +2.714,+0.982
1636455900,+3.43,+15.159, +2.710,+0.982
1636455960,+3.43,+15.159, +2.697,+0.982
1636456020,+3.43,+15.167, +2.680,+0.982
1636456080,+3.43,+15.167, +2.666,+0.982
1636456140,+3.43,+15.159, +2.657,+0.982
1636456200,+3.43,+15.167, +2.649,+0.982
1636456260,+3.43,+15.167, +2.646,+0.982
1636456320,+3.43,+15.167, +2.641,+0.982
1636456380,+3.43,+15.167, +2.640,+0.982
1636456440,+3.43,+15.150, +2.646,+0.982
1636456500,+3.43,+15.167, +2.654,+0.982
1636456560,+3.43,+15.159, +2.667,+0.982
1636456620,+3.43,+15.150, +2.685,+0.982
1636456680,+3.43,+15.141, +2.722,+0.983
1636456740,+3.43,+15.133, +2.780,+0.982
1636456800,+3.43,+15.159, +2.847,+0.982
1636456860,+3.43,+15.150, +2.908,+0.982
1636456920,+3.43,+15.159, +2.962,+0.982
1636456980,+3.43,+15.124, +3.009,+0.983
1636457040,+3.43,+15.150, +3.038,+0.982
1636457100,+3.43,+15.133, +3.068,+0.982
1636457160,+3.43,+15.150, +3.082,+0.982
1636457220,+3.43,+15.141, +3.095,+0.982
1636457280,+3.43,+15.159, +3.104,+0.982
1636457340,+3.43,+15.159, +3.123,+0.982
1636457400,+3.43,+15.150, +3.146,+0.982
1636457460,+3.43,+15.133, +3.160,+0.982
1636457520,+3.43,+15.150, +3.186,+0.982
1636457580,+3.43,+15.141, +3.165,+0.982
1636457640,+3.43,+15.141, +3.262,+0.982
1636457700,+3.43,+15.133, +3.291,+0.982
1636457760,+3.43,+15.159, +3.128,+0.982
1636457820,+3.43,+15.141, +2.991,+0.982
1636457880,+3.43,+15.141, +2.941,+0.982
1636457940,+3.43,+15.150, +2.916,+0.982
1636458000,+3.43,+15.141, +2.943,+0.982
1636458060,+3.43,+15.150, +2.970,+0.982
1636458120,+3.43,+15.150, +3.036,+0.982
1636458180,+3.43,+15.150, +3.086,+0.983
1636458240,+3.43,+15.141, +3.096,+0.982
1636458300,+3.43,+15.133, +3.223,+0.982
1636458360,+3.43,+15.133, +3.210,+0.982
1636458420,+3.43,+15.133, +3.121,+0.982
1636458480,+3.43,+15.167, +2.962,+0.982
1636458540,+3.43,+15.167, +2.854,+0.982
1636458600,+3.43,+15.159, +2.804,+0.982
1636458660,+3.43,+15.167, +2.768,+0.982
1636458720,+3.43,+15.167, +2.700,+0.982
1636458780,+3.43,+15.176, +2.669,+0.982
1636458840,+3.43,+15.167, +2.649,+0.982
1636458900,+3.43,+15.193, +2.672,+0.982
1636458960,+3.43,+15.176, +2.665,+0.982
1636459020,+3.43,+15.184, +2.667,+0.982
1636459080,+3.43,+15.159, +2.723,+0.982
1636459140,+3.43,+15.167, +2.811,+0.982
1636459200,+3.43,+15.167, +2.851,+0.982
1636459260,+3.43,+15.176, +2.905,+0.982
1636459320,+3.43,+15.167, +2.960,+0.982
1636459380,+3.43,+15.184, +2.945,+0.982
1636459440,+3.43,+15.193, +2.892,+0.982
1636459500,+3.43,+15.210, +2.818,+0.982
1636459560,+3.43,+15.184, +2.768,+0.982
1636459620,+3.43,+15.193, +2.750,+0.982
1636459680,+3.43,+15.184, +2.781,+0.982
1636459740,+3.43,+15.150, +2.862,+0.982
1636459800,+3.43,+15.159, +2.937,+0.982
1636459860,+3.43,+15.150, +2.985,+0.982
1636459920,+3.43,+15.150, +3.009,+0.982
1636459980,+3.43,+15.176, +3.002,+0.982
1636460040,+3.43,+15.150, +2.976,+0.982
1636460100,+3.43,+15.150, +2.940,+0.982
1636460160,+3.43,+15.141, +2.900,+0.982
1636460220,+3.43,+15.167, +2.848,+0.983
1636460280,+3.43,+15.167, +2.843,+0.983
1636460340,+3.43,+15.159, +2.808,+0.982
1636460400,+3.43,+15.141, +2.796,+0.982
1636460460,+3.43,+15.176, +2.800,+0.982
1636460520,+3.43,+15.176, +2.790,+0.982
1636460580,+3.43,+15.167, +2.783,+0.982
1636460640,+3.43,+15.167, +2.777,+0.982
1636460700,+3.43,+15.193, +2.818,+0.983
1636460760,+3.43,+15.184, +3.161,+0.982
1636460820,+3.43,+15.193, +3.327,+0.982
1636460880,+3.43,+15.176, +3.409,+0.982
1636460940,+3.43,+15.202, +3.399,+0.982
1636461000,+3.43,+15.184, +3.347,+0.982
1636461060,+3.43,+15.184, +3.293,+0.982
1636461120,+3.43,+15.176, +3.254,+0.982
1636461180,+3.43,+15.176, +3.150,+0.982
1636461240,+3.43,+15.176, +2.997,+0.982
1636461300,+3.43,+15.167, +2.868,+0.982
1636461360,+3.43,+15.184, +2.836,+0.982
1636461420,+3.43,+15.159, +2.817,+0.982
1636461480,+3.43,+15.167, +2.847,+0.982
1636461540,+3.43,+15.159, +2.951,+0.982
1636461600,+3.43,+15.150, +3.023,+0.982
1636461660,+3.43,+15.159, +3.061,+0.982
1636461720,+3.43,+15.141, +3.062,+0.982
1636461780,+3.43,+15.150, +3.039,+0.982
1636461840,+3.43,+15.141, +3.028,+0.982
1636461900,+3.43,+15.141, +3.034,+0.982
1636461960,+3.43,+15.150, +3.012,+0.982
1636462020,+3.43,+15.150, +2.936,+0.982
1636462080,+3.43,+15.159, +2.935,+0.982
1636462140,+3.43,+15.167, +2.884,+0.982
1636462200,+3.43,+15.159, +2.834,+0.982
1636462260,+3.43,+15.176, +2.791,+0.982
1636462320,+3.43,+15.167, +2.764,+0.982
1636462380,+3.43,+15.167, +2.736,+0.982
1636462440,+3.43,+15.202, +2.737,+0.982
1636462500,+3.43,+15.193, +2.708,+0.982
1636462560,+3.43,+15.210, +2.694,+0.982
1636462620,+3.43,+15.193, +2.649,+0.982
1636462680,+3.43,+15.184, +2.577,+0.982
1636462740,+3.43,+15.176, +2.562,+0.982
1636462800,+3.43,+15.193, +2.594,+0.982
1636462860,+3.43,+15.184, +2.636,+0.982
1636462920,+3.43,+15.184, +2.638,+0.982
1636462980,+3.43,+15.193, +2.685,+0.982
1636463040,+3.43,+15.176, +2.690,+0.982
1636463100,+3.43,+15.193, +2.598,+0.982
1636463160,+3.43,+15.193, +2.526,+0.982
1636463220,+3.43,+15.184, +2.490,+0.982
1636463280,+3.43,+15.176, +2.483,+0.982
1636463340,+3.43,+15.202, +2.467,+0.982
1636463400,+3.43,+15.193, +2.457,+0.982
1636463460,+3.43,+15.202, +2.482,+0.982
1636463520,+3.43,+15.210, +2.555,+0.982
1636463580,+3.43,+15.184, +2.580,+0.982
1636463640,+3.43,+15.202, +2.534,+0.982
1636463700,+3.43,+15.202, +2.514,+0.982
1636463760,+3.43,+15.193, +2.534,+0.982
1636463820,+3.43,+15.202, +2.530,+0.982
1636463880,+3.43,+15.210, +2.555,+0.982
1636463940,+3.43,+15.210, +2.726,+0.982
1636464000,+3.43,+15.219, +2.895,+0.983
1636464060,+3.43,+15.227, +2.940,+0.982
1636464120,+3.43,+15.227, +2.968,+0.982
1636464180,+3.43,+15.219, +2.994,+0.982
1636464240,+3.43,+15.219, +3.007,+0.982
1636464300,+3.43,+15.210, +2.998,+0.982
1636464360,+3.43,+15.227, +2.990,+0.982
1636464420,+3.43,+15.236, +2.974,+0.982
1636464480,+3.43,+15.227, +2.954,+0.982
1636464540,+3.43,+15.227, +2.924,+0.982
1636464600,+3.43,+15.210, +2.885,+0.983
1636464660,+3.43,+15.210, +2.811,+0.982
1636464720,+3.43,+15.227, +2.745,+0.982
1636464780,+3.43,+15.219, +2.701,+0.982
1636464840,+3.43,+15.219, +2.668,+0.982
1636464900,+3.43,+15.219, +2.643,+0.982
1636464960,+3.43,+15.236, +2.624,+0.982
1636465020,+3.43,+15.210, +2.610,+0.982
1636465080,+3.43,+15.219, +2.602,+0.982
1636465140,+3.43,+15.219, +2.599,+0.982
1636465200,+3.43,+15.202, +2.594,+0.982
1636465260,+3.43,+15.210, +2.584,+0.982
1636465320,+3.43,+15.202, +2.575,+0.982
1636465380,+3.43,+15.202, +2.574,+0.982
1636465440,+3.43,+15.219, +2.571,+0.982
1636465500,+3.43,+15.202, +2.568,+0.982
1636465560,+3.43,+15.219, +2.552,+0.982
1636465620,+3.43,+15.210, +2.542,+0.982
1636465680,+3.43,+15.210, +2.531,+0.982
1636465740,+3.43,+15.193, +2.506,+0.982
1636465800,+3.43,+15.193, +2.482,+0.982
1636465860,+3.43,+15.210, +2.497,+0.982
1636465920,+3.43,+15.202, +2.501,+0.982
1636465980,+3.43,+15.193, +2.483,+0.982
1636466040,+3.43,+15.193, +2.464,+0.982
1636466100,+3.43,+15.210, +2.439,+0.982
1636466160,+3.43,+15.202, +2.421,+0.982
1636466220,+3.43,+15.202, +2.402,+0.982
1636466280,+3.43,+15.210, +2.392,+0.982
1636466340,+3.43,+15.202, +2.388,+0.982
1636466400,+3.43,+15.210, +2.381,+0.982
1636466460,+3.43,+15.210, +2.379,+0.982
1636466520,+3.43,+15.193, +2.363,+0.982
1636466580,+3.43,+15.210, +2.354,+0.982
1636466640,+3.43,+15.184, +2.408,+0.982
1636466700,+3.43,+15.202, +2.482,+0.982
1636466760,+3.43,+15.193, +2.489,+0.982
1636466820,+3.43,+15.193, +2.473,+0.982
1636466880,+3.43,+15.193, +2.494,+0.982
1636466940,+3.43,+15.219, +2.572,+0.982
1636467000,+3.43,+15.210, +2.620,+0.982
1636467060,+3.43,+15.193, +2.623,+0.982
1636467120,+3.43,+15.193, +2.589,+0.982
1636467180,+3.43,+15.193, +2.553,+0.982
1636467240,+3.43,+15.210, +2.511,+0.982
1636467300,+3.43,+15.202, +2.492,+0.982
1636467360,+3.43,+15.202, +2.552,+0.982
1636467420,+3.43,+15.219, +2.624,+0.982
1636467480,+3.43,+15.210, +2.649,+0.982
1636467540,+3.43,+15.210, +2.636,+0.982
1636467600,+3.43,+15.202, +2.611,+0.982
1636467660,+3.43,+15.227, +2.578,+0.982
1636467720,+3.43,+15.210, +2.549,+0.982
1636467780,+3.43,+15.210, +2.532,+0.982
1636467840,+3.43,+15.210, +2.507,+0.982
1636467900,+3.43,+15.210, +2.486,+0.982
1636467960,+3.43,+15.227, +2.466,+0.982
1636468020,+3.43,+15.219, +2.454,+0.982
1636468080,+3.43,+15.227, +2.446,+0.982
1636468140,+3.43,+15.219, +2.437,+0.982
1636468200,+3.43,+15.219, +2.443,+0.982
1636468260,+3.43,+15.236, +2.449,+0.982
1636468320,+3.43,+15.202, +2.458,+0.982
1636468380,+3.43,+15.210, +2.513,+0.982
1636468440,+3.43,+15.210, +2.595,+0.982
1636468500,+3.43,+15.219, +2.615,+0.982
1636468560,+3.43,+15.210, +2.625,+0.982
1636468620,+3.43,+15.202, +2.652,+0.982
1636468680,+3.43,+15.210, +2.731,+0.982
1636468740,+3.43,+15.210, +2.831,+0.982
1636468800,+3.43,+15.219, +2.819,+0.982
1636468860,+3.43,+15.202, +2.797,+0.982
1636468920,+3.43,+15.184, +2.900,+0.982
1636468980,+3.43,+15.219, +2.950,+0.982
1636469040,+3.43,+15.193, +2.933,+0.982
1636469100,+3.43,+15.210, +2.917,+0.982
1636469160,+3.43,+15.193, +2.879,+0.982
1636469220,+3.43,+15.210, +2.840,+0.982
1636469280,+3.43,+15.210, +2.845,+0.982
1636469340,+3.43,+15.193, +2.862,+0.982
1636469400,+3.43,+15.193, +2.866,+0.983
1636469460,+3.43,+15.210, +2.871,+0.982
1636469520,+3.43,+15.184, +2.868,+0.982
1636469580,+3.43,+15.210, +2.857,+0.982
1636469640,+3.43,+15.219, +2.845,+0.982
1636469700,+3.43,+15.210, +2.822,+0.982
1636469760,+3.43,+15.210, +2.764,+0.982
1636469820,+3.43,+15.210, +2.711,+0.982
1636469880,+3.43,+15.210, +2.670,+0.982
1636469940,+3.43,+15.210, +2.638,+0.982
1636470000,+3.43,+15.219, +2.612,+0.982
1636470060,+3.43,+15.219, +2.592,+0.982
1636470120,+3.43,+15.219, +2.586,+0.982
1636470180,+3.43,+15.202, +2.613,+0.982
1636470240,+3.43,+15.210, +2.673,+0.982
1636470300,+3.43,+15.227, +2.729,+0.982
1636470360,+3.43,+15.227, +2.786,+0.982
1636470420,+3.43,+15.219, +2.805,+0.982
1636470480,+3.43,+15.227, +2.808,+0.982
1636470540,+3.43,+15.236, +2.816,+0.982
1636470600,+3.43,+15.227, +2.837,+0.982
1636470660,+3.43,+15.219, +2.841,+0.982
1636470720,+3.43,+15.210, +2.829,+0.982
1636470780,+3.43,+15.219, +2.833,+0.982
1636470840,+3.43,+15.210, +2.864,+0.982
1636470900,+3.43,+15.210, +2.869,+0.982
1636470960,+3.43,+15.202, +2.856,+0.982
1636471020,+3.43,+15.219, +2.829,+0.982
1636471080,+3.43,+15.210, +2.804,+0.982
1636471140,+3.43,+15.236, +2.761,+0.982
1636471200,+3.43,+15.202, +2.701,+0.982
1636471260,+3.43,+15.227, +2.638,+0.982
1636471320,+3.43,+15.219, +2.607,+0.982
1636471380,+3.43,+15.210, +2.588,+0.982
1636471440,+3.43,+15.227, +2.568,+0.982
1636471500,+3.43,+15.210, +2.559,+0.982
1636471560,+3.43,+15.210, +2.553,+0.982
1636471620,+3.43,+15.219, +2.545,+0.982
1636471680,+3.43,+15.210, +2.519,+0.982
1636471740,+3.43,+15.202, +2.499,+0.982
1636471800,+3.43,+15.210, +2.465,+0.982
1636471860,+3.43,+15.210, +2.444,+0.982
1636471920,+3.43,+15.227, +2.440,+0.982
1636471980,+3.43,+15.219, +2.450,+0.982
1636472040,+3.43,+15.227, +2.449,+0.982
1636472100,+3.43,+15.210, +2.432,+0.982
1636472160,+3.43,+15.202, +2.414,+0.982
1636472220,+3.43,+15.219, +2.398,+0.982
1636472280,+3.43,+15.219, +2.372,+0.982
1636472340,+3.43,+15.219, +2.348,+0.982
1636472400,+3.43,+15.227, +2.310,+0.982
1636472460,+3.43,+15.210, +2.276,+0.982
1636472520,+3.43,+15.236, +2.279,+0.982
1636472580,+3.43,+15.219, +2.291,+0.981
1636472640,+3.43,+15.219, +2.270,+0.982
1636472700,+3.43,+15.236, +2.228,+0.982
1636472760,+3.43,+15.227, +2.215,+0.982
1636472820,+3.43,+15.236, +2.269,+0.982
1636472880,+3.43,+15.236, +2.327,+0.982
1636472940,+3.43,+15.227, +2.383,+0.982
1636473000,+3.43,+15.253, +2.389,+0.982
1636473060,+3.43,+15.245, +2.419,+0.982
1636473120,+3.43,+15.236, +2.447,+0.982
1636473180,+3.43,+15.253, +2.460,+0.982
1636473240,+3.43,+15.227, +2.452,+0.982
1636473300,+3.43,+15.245, +2.453,+0.982
1636473360,+3.43,+15.236, +2.457,+0.982
1636473420,+3.43,+15.245, +2.460,+0.981
1636473480,+3.43,+15.236, +2.466,+0.982
1636473540,+3.43,+15.227, +2.475,+0.982
1636473600,+3.43,+15.262, +2.475,+0.982
1636473660,+3.43,+15.245, +2.489,+0.982
1636473720,+3.43,+15.227, +2.517,+0.982
1636473780,+3.43,+15.245, +2.536,+0.982
1636473840,+3.43,+15.236, +2.622,+0.982
1636473900,+3.43,+15.245, +2.675,+0.982
1636473960,+3.43,+15.236, +2.696,+0.982
1636474020,+3.43,+15.236, +2.726,+0.982
1636474080,+3.43,+15.236, +2.746,+0.982
1636474140,+3.43,+15.245, +2.755,+0.982
1636474200,+3.43,+15.253, +2.751,+0.982
1636474260,+3.43,+15.245, +2.740,+0.982
1636474320,+3.43,+15.245, +2.725,+0.982
1636474380,+3.43,+15.245, +2.663,+0.982
1636474440,+3.43,+15.245, +2.609,+0.982
1636474500,+3.43,+15.227, +2.605,+0.982
1636474560,+3.43,+15.227, +2.614,+0.982
1636474620,+3.43,+15.236, +2.663,+0.982
1636474680,+3.43,+15.245, +2.741,+0.982
1636474740,+3.43,+15.236, +2.787,+0.982
1636474800,+3.43,+15.236, +2.826,+0.983
1636474860,+3.43,+15.210, +2.879,+0.982
1636474920,+3.43,+15.219, +2.912,+0.982
1636474980,+3.43,+15.227, +2.926,+0.982
1636475040,+3.43,+15.227, +2.944,+0.982
1636475100,+3.43,+15.236, +2.956,+0.982
1636475160,+3.43,+15.219, +2.927,+0.982
1636475220,+3.43,+15.236, +2.859,+0.982
1636475280,+3.43,+15.219, +2.730,+0.982
1636475340,+3.43,+15.227, +2.642,+0.982
1636475400,+3.43,+15.219, +2.591,+0.982
1636475460,+3.43,+15.210, +2.551,+0.982
1636475520,+3.43,+15.219, +2.499,+0.982
1636475580,+3.43,+15.227, +2.418,+0.982
1636475640,+3.43,+15.219, +2.358,+0.982
1636475700,+3.43,+15.236, +2.299,+0.982
1636475760,+3.43,+15.236, +2.272,+0.982
1636475820,+3.43,+15.253, +2.254,+0.982
1636475880,+3.43,+15.245, +2.245,+0.982
1636475940,+3.43,+15.253, +2.236,+0.982
1636476000,+3.43,+15.253, +2.228,+0.982
1636476060,+3.43,+15.253, +2.220,+0.982
1636476120,+3.43,+15.253, +2.213,+0.982
1636476180,+3.43,+15.253, +2.206,+0.981
1636476240,+3.43,+15.245, +2.203,+0.982
1636476300,+3.43,+15.236, +2.214,+0.982
1636476360,+3.43,+15.236, +2.239,+0.982
1636476420,+3.43,+15.245, +2.256,+0.982
1636476480,+3.43,+15.227, +2.257,+0.981
1636476540,+3.43,+15.227, +2.253,+0.982
1636476600,+3.43,+15.245, +2.254,+0.981
1636476660,+3.43,+15.236, +2.255,+0.982
1636476720,+3.43,+15.236, +2.235,+0.982
1636476780,+3.43,+15.245, +2.221,+0.981
1636476840,+3.43,+15.236, +2.212,+0.981
1636476900,+3.43,+15.236, +2.228,+0.982
1636476960,+3.43,+15.245, +2.251,+0.982
1636477020,+3.43,+15.227, +2.238,+0.982
1636477080,+3.43,+15.245, +2.227,+0.981
1636477140,+3.43,+15.236, +2.201,+0.981
1636477200,+3.43,+15.227, +2.183,+0.981
1636477260,+3.43,+15.253, +2.179,+0.981
1636477320,+3.43,+15.236, +2.203,+0.981
1636477380,+3.43,+15.262, +2.216,+0.982
1636477440,+3.43,+15.262, +2.215,+0.982
1636477500,+3.43,+15.245, +2.215,+0.982
1636477560,+3.43,+15.245, +2.219,+0.981
1636477620,+3.43,+15.245, +2.234,+0.982
1636477680,+3.43,+15.236, +2.249,+0.982
1636477740,+3.43,+15.245, +2.270,+0.982
1636477800,+3.43,+15.253, +2.276,+0.982
1636477860,+3.43,+15.253, +2.287,+0.982
1636477920,+3.43,+15.245, +2.305,+0.982
1636477980,+3.43,+15.245, +2.327,+0.982
1636478040,+3.43,+15.245, +2.351,+0.982
1636478100,+3.43,+15.245, +2.429,+0.982
1636478160,+3.43,+15.245, +2.527,+0.982
1636478220,+3.43,+15.253, +2.590,+0.982
1636478280,+3.43,+15.245, +2.595,+0.982
1636478340,+3.43,+15.245, +2.581,+0.982
1636478400,+3.43,+15.227, +2.544,+0.982
1636478460,+3.43,+15.219, +2.513,+0.982
1636478520,+3.43,+15.245, +2.476,+0.982
1636478580,+3.43,+15.245, +2.435,+0.982
1636478640,+3.43,+15.227, +2.392,+0.982
1636478700,+3.43,+15.227, +2.371,+0.982
1636478760,+3.43,+15.236, +2.373,+0.982
1636478820,+3.43,+15.245, +2.428,+0.982
1636478880,+3.43,+15.262, +2.493,+0.982
1636478940,+3.43,+15.245, +2.584,+0.982
1636479000,+3.43,+15.270, +2.594,+0.982
1636479060,+3.43,+15.253, +2.605,+0.982
1636479120,+3.43,+15.236, +2.602,+0.982
1636479180,+3.43,+15.236, +2.555,+0.982
1636479240,+3.43,+15.236, +2.480,+0.982
1636479300,+3.43,+15.236, +2.424,+0.982
1636479360,+3.43,+15.236, +2.380,+0.982
1636479420,+3.43,+15.236, +2.355,+0.982
1636479480,+3.43,+15.236, +2.330,+0.982
1636479540,+3.43,+15.219, +2.315,+0.982
1636479600,+3.43,+15.219, +2.324,+0.982
1636479660,+3.43,+15.227, +2.339,+0.982
1636479720,+3.43,+15.227, +2.348,+0.982
1636479780,+3.43,+15.245, +2.344,+0.982
1636479840,+3.43,+15.227, +2.337,+0.982
1636479900,+3.43,+15.219, +2.327,+0.982
1636479960,+3.43,+15.219, +2.317,+0.982
1636480020,+3.43,+15.236, +2.312,+0.982
1636480080,+3.43,+15.245, +2.303,+0.982
1636480140,+3.43,+15.210, +2.303,+0.982
1636480200,+3.43,+15.245, +2.295,+0.981
1636480260,+3.43,+15.236, +2.290,+0.981
1636480320,+3.43,+15.236, +2.287,+0.982
1636480380,+3.43,+15.236, +2.278,+0.982
1636480440,+3.43,+15.227, +2.285,+0.982
1636480500,+3.43,+15.219, +2.289,+0.982
1636480560,+3.43,+15.236, +2.301,+0.982
1636480620,+3.43,+15.210, +2.318,+0.982
1636480680,+3.43,+15.219, +2.330,+0.982
1636480740,+3.43,+15.236, +2.346,+0.982
1636480800,+3.43,+15.219, +2.363,+0.982
1636480860,+3.43,+15.219, +2.378,+0.982
1636480920,+3.43,+15.202, +2.431,+0.982
1636480980,+3.43,+15.202, +2.502,+0.982
1636481040,+3.43,+15.193, +2.692,+0.982
1636481100,+3.43,+15.202, +2.875,+0.982
1636481160,+3.43,+15.193, +2.928,+0.982
1636481220,+3.43,+15.202, +2.912,+0.982
1636481280,+3.43,+15.193, +2.854,+0.982
1636481340,+3.43,+15.202, +2.741,+0.982
1636481400,+3.43,+15.202, +2.596,+0.982
1636481460,+3.43,+15.210, +2.502,+0.982
1636481520,+3.43,+15.236, +2.464,+0.982
1636481580,+3.43,+15.202, +2.459,+0.982
1636481640,+3.43,+15.210, +2.456,+0.982
1636481700,+3.43,+15.253, +2.456,+0.982
1636481760,+3.43,+15.227, +2.459,+0.982
1636481820,+3.43,+15.262, +2.473,+0.982
1636481880,+3.43,+15.245, +2.491,+0.982
1636481940,+3.43,+15.262, +2.490,+0.982
1636482000,+3.43,+15.262, +2.471,+0.982
1636482060,+3.43,+15.253, +2.455,+0.982
1636482120,+3.43,+15.270, +2.427,+0.982
1636482180,+3.43,+15.245, +2.420,+0.982
1636482240,+3.43,+15.245, +2.412,+0.982
1636482300,+3.43,+15.245, +2.398,+0.982
1636482360,+3.43,+15.270, +2.372,+0.982
1636482420,+3.43,+15.270, +2.355,+0.982
1636482480,+3.43,+15.245, +2.345,+0.982
1636482540,+3.43,+15.245, +2.334,+0.982
1636482600,+3.43,+15.227, +2.318,+0.982
1636482660,+3.43,+15.262, +2.302,+0.982
1636482720,+3.43,+15.245, +2.288,+0.982
1636482780,+3.43,+15.253, +2.275,+0.982
1636482840,+3.43,+15.253, +2.266,+0.982
1636482900,+3.43,+15.253, +2.254,+0.981
1636482960,+3.43,+15.262, +2.252,+0.982
1636483020,+3.43,+15.253, +2.243,+0.982
1636483080,+3.43,+15.253, +2.238,+0.982
1636483140,+3.43,+15.253, +2.246,+0.982
1636483200,+3.43,+15.262, +2.265,+0.982
1636483260,+3.43,+15.262, +2.280,+0.982
1636483320,+3.43,+15.287, +2.283,+0.982
1636483380,+3.43,+15.253, +2.270,+0.982
1636483440,+3.43,+15.270, +2.243,+0.982
1636483500,+3.43,+15.279, +2.225,+0.982
1636483560,+3.43,+15.262, +2.208,+0.981
1636483620,+3.43,+15.270, +2.206,+0.982
1636483680,+3.43,+15.279, +2.219,+0.982
1636483740,+3.43,+15.262, +2.221,+0.981
1636483800,+3.43,+15.262, +2.213,+0.982
1636483860,+3.43,+15.262, +2.205,+0.982
1636483920,+3.43,+15.245, +2.197,+0.981
1636483980,+3.43,+15.245, +2.191,+0.982
1636484040,+3.43,+15.236, +2.184,+0.981
1636484100,+3.43,+15.236, +2.185,+0.982
1636484160,+3.43,+15.253, +2.203,+0.981
1636484220,+3.43,+15.227, +2.256,+0.982
1636484280,+3.43,+15.227, +2.261,+0.982
1636484340,+3.43,+15.236, +2.257,+0.982
1636484400,+3.43,+15.245, +2.251,+0.982
1636484460,+3.43,+15.245, +2.239,+0.982
1636484520,+3.43,+15.245, +2.223,+0.981
1636484580,+3.43,+15.236, +2.210,+0.982
1636484640,+3.43,+15.262, +2.198,+0.982
1636484700,+3.43,+15.262, +2.192,+0.982
1636484760,+3.43,+15.270, +2.200,+0.981
1636484820,+3.43,+15.270, +2.227,+0.982
1636484880,+3.43,+15.270, +2.252,+0.982
1636484940,+3.43,+15.262, +2.270,+0.982
1636485000,+3.43,+15.270, +2.279,+0.982
1636485060,+3.43,+15.270, +2.281,+0.981
1636485120,+3.43,+15.270, +2.287,+0.982
1636485180,+3.43,+15.287, +2.292,+0.982
1636485240,+3.43,+15.245, +2.322,+0.982
1636485300,+3.43,+15.279, +2.337,+0.982
1636485360,+3.43,+15.253, +2.352,+0.982
1636485420,+3.43,+15.262, +2.360,+0.982
1636485480,+3.43,+15.253, +2.370,+0.982
1636485540,+3.43,+15.270, +2.358,+0.982
1636485600,+3.43,+15.270, +2.338,+0.982
1636485660,+3.43,+15.279, +2.334,+0.982
1636485720,+3.43,+15.262, +2.324,+0.982
1636485780,+3.43,+15.279, +2.298,+0.982
1636485840,+3.43,+15.279, +2.275,+0.982
1636485900,+3.43,+15.287, +2.264,+0.982
1636485960,+3.43,+15.279, +2.258,+0.982
1636486020,+3.43,+15.262, +2.254,+0.982
1636486080,+3.43,+15.270, +2.254,+0.982
1636486140,+3.43,+15.270, +2.255,+0.982
1636486200,+3.43,+15.279, +2.253,+0.982
1636486260,+3.43,+15.270, +2.248,+0.982
1636486320,+3.43,+15.262, +2.239,+0.982
1636486380,+3.43,+15.270, +2.225,+0.982
1636486440,+3.43,+15.270, +2.215,+0.982
1636486500,+3.43,+15.270, +2.198,+0.982
1636486560,+3.43,+15.270, +2.182,+0.982
1636486620,+3.43,+15.279, +2.173,+0.982
1636486680,+3.43,+15.245, +2.165,+0.982
1636486740,+3.43,+15.262, +2.167,+0.982
1636486800,+3.43,+15.279, +2.169,+0.981
1636486860,+3.43,+15.262, +2.189,+0.982
1636486920,+3.43,+15.262, +2.203,+0.982
1636486980,+3.43,+15.270, +2.223,+0.982
1636487040,+3.43,+15.279, +2.237,+0.982
1636487100,+3.43,+15.262, +2.252,+0.981
1636487160,+3.43,+15.279, +2.258,+0.982
1636487220,+3.43,+15.262, +2.263,+0.982
1636487280,+3.43,+15.262, +2.261,+0.982
1636487340,+3.43,+15.270, +2.258,+0.982
1636487400,+3.43,+15.287, +2.246,+0.982
1636487460,+3.43,+15.262, +2.237,+0.982
1636487520,+3.43,+15.253, +2.229,+0.982
1636487580,+3.43,+15.287, +2.215,+0.982
1636487640,+3.43,+15.253, +2.206,+0.982
1636487700,+3.43,+15.262, +2.201,+0.981
1636487760,+3.43,+15.270, +2.197,+0.982
1636487820,+3.43,+15.270, +2.193,+0.981
1636487880,+3.43,+15.270, +2.193,+0.982
1636487940,+3.43,+15.279, +2.190,+0.982
1636488000,+3.43,+15.262, +2.192,+0.982
1636488060,+3.43,+15.287, +2.190,+0.982
1636488120,+3.43,+15.287, +2.196,+0.982
1636488180,+3.43,+15.262, +2.202,+0.982
1636488240,+3.43,+15.279, +2.202,+0.982
1636488300,+3.43,+15.262, +2.206,+0.982
1636488360,+3.43,+15.270, +2.200,+0.982
1636488420,+3.43,+15.270, +2.199,+0.982
1636488480,+3.43,+15.262, +2.197,+0.982
1636488540,+3.43,+15.270, +2.194,+0.982
1636488600,+3.43,+15.270, +2.193,+0.982
1636488660,+3.43,+15.270, +2.189,+0.981
1636488720,+3.43,+15.262, +2.192,+0.981
1636488780,+3.43,+15.270, +2.193,+0.981
1636488840,+3.43,+15.270, +2.196,+0.982
1636488900,+3.43,+15.287, +2.192,+0.982
1636488960,+3.43,+15.270, +2.190,+0.981
1636489020,+3.43,+15.279, +2.194,+0.982
1636489080,+3.43,+15.262, +2.200,+0.981
1636489140,+3.43,+15.287, +2.198,+0.981
1636489200,+3.43,+15.270, +2.199,+0.982
1636489260,+3.43,+15.270, +2.203,+0.982
1636489320,+3.43,+15.296, +2.211,+0.982
1636489380,+3.43,+15.262, +2.273,+0.982
1636489440,+3.43,+15.287, +2.333,+0.982
1636489500,+3.43,+15.279, +2.346,+0.982
1636489560,+3.43,+15.279, +2.356,+0.982
1636489620,+3.43,+15.279, +2.371,+0.982
