7450-720098
OS REV: 1.05 Sensor Cal: 1615484591
Time (sec),  BV (Volts),  T (deg C),  DO (mg/l),  Q ()
1636230480,+3.44,+26.387, +8.802,+1.024
1636230540,+3.44,+25.451, +9.620,+1.026
1636230600,+3.44,+25.098, +9.860,+1.026
1636230660,+3.45,+24.720, +9.962,+1.024
1636230720,+3.45,+24.384,+10.001,+1.023
1636230780,+3.44,+24.032,+10.020,+1.022
1636230840,+3.45,+23.764,+10.039,+1.021
1636230900,+3.45,+23.496,+10.075,+1.021
1636230960,+3.44,+23.236,+10.100,+1.020
1636231020,+3.44,+23.036,+10.102,+1.019
1636231080,+3.45,+22.826,+10.117,+1.019
1636231140,+3.45,+22.651,+10.107,+1.018
1636231200,+3.45,+22.484,+10.105,+1.018
1636231260,+3.45,+22.341,+10.092,+1.018
1636231320,+3.45,+22.216,+10.097,+1.018
1636231380,+3.45,+22.041,+10.054,+1.017
1636231440,+3.45,+21.890,+10.080,+1.016
1636231500,+3.45,+21.790,+10.089,+1.016
1636231560,+3.45,+21.664,+10.061,+1.015
1636231620,+3.45,+21.556, +9.919,+1.014
1636231680,+3.45,+21.355,+10.036,+1.015
1636231740,+3.45,+21.271,+10.070,+1.015
1636231800,+3.45,+21.213,+10.066,+1.014
1636231860,+3.45,+21.171,+10.069,+1.014
1636231920,+3.45,+21.104,+10.064,+1.014
1636231980,+3.45,+21.037,+10.059,+1.013
1636232040,+3.45,+21.004,+10.046,+1.013
1636232100,+3.45,+20.937,+10.039,+1.013
1636232160,+3.45,+20.878,+10.024,+1.013
1636232220,+3.45,+20.845,+10.024,+1.013
1636232280,+3.45,+20.812,+10.032,+1.013
1636232340,+3.45,+20.786,+10.016,+1.012
1636232400,+3.45,+20.803, +9.990,+1.012
1636232460,+3.45,+20.778, +9.979,+1.012
1636232520,+3.45,+20.711, +9.981,+1.012
1636232580,+3.45,+20.636, +9.999,+1.012
1636232640,+3.45,+20.636,+10.005,+1.011
1636232700,+3.45,+20.636,+10.018,+1.012
1636232760,+3.45,+20.636,+10.015,+1.011
1636232820,+3.45,+20.661, +9.982,+1.011
1636232880,+3.45,+20.644, +9.992,+1.011
1636232940,+3.45,+20.636,+10.000,+1.011
1636233000,+3.45,+20.669, +9.992,+1.011
1636233060,+3.45,+20.669, +9.980,+1.011
1636233120,+3.45,+20.686, +9.974,+1.010
1636233180,+3.45,+20.694, +9.977,+1.010
1636233240,+3.45,+20.703, +9.966,+1.010
1636233300,+3.45,+20.728, +9.967,+1.010
1636233360,+3.45,+20.728, +9.970,+1.010
1636233420,+3.45,+20.753, +9.961,+1.010
1636233480,+3.45,+20.761, +9.957,+1.011
1636233540,+3.45,+20.786, +9.945,+1.010
1636233600,+3.45,+20.803, +9.960,+1.010
1636233660,+3.45,+20.828, +9.955,+1.010
1636233720,+3.45,+20.837, +9.943,+1.010
1636233780,+3.45,+20.870, +9.943,+1.010
1636233840,+3.45,+20.904, +9.941,+1.010
1636233900,+3.45,+20.912, +9.923,+1.009
1636233960,+3.45,+20.929, +9.919,+1.009
1636234020,+3.44,+20.937, +9.928,+1.009
1636234080,+3.44,+20.945, +9.923,+1.009
1636234140,+3.44,+20.937, +9.926,+1.009
1636234200,+3.45,+20.937, +9.919,+1.009
1636234260,+3.44,+20.937, +9.904,+1.009
1636234320,+3.45,+20.937, +9.897,+1.009
1636234380,+3.45,+20.904, +9.900,+1.009
1636234440,+3.45,+20.895, +9.878,+1.009
1636234500,+3.45,+20.887, +9.886,+1.009
1636234560,+3.45,+20.845, +9.887,+1.009
1636234620,+3.45,+20.845, +9.877,+1.009
1636234680,+3.45,+20.828, +9.888,+1.009
1636234740,+3.45,+20.786, +9.883,+1.008
1636234800,+3.45,+20.795, +9.880,+1.008
1636234860,+3.45,+20.770, +9.871,+1.008
1636234920,+3.45,+20.745, +9.881,+1.008
1636234980,+3.45,+20.711, +9.872,+1.008
1636235040,+3.45,+20.535, +9.115,+1.005
1636235100,+3.45,+20.109, +9.218,+1.007
1636235160,+3.45,+20.050, +9.167,+1.007
1636235220,+3.45,+19.916,+10.733,+1.009
1636235280,+3.45,+19.623, +9.181,+1.002
1636235340,+3.45,+18.109, +8.950,+1.002
1636235400,+3.45,+18.042,+11.385,+1.010
1636235460,+3.45,+18.396,+12.119,+1.010
1636235520,+3.45,+18.059,+11.180,+1.006
1636235580,+3.45,+18.000,+11.663,+1.008
1636235640,+3.45,+17.306, +9.486,+1.003
1636235700,+3.46,+16.933, +9.290,+1.003
1636235760,+3.45,+16.602, +8.968,+1.003
1636235820,+3.45,+16.381, +8.852,+1.003
1636235880,+3.45,+16.227, +8.759,+1.003
1636235940,+3.45,+16.133, +8.714,+1.002
1636236000,+3.45,+16.065, +8.690,+1.003
1636236060,+3.46,+16.014, +8.716,+1.002
1636236120,+3.46,+15.954, +8.794,+1.003
1636236180,+3.46,+15.911, +8.968,+1.003
1636236240,+3.46,+15.903, +9.063,+1.004
1636236300,+3.46,+15.877, +9.114,+1.004
1636236360,+3.46,+15.885, +9.139,+1.003
1636236420,+3.46,+15.868, +9.157,+1.003
1636236480,+3.46,+15.851, +9.189,+1.004
1636236540,+3.46,+15.843, +9.181,+1.003
1636236600,+3.46,+15.817, +9.170,+1.003
1636236660,+3.45,+15.774, +9.101,+1.003
1636236720,+3.45,+15.731, +9.001,+1.003
1636236780,+3.45,+15.723, +8.975,+1.003
1636236840,+3.45,+15.731, +9.023,+1.003
1636236900,+3.45,+15.723, +9.072,+1.003
1636236960,+3.45,+15.706, +9.102,+1.003
1636237020,+3.45,+15.697, +9.121,+1.003
1636237080,+3.45,+15.706, +9.126,+1.003
1636237140,+3.45,+15.731, +9.140,+1.003
1636237200,+3.45,+15.723, +9.196,+1.003
1636237260,+3.45,+15.714, +9.277,+1.003
1636237320,+3.45,+15.731, +9.346,+1.004
1636237380,+3.45,+15.740, +9.391,+1.004
1636237440,+3.45,+15.731, +9.419,+1.003
1636237500,+3.45,+15.740, +9.499,+1.004
1636237560,+3.45,+15.766, +9.581,+1.004
1636237620,+3.45,+15.774, +9.638,+1.004
1636237680,+3.45,+15.783, +9.657,+1.003
1636237740,+3.45,+15.774, +9.682,+1.003
1636237800,+3.45,+15.791, +9.666,+1.003
1636237860,+3.45,+15.800, +9.659,+1.004
1636237920,+3.45,+15.800, +9.647,+1.004
1636237980,+3.46,+15.834, +9.655,+1.003
1636238040,+3.46,+15.843, +9.733,+1.003
1636238100,+3.45,+15.885, +9.807,+1.003
1636238160,+3.45,+15.911, +9.843,+1.004
1636238220,+3.45,+15.911, +9.855,+1.004
1636238280,+3.45,+15.954,+10.044,+1.004
1636238340,+3.45,+15.962,+10.276,+1.004
1636238400,+3.45,+15.979,+10.377,+1.005
1636238460,+3.45,+15.971,+10.398,+1.004
1636238520,+3.45,+15.988,+10.476,+1.005
1636238580,+3.45,+15.988,+10.487,+1.005
1636238640,+3.45,+15.962,+10.447,+1.004
1636238700,+3.45,+15.945,+10.403,+1.004
1636238760,+3.45,+15.945,+10.358,+1.004
1636238820,+3.45,+15.937,+10.323,+1.004
1636238880,+3.45,+15.928,+10.178,+1.003
1636238940,+3.45,+15.885,+10.121,+1.004
1636239000,+3.45,+15.885,+10.086,+1.003
1636239060,+3.45,+15.868,+10.069,+1.004
1636239120,+3.45,+15.851, +9.988,+1.003
1636239180,+3.45,+15.860, +9.899,+1.003
1636239240,+3.45,+15.843, +9.845,+1.003
1636239300,+3.45,+15.851, +9.771,+1.003
1636239360,+3.45,+15.860, +9.804,+1.003
1636239420,+3.45,+15.860, +9.849,+1.003
1636239480,+3.45,+15.877, +9.847,+1.003
1636239540,+3.45,+15.851, +9.845,+1.003
1636239600,+3.45,+15.843, +9.808,+1.003
1636239660,+3.45,+15.826, +9.794,+1.003
1636239720,+3.45,+15.800, +9.787,+1.003
1636239780,+3.45,+15.774, +9.693,+1.003
1636239840,+3.45,+15.774, +9.662,+1.003
1636239900,+3.45,+15.740, +9.603,+1.003
1636239960,+3.45,+15.723, +9.495,+1.002
1636240020,+3.45,+15.731, +9.319,+1.001
1636240080,+3.45,+15.697, +9.296,+1.002
1636240140,+3.45,+15.706, +9.280,+1.002
1636240200,+3.45,+15.706, +9.258,+1.002
1636240260,+3.45,+15.680, +9.274,+1.002
1636240320,+3.45,+15.706, +9.275,+1.002
1636240380,+3.45,+15.706, +9.260,+1.001
1636240440,+3.45,+15.689, +9.302,+1.002
1636240500,+3.45,+15.680, +9.244,+1.002
1636240560,+3.45,+15.697, +9.270,+1.001
1636240620,+3.45,+15.689, +9.231,+1.002
1636240680,+3.45,+15.689, +9.142,+1.001
1636240740,+3.45,+15.697, +9.093,+1.001
1636240800,+3.45,+15.697, +9.069,+1.001
1636240860,+3.45,+15.706, +9.066,+1.002
1636240920,+3.45,+15.697, +9.050,+1.001
1636240980,+3.45,+15.697, +9.062,+1.001
1636241040,+3.45,+15.697, +9.049,+1.002
1636241100,+3.45,+15.689, +9.013,+1.001
1636241160,+3.45,+15.680, +9.002,+1.002
1636241220,+3.45,+15.689, +9.037,+1.001
1636241280,+3.45,+15.697, +9.104,+1.001
1636241340,+3.45,+15.697, +9.151,+1.001
1636241400,+3.45,+15.723, +9.169,+1.001
1636241460,+3.45,+15.740, +9.174,+1.002
1636241520,+3.45,+15.731, +9.188,+1.001
1636241580,+3.45,+15.723, +9.197,+1.001
1636241640,+3.45,+15.731, +9.228,+1.001
1636241700,+3.45,+15.714, +9.259,+1.002
1636241760,+3.45,+15.714, +9.235,+1.001
1636241820,+3.45,+15.731, +9.211,+1.001
1636241880,+3.45,+15.749, +9.261,+1.001
1636241940,+3.45,+15.731, +9.259,+1.002
1636242000,+3.45,+15.731, +9.230,+1.001
1636242060,+3.45,+15.740, +9.190,+1.001
1636242120,+3.45,+15.723, +9.151,+1.001
1636242180,+3.45,+15.706, +9.109,+1.001
1636242240,+3.45,+15.714, +9.084,+1.000
1636242300,+3.45,+15.706, +9.099,+1.001
1636242360,+3.45,+15.697, +9.078,+1.001
1636242420,+3.45,+15.706, +9.105,+1.001
1636242480,+3.45,+15.697, +9.085,+1.001
1636242540,+3.45,+15.689, +9.020,+1.001
1636242600,+3.45,+15.697, +9.043,+1.000
1636242660,+3.45,+15.706, +9.134,+1.001
1636242720,+3.45,+15.731, +9.189,+1.001
1636242780,+3.45,+15.731, +9.231,+1.001
1636242840,+3.45,+15.723, +9.206,+1.001
1636242900,+3.45,+15.731, +9.144,+1.001
1636242960,+3.45,+15.714, +9.144,+1.001
1636243020,+3.45,+15.731, +9.176,+1.001
1636243080,+3.45,+15.697, +9.174,+1.001
1636243140,+3.45,+15.723, +9.121,+1.001
1636243200,+3.45,+15.723, +9.174,+1.001
1636243260,+3.45,+15.706, +9.177,+1.000
1636243320,+3.45,+15.689, +9.193,+1.001
1636243380,+3.45,+15.723, +9.227,+1.001
1636243440,+3.45,+15.740, +9.267,+1.001
1636243500,+3.45,+15.740, +9.278,+1.000
1636243560,+3.45,+15.731, +9.255,+1.001
1636243620,+3.45,+15.731, +9.225,+1.001
1636243680,+3.45,+15.723, +9.201,+1.000
1636243740,+3.45,+15.731, +9.196,+1.001
1636243800,+3.45,+15.731, +9.216,+1.001
1636243860,+3.45,+15.714, +9.238,+1.001
1636243920,+3.45,+15.731, +9.257,+1.000
1636243980,+3.45,+15.740, +9.258,+1.000
1636244040,+3.45,+15.731, +9.149,+1.000
1636244100,+3.45,+15.723, +9.108,+1.000
1636244160,+3.45,+15.723, +9.162,+1.000
1636244220,+3.45,+15.731, +9.251,+1.000
1636244280,+3.45,+15.714, +9.115,+1.000
1636244340,+3.45,+15.766, +9.263,+1.001
1636244400,+3.45,+15.783, +9.310,+1.001
1636244460,+3.45,+15.826, +9.379,+1.001
1636244520,+3.45,+15.843, +9.406,+1.001
1636244580,+3.45,+15.877, +9.443,+1.001
1636244640,+3.45,+15.894, +9.515,+1.001
1636244700,+3.45,+15.920, +9.480,+1.001
1636244760,+3.45,+15.937, +9.398,+1.000
1636244820,+3.45,+15.928, +9.380,+1.001
1636244880,+3.45,+15.954, +9.436,+1.001
1636244940,+3.45,+15.971, +9.445,+1.001
1636245000,+3.45,+15.997, +9.440,+1.001
1636245060,+3.45,+15.988, +9.293,+1.001
1636245120,+3.45,+15.997, +9.271,+1.001
1636245180,+3.45,+15.997, +9.231,+1.001
1636245240,+3.45,+16.014, +9.169,+1.000
1636245300,+3.45,+15.971, +9.137,+1.000
1636245360,+3.45,+15.971, +9.129,+1.000
1636245420,+3.45,+15.979, +9.118,+1.000
1636245480,+3.45,+15.979, +9.130,+1.000
1636245540,+3.45,+15.997, +9.125,+1.000
1636245600,+3.45,+16.014, +9.048,+1.000
1636245660,+3.45,+16.048, +9.034,+1.000
1636245720,+3.45,+16.048, +9.022,+1.000
1636245780,+3.45,+16.073, +9.009,+1.000
1636245840,+3.45,+16.073, +9.006,+1.001
1636245900,+3.45,+16.091, +8.977,+1.000
1636245960,+3.45,+16.073, +8.986,+1.000
1636246020,+3.45,+16.091, +9.037,+1.000
1636246080,+3.45,+16.073, +9.088,+1.000
1636246140,+3.45,+16.082, +9.097,+1.000
1636246200,+3.45,+16.099, +9.128,+1.000
1636246260,+3.45,+16.082, +9.133,+1.000
1636246320,+3.45,+16.091, +9.223,+1.001
1636246380,+3.45,+16.116, +9.264,+1.000
1636246440,+3.45,+16.091, +9.153,+1.000
1636246500,+3.45,+16.056, +9.127,+1.000
1636246560,+3.45,+16.022, +9.103,+1.000
1636246620,+3.45,+16.022, +9.075,+0.999
1636246680,+3.45,+15.997, +9.128,+1.000
1636246740,+3.45,+15.997, +9.132,+1.000
1636246800,+3.45,+16.005, +9.195,+1.000
1636246860,+3.45,+16.014, +9.233,+1.000
1636246920,+3.45,+15.988, +9.299,+1.000
1636246980,+3.45,+15.945, +9.273,+1.000
1636247040,+3.45,+15.962, +9.247,+1.000
1636247100,+3.45,+15.920, +9.135,+0.999
1636247160,+3.45,+15.911, +9.034,+1.000
1636247220,+3.45,+15.894, +9.007,+1.000
1636247280,+3.45,+15.903, +8.999,+1.000
1636247340,+3.45,+15.903, +9.018,+1.000
1636247400,+3.45,+15.885, +9.031,+1.000
1636247460,+3.45,+15.903, +9.070,+1.000
1636247520,+3.45,+15.945, +9.115,+1.000
1636247580,+3.45,+15.962, +9.205,+1.000
1636247640,+3.45,+16.005, +9.260,+1.000
1636247700,+3.45,+16.022, +9.322,+1.000
1636247760,+3.45,+16.039, +9.384,+1.000
1636247820,+3.45,+16.031, +9.394,+1.000
1636247880,+3.45,+16.031, +9.347,+1.000
1636247940,+3.45,+16.039, +9.393,+1.001
1636248000,+3.45,+16.091, +9.459,+1.000
1636248060,+3.45,+16.116, +9.554,+1.000
1636248120,+3.45,+16.142, +9.599,+1.001
1636248180,+3.45,+16.159, +9.635,+1.000
1636248240,+3.45,+16.159, +9.623,+1.001
1636248300,+3.45,+16.150, +9.605,+1.000
1636248360,+3.45,+16.133, +9.609,+1.000
1636248420,+3.45,+16.176, +9.614,+1.000
1636248480,+3.45,+16.176, +9.665,+1.000
1636248540,+3.45,+16.193, +9.695,+1.000
1636248600,+3.45,+16.210, +9.725,+1.000
1636248660,+3.45,+16.201, +9.766,+1.001
1636248720,+3.45,+16.210, +9.813,+1.001
1636248780,+3.44,+16.236, +9.849,+1.000
1636248840,+3.45,+16.219, +9.892,+1.001
1636248900,+3.45,+16.236, +9.851,+1.000
1636248960,+3.45,+16.210, +9.779,+1.000
1636249020,+3.44,+16.227, +9.641,+1.000
1636249080,+3.45,+16.236, +9.520,+1.000
1636249140,+3.44,+16.244, +9.479,+1.000
1636249200,+3.44,+16.244, +9.448,+1.000
1636249260,+3.44,+16.236, +9.472,+1.000
1636249320,+3.44,+16.236, +9.508,+1.000
1636249380,+3.44,+16.244, +9.511,+1.000
1636249440,+3.44,+16.244, +9.554,+1.000
1636249500,+3.44,+16.201, +9.531,+1.000
1636249560,+3.45,+16.210, +9.538,+1.000
1636249620,+3.44,+16.193, +9.516,+1.000
1636249680,+3.44,+16.227, +9.492,+1.000
1636249740,+3.44,+16.236, +9.377,+1.000
1636249800,+3.44,+16.261, +9.231,+0.999
1636249860,+3.44,+16.270, +9.161,+1.000
1636249920,+3.44,+16.261, +9.112,+0.999
1636249980,+3.44,+16.253, +9.094,+0.999
1636250040,+3.44,+16.261, +9.087,+0.999
1636250100,+3.44,+16.236, +9.081,+0.999
1636250160,+3.44,+16.219, +9.068,+0.999
1636250220,+3.44,+16.219, +9.000,+0.999
1636250280,+3.44,+16.193, +9.079,+0.999
1636250340,+3.44,+16.201, +9.108,+0.999
1636250400,+3.44,+16.184, +9.133,+0.999
1636250460,+3.44,+16.176, +9.126,+1.000
1636250520,+3.44,+16.210, +9.008,+0.999
1636250580,+3.44,+16.210, +8.886,+0.999
1636250640,+3.44,+16.227, +8.821,+0.999
1636250700,+3.44,+16.236, +8.827,+0.998
1636250760,+3.44,+16.227, +8.872,+1.000
1636250820,+3.44,+16.244, +8.829,+0.999
1636250880,+3.44,+16.227, +8.844,+0.999
1636250940,+3.44,+16.244, +8.877,+0.999
1636251000,+3.44,+16.253, +8.934,+0.999
1636251060,+3.44,+16.227, +8.988,+0.999
1636251120,+3.44,+16.236, +9.029,+0.999
1636251180,+3.44,+16.253, +9.041,+0.998
1636251240,+3.44,+16.236, +9.093,+0.999
1636251300,+3.44,+16.227, +9.115,+0.999
1636251360,+3.44,+16.219, +9.086,+0.999
1636251420,+3.44,+16.227, +9.021,+0.999
1636251480,+3.44,+16.227, +8.999,+0.998
1636251540,+3.44,+16.219, +8.969,+0.999
1636251600,+3.44,+16.244, +8.883,+0.999
1636251660,+3.44,+16.236, +8.823,+0.998
1636251720,+3.44,+16.210, +8.863,+0.999
1636251780,+3.44,+16.227, +8.869,+0.999
1636251840,+3.44,+16.236, +8.898,+0.999
1636251900,+3.44,+16.219, +8.892,+0.999
1636251960,+3.44,+16.193, +8.866,+0.999
1636252020,+3.44,+16.210, +8.881,+0.999
1636252080,+3.44,+16.201, +8.901,+0.999
1636252140,+3.44,+16.201, +8.943,+0.999
1636252200,+3.44,+16.210, +8.964,+0.999
1636252260,+3.44,+16.201, +8.997,+0.999
1636252320,+3.44,+16.219, +9.042,+0.999
1636252380,+3.44,+16.227, +9.066,+0.999
1636252440,+3.44,+16.244, +9.114,+0.999
1636252500,+3.44,+16.270, +9.155,+0.999
1636252560,+3.44,+16.278, +9.177,+1.000
1636252620,+3.44,+16.287, +9.202,+0.999
1636252680,+3.44,+16.270, +9.230,+0.999
1636252740,+3.44,+16.278, +9.261,+0.999
1636252800,+3.44,+16.295, +9.282,+0.999
1636252860,+3.44,+16.312, +9.295,+0.999
1636252920,+3.44,+16.329, +9.359,+1.000
1636252980,+3.44,+16.338, +9.350,+1.000
1636253040,+3.44,+16.346, +9.351,+0.999
1636253100,+3.44,+16.355, +9.356,+0.999
1636253160,+3.44,+16.346, +9.327,+0.999
1636253220,+3.44,+16.329, +9.344,+0.999
1636253280,+3.44,+16.338, +9.345,+0.999
1636253340,+3.44,+16.346, +9.341,+0.999
1636253400,+3.44,+16.338, +9.337,+0.999
1636253460,+3.44,+16.321, +9.300,+0.999
1636253520,+3.44,+16.295, +9.262,+0.999
1636253580,+3.44,+16.278, +9.245,+0.999
1636253640,+3.44,+16.270, +9.276,+1.000
1636253700,+3.44,+16.261, +9.275,+0.999
1636253760,+3.44,+16.253, +9.264,+0.999
1636253820,+3.44,+16.261, +9.245,+0.999
1636253880,+3.44,+16.270, +9.252,+0.998
1636253940,+3.44,+16.270, +9.264,+0.999
1636254000,+3.44,+16.236, +9.243,+1.000
1636254060,+3.44,+16.244, +9.218,+0.998
1636254120,+3.44,+16.219, +9.223,+0.999
1636254180,+3.44,+16.210, +9.191,+0.999
1636254240,+3.44,+16.201, +9.187,+0.999
1636254300,+3.44,+16.210, +9.092,+0.999
1636254360,+3.44,+16.244, +9.015,+0.999
1636254420,+3.44,+16.253, +9.075,+0.998
1636254480,+3.44,+16.261, +9.124,+0.999
1636254540,+3.44,+16.270, +9.073,+0.999
1636254600,+3.44,+16.295, +9.005,+0.999
1636254660,+3.44,+16.278, +9.022,+0.998
1636254720,+3.44,+16.253, +9.115,+0.999
1636254780,+3.44,+16.278, +9.045,+0.999
1636254840,+3.44,+16.253, +9.056,+0.999
1636254900,+3.44,+16.244, +9.052,+0.998
1636254960,+3.44,+16.227, +9.017,+0.998
1636255020,+3.44,+16.219, +9.002,+0.998
1636255080,+3.44,+16.219, +8.965,+0.999
1636255140,+3.44,+16.227, +8.980,+0.999
1636255200,+3.44,+16.227, +9.020,+0.999
1636255260,+3.44,+16.210, +9.015,+0.998
1636255320,+3.44,+16.210, +9.004,+0.999
1636255380,+3.44,+16.210, +9.004,+0.998
1636255440,+3.44,+16.201, +8.997,+0.999
1636255500,+3.44,+16.193, +8.983,+0.999
1636255560,+3.44,+16.184, +8.969,+0.998
1636255620,+3.44,+16.201, +8.967,+0.998
1636255680,+3.44,+16.184, +8.973,+0.999
1636255740,+3.44,+16.201, +8.960,+0.998
1636255800,+3.44,+16.201, +8.919,+0.998
1636255860,+3.44,+16.219, +8.855,+0.998
1636255920,+3.44,+16.210, +8.830,+0.998
1636255980,+3.44,+16.210, +8.833,+0.998
1636256040,+3.44,+16.176, +8.851,+0.998
1636256100,+3.44,+16.176, +8.870,+0.998
1636256160,+3.44,+16.159, +8.880,+0.998
1636256220,+3.44,+16.159, +8.919,+0.999
1636256280,+3.44,+16.150, +8.906,+0.998
1636256340,+3.44,+16.142, +8.883,+0.999
1636256400,+3.44,+16.116, +8.868,+0.998
1636256460,+3.44,+16.159, +8.870,+0.998
1636256520,+3.44,+16.176, +8.861,+0.998
1636256580,+3.44,+16.176, +8.873,+0.998
1636256640,+3.44,+16.133, +8.862,+0.998
1636256700,+3.44,+16.125, +8.853,+0.998
1636256760,+3.44,+16.125, +8.849,+0.998
1636256820,+3.44,+16.116, +8.850,+0.998
1636256880,+3.44,+16.116, +8.868,+0.998
1636256940,+3.44,+16.116, +8.875,+0.998
1636257000,+3.44,+16.108, +8.874,+0.998
1636257060,+3.44,+16.082, +8.851,+0.998
1636257120,+3.44,+16.099, +8.838,+0.998
1636257180,+3.44,+16.099, +8.860,+0.998
1636257240,+3.44,+16.099, +8.880,+0.998
1636257300,+3.44,+16.099, +8.839,+0.998
1636257360,+3.44,+16.065, +8.827,+0.998
1636257420,+3.44,+16.065, +8.818,+0.998
1636257480,+3.44,+16.082, +8.824,+0.998
1636257540,+3.44,+16.082, +8.804,+0.998
1636257600,+3.44,+16.091, +8.809,+0.998
1636257660,+3.44,+16.099, +8.823,+0.998
1636257720,+3.44,+16.116, +8.856,+0.998
1636257780,+3.44,+16.150, +8.831,+0.998
1636257840,+3.44,+16.159, +8.824,+0.999
1636257900,+3.44,+16.142, +8.806,+0.998
1636257960,+3.44,+16.133, +8.848,+0.998
1636258020,+3.44,+16.108, +8.858,+0.998
1636258080,+3.44,+16.082, +8.863,+0.998
1636258140,+3.44,+16.082, +8.888,+0.998
1636258200,+3.44,+16.099, +8.868,+0.998
1636258260,+3.44,+16.099, +8.860,+0.998
1636258320,+3.44,+16.116, +8.865,+0.998
1636258380,+3.44,+16.116, +8.915,+0.998
1636258440,+3.44,+16.116, +8.936,+0.998
1636258500,+3.44,+16.125, +8.949,+0.998
1636258560,+3.44,+16.133, +8.913,+0.998
1636258620,+3.44,+16.099, +8.897,+0.998
1636258680,+3.44,+16.073, +8.887,+0.998
1636258740,+3.44,+16.073, +8.871,+0.997
1636258800,+3.44,+16.056, +8.884,+0.998
1636258860,+3.44,+16.056, +8.868,+0.998
1636258920,+3.44,+16.031, +8.858,+0.998
1636258980,+3.44,+16.022, +8.843,+0.998
1636259040,+3.44,+16.022, +8.833,+0.998
1636259100,+3.44,+16.005, +8.830,+0.998
1636259160,+3.44,+16.031, +8.823,+0.998
1636259220,+3.44,+16.014, +8.839,+0.998
1636259280,+3.44,+16.022, +8.840,+0.998
1636259340,+3.44,+16.014, +8.847,+0.998
1636259400,+3.44,+16.005, +8.838,+0.998
1636259460,+3.44,+15.988, +8.829,+0.998
1636259520,+3.44,+15.997, +8.826,+0.998
1636259580,+3.44,+15.988, +8.828,+0.998
1636259640,+3.44,+15.988, +8.827,+0.998
1636259700,+3.44,+15.979, +8.807,+0.998
1636259760,+3.44,+15.979, +8.814,+0.998
1636259820,+3.44,+15.979, +8.816,+0.997
1636259880,+3.44,+15.979, +8.800,+0.997
1636259940,+3.44,+15.997, +8.799,+0.997
1636260000,+3.44,+15.997, +8.811,+0.998
1636260060,+3.44,+15.988, +8.818,+0.998
1636260120,+3.44,+15.988, +8.804,+0.997
1636260180,+3.44,+15.988, +8.816,+0.998
1636260240,+3.44,+15.997, +8.800,+0.997
1636260300,+3.44,+16.005, +8.797,+0.998
1636260360,+3.44,+15.971, +8.809,+0.998
1636260420,+3.44,+15.962, +8.809,+0.998
1636260480,+3.44,+15.971, +8.793,+0.998
1636260540,+3.44,+15.962, +8.787,+0.997
1636260600,+3.44,+15.962, +8.808,+0.998
1636260660,+3.44,+15.971, +8.820,+0.998
1636260720,+3.44,+15.971, +8.823,+0.998
1636260780,+3.44,+15.962, +8.828,+0.998
1636260840,+3.44,+15.979, +8.839,+0.998
1636260900,+3.44,+15.988, +8.831,+0.998
1636260960,+3.44,+15.979, +8.838,+0.998
1636261020,+3.44,+16.005, +8.836,+0.997
1636261080,+3.44,+15.988, +8.857,+0.998
1636261140,+3.44,+16.014, +8.834,+0.997
1636261200,+3.44,+16.005, +8.855,+0.998
1636261260,+3.44,+16.031, +8.849,+0.998
1636261320,+3.44,+16.048, +8.837,+0.997
1636261380,+3.44,+16.022, +8.845,+0.997
1636261440,+3.44,+16.031, +8.848,+0.998
1636261500,+3.44,+16.048, +8.833,+0.997
1636261560,+3.44,+16.039, +8.840,+0.998
1636261620,+3.44,+16.048, +8.842,+0.998
1636261680,+3.44,+16.005, +8.845,+0.997
1636261740,+3.44,+16.048, +8.843,+0.998
1636261800,+3.44,+16.056, +8.842,+0.997
1636261860,+3.44,+16.056, +8.846,+0.997
1636261920,+3.44,+16.048, +8.850,+0.997
1636261980,+3.44,+16.056, +8.848,+0.997
1636262040,+3.44,+16.056, +8.849,+0.997
1636262100,+3.44,+16.065, +8.842,+0.998
1636262160,+3.44,+16.065, +8.815,+0.998
1636262220,+3.44,+16.056, +8.763,+0.997
1636262280,+3.44,+16.048, +8.780,+0.998
1636262340,+3.44,+16.056, +8.746,+0.997
1636262400,+3.44,+16.056, +8.734,+0.997
1636262460,+3.44,+16.048, +8.730,+0.997
1636262520,+3.44,+16.065, +8.736,+0.997
1636262580,+3.44,+16.056, +8.722,+0.997
1636262640,+3.44,+16.082, +8.696,+0.998
1636262700,+3.44,+16.065, +8.684,+0.997
1636262760,+3.44,+16.073, +8.698,+0.997
1636262820,+3.44,+16.073, +8.706,+0.997
1636262880,+3.44,+16.065, +8.736,+0.998
1636262940,+3.44,+16.073, +8.774,+0.998
1636263000,+3.44,+16.108, +8.814,+0.998
1636263060,+3.44,+16.142, +8.845,+0.998
1636263120,+3.44,+16.133, +8.887,+0.998
1636263180,+3.44,+16.159, +8.895,+0.998
1636263240,+3.44,+16.142, +8.912,+0.997
1636263300,+3.44,+16.150, +8.933,+0.998
1636263360,+3.44,+16.167, +8.926,+0.998
1636263420,+3.44,+16.125, +8.934,+0.997
1636263480,+3.44,+16.142, +8.934,+0.998
1636263540,+3.44,+16.116, +8.902,+0.998
1636263600,+3.44,+16.116, +8.880,+0.998
1636263660,+3.44,+16.116, +8.867,+0.997
1636263720,+3.44,+16.108, +8.874,+0.998
1636263780,+3.44,+16.108, +8.858,+0.998
1636263840,+3.44,+16.091, +8.855,+0.998
1636263900,+3.44,+16.073, +8.859,+0.998
1636263960,+3.44,+16.073, +8.843,+0.997
1636264020,+3.44,+16.065, +8.829,+0.997
1636264080,+3.44,+16.065, +8.821,+0.997
1636264140,+3.44,+16.065, +8.790,+0.997
1636264200,+3.44,+16.048, +8.766,+0.997
1636264260,+3.44,+16.022, +8.755,+0.997
1636264320,+3.44,+15.997, +8.741,+0.997
1636264380,+3.44,+16.005, +8.705,+0.997
1636264440,+3.44,+15.988, +8.665,+0.997
1636264500,+3.44,+15.971, +8.654,+0.997
1636264560,+3.44,+15.979, +8.622,+0.997
1636264620,+3.44,+15.954, +8.592,+0.997
1636264680,+3.44,+15.962, +8.559,+0.997
1636264740,+3.44,+15.945, +8.558,+0.998
1636264800,+3.44,+15.945, +8.552,+0.997
1636264860,+3.44,+15.962, +8.573,+0.998
1636264920,+3.44,+15.971, +8.562,+0.996
1636264980,+3.44,+15.962, +8.576,+0.997
1636265040,+3.44,+15.979, +8.575,+0.997
1636265100,+3.44,+15.954, +8.566,+0.997
1636265160,+3.44,+15.971, +8.550,+0.997
1636265220,+3.44,+15.971, +8.559,+0.997
1636265280,+3.44,+15.954, +8.568,+0.997
1636265340,+3.44,+15.954, +8.547,+0.997
1636265400,+3.44,+15.945, +8.546,+0.997
1636265460,+3.44,+15.945, +8.530,+0.997
1636265520,+3.44,+15.945, +8.500,+0.996
1636265580,+3.44,+15.945, +8.489,+0.997
1636265640,+3.44,+15.945, +8.474,+0.997
1636265700,+3.44,+15.945, +8.474,+0.997
1636265760,+3.44,+15.954, +8.449,+0.996
1636265820,+3.44,+15.937, +8.441,+0.997
1636265880,+3.44,+15.945, +8.435,+0.997
1636265940,+3.44,+15.962, +8.416,+0.997
1636266000,+3.44,+15.945, +8.419,+0.997
1636266060,+3.44,+15.945, +8.448,+0.997
1636266120,+3.44,+15.971, +8.461,+0.997
1636266180,+3.44,+15.997, +8.523,+0.997
1636266240,+3.44,+15.988, +8.578,+0.997
1636266300,+3.44,+16.005, +8.613,+0.997
1636266360,+3.44,+15.988, +8.639,+0.997
1636266420,+3.44,+16.005, +8.647,+0.997
1636266480,+3.44,+16.005, +8.653,+0.997
1636266540,+3.44,+16.005, +8.659,+0.997
1636266600,+3.44,+15.997, +8.648,+0.997
1636266660,+3.44,+16.005, +8.609,+0.997
1636266720,+3.44,+15.997, +8.570,+0.997
1636266780,+3.44,+15.997, +8.569,+0.997
1636266840,+3.44,+15.997, +8.574,+0.997
1636266900,+3.44,+16.014, +8.529,+0.996
1636266960,+3.44,+16.014, +8.512,+0.997
1636267020,+3.44,+16.005, +8.519,+0.997
1636267080,+3.44,+16.005, +8.528,+0.997
1636267140,+3.44,+16.005, +8.533,+0.997
1636267200,+3.44,+16.014, +8.553,+0.997
1636267260,+3.44,+16.022, +8.570,+0.997
1636267320,+3.44,+16.014, +8.577,+0.997
1636267380,+3.44,+16.022, +8.554,+0.997
1636267440,+3.44,+16.005, +8.535,+0.996
1636267500,+3.44,+16.022, +8.534,+0.997
1636267560,+3.44,+16.022, +8.549,+0.997
1636267620,+3.44,+16.031, +8.563,+0.997
1636267680,+3.44,+16.031, +8.587,+0.997
1636267740,+3.44,+16.039, +8.620,+0.997
1636267800,+3.44,+16.039, +8.642,+0.997
1636267860,+3.44,+16.056, +8.656,+0.997
1636267920,+3.44,+16.091, +8.682,+0.997
1636267980,+3.44,+16.091, +8.706,+0.997
1636268040,+3.44,+16.099, +8.719,+0.997
1636268100,+3.44,+16.108, +8.738,+0.997
1636268160,+3.44,+16.108, +8.751,+0.997
1636268220,+3.44,+16.099, +8.743,+0.997
1636268280,+3.44,+16.125, +8.733,+0.997
1636268340,+3.44,+16.108, +8.734,+0.997
1636268400,+3.44,+16.116, +8.721,+0.997
1636268460,+3.44,+16.099, +8.718,+0.997
1636268520,+3.44,+16.108, +8.707,+0.997
1636268580,+3.44,+16.099, +8.712,+0.997
1636268640,+3.44,+16.091, +8.691,+0.997
1636268700,+3.44,+16.099, +8.694,+0.997
1636268760,+3.44,+16.108, +8.680,+0.997
1636268820,+3.44,+16.125, +8.678,+0.997
1636268880,+3.44,+16.116, +8.680,+0.997
1636268940,+3.44,+16.108, +8.652,+0.997
1636269000,+3.44,+16.099, +8.640,+0.996
1636269060,+3.44,+16.108, +8.662,+0.997
1636269120,+3.44,+16.108, +8.643,+0.997
1636269180,+3.44,+16.108, +8.623,+0.996
1636269240,+3.44,+16.125, +8.622,+0.997
1636269300,+3.44,+16.133, +8.628,+0.997
1636269360,+3.44,+16.116, +8.634,+0.997
1636269420,+3.44,+16.125, +8.621,+0.997
1636269480,+3.44,+16.133, +8.669,+0.997
1636269540,+3.44,+16.133, +8.703,+0.997
1636269600,+3.44,+16.142, +8.711,+0.997
1636269660,+3.44,+16.142, +8.705,+0.997
1636269720,+3.44,+16.142, +8.693,+0.997
1636269780,+3.44,+16.108, +8.673,+0.997
1636269840,+3.44,+16.116, +8.657,+0.997
1636269900,+3.44,+16.108, +8.642,+0.996
1636269960,+3.44,+16.125, +8.622,+0.997
1636270020,+3.44,+16.116, +8.584,+0.997
1636270080,+3.44,+16.125, +8.612,+0.997
1636270140,+3.44,+16.108, +8.644,+0.997
1636270200,+3.44,+16.116, +8.659,+0.997
1636270260,+3.44,+16.125, +8.658,+0.997
1636270320,+3.44,+16.108, +8.656,+0.997
1636270380,+3.44,+16.099, +8.657,+0.997
1636270440,+3.44,+16.073, +8.600,+0.996
1636270500,+3.44,+16.082, +8.566,+0.996
1636270560,+3.44,+16.073, +8.578,+0.997
1636270620,+3.44,+16.099, +8.592,+0.997
1636270680,+3.44,+16.108, +8.616,+0.996
1636270740,+3.44,+16.091, +8.644,+0.996
1636270800,+3.43,+16.116, +8.666,+0.996
1636270860,+3.43,+16.133, +8.695,+0.996
1636270920,+3.43,+16.133, +8.726,+0.998
1636270980,+3.43,+16.142, +8.745,+0.997
1636271040,+3.43,+16.150, +8.766,+0.997
1636271100,+3.43,+16.184, +8.772,+0.997
1636271160,+3.43,+16.184, +8.780,+0.997
1636271220,+3.43,+16.193, +8.785,+0.997
1636271280,+3.43,+16.201, +8.780,+0.997
1636271340,+3.43,+16.201, +8.785,+0.997
1636271400,+3.43,+16.227, +8.784,+0.997
1636271460,+3.43,+16.227, +8.787,+0.997
1636271520,+3.43,+16.227, +8.799,+0.997
1636271580,+3.43,+16.244, +8.800,+0.997
1636271640,+3.43,+16.253, +8.805,+0.997
1636271700,+3.43,+16.261, +8.795,+0.997
1636271760,+3.43,+16.270, +8.788,+0.997
1636271820,+3.43,+16.270, +8.795,+0.997
1636271880,+3.43,+16.278, +8.796,+0.997
1636271940,+3.43,+16.304, +8.779,+0.997
1636272000,+3.43,+16.278, +8.756,+0.997
1636272060,+3.43,+16.287, +8.737,+0.997
1636272120,+3.43,+16.227, +8.718,+0.996
1636272180,+3.43,+16.236, +8.528,+0.993
1636272240,+3.43,+16.236, +8.385,+0.990
1636272300,+3.43,+16.227, +8.265,+0.989
1636272360,+3.43,+16.227, +8.137,+0.987
1636272420,+3.43,+16.227, +8.102,+0.988
1636272480,+3.43,+16.236, +8.080,+0.988
1636272540,+3.43,+16.244, +8.059,+0.988
1636272600,+3.43,+16.219, +8.084,+0.990
1636272660,+3.43,+16.201, +7.939,+0.989
1636272720,+3.43,+16.210, +7.972,+0.990
1636272780,+3.43,+16.193, +7.880,+0.991
1636272840,+3.43,+16.201, +1.311,+0.954
1636272900,+3.43,+16.219, +1.220,+0.972
1636272960,+3.43,+16.244, +1.231,+0.977
1636273020,+3.43,+16.244, +1.244,+0.980
1636273080,+3.43,+16.236, +1.268,+0.982
1636273140,+3.43,+16.270, +1.331,+0.985
1636273200,+3.43,+16.261, +1.368,+0.986
1636273260,+3.43,+16.253, +1.404,+0.987
1636273320,+3.43,+16.261, +1.444,+0.987
1636273380,+3.43,+16.236, +1.500,+0.988
1636273440,+3.43,+16.261, +1.555,+0.988
1636273500,+3.43,+16.244, +1.606,+0.988
1636273560,+3.43,+16.253, +1.661,+0.989
1636273620,+3.43,+16.236, +1.714,+0.989
1636273680,+3.43,+16.236, +1.764,+0.990
1636273740,+3.43,+16.244, +1.811,+0.990
1636273800,+3.43,+16.253, +1.852,+0.990
1636273860,+3.43,+16.244, +1.889,+0.990
1636273920,+3.43,+16.236, +1.948,+0.991
1636273980,+3.43,+16.227, +1.985,+0.991
1636274040,+3.43,+16.236, +2.017,+0.991
1636274100,+3.43,+16.227, +2.049,+0.991
1636274160,+3.43,+16.261, +2.071,+0.991
1636274220,+3.43,+16.270, +2.094,+0.992
1636274280,+3.43,+16.278, +2.120,+0.992
1636274340,+3.43,+16.261, +2.149,+0.992
1636274400,+3.43,+16.270, +2.182,+0.992
1636274460,+3.43,+16.261, +2.217,+0.992
1636274520,+3.43,+16.261, +2.254,+0.992
1636274580,+3.43,+16.278, +2.291,+0.992
1636274640,+3.43,+16.244, +2.337,+0.992
1636274700,+3.43,+16.278, +2.378,+0.992
1636274760,+3.43,+16.278, +2.423,+0.992
1636274820,+3.43,+16.287, +2.467,+0.992
1636274880,+3.43,+16.295, +2.498,+0.992
1636274940,+3.43,+16.278, +2.529,+0.992
1636275000,+3.43,+16.287, +2.558,+0.993
1636275060,+3.43,+16.278, +2.581,+0.993
1636275120,+3.43,+16.244, +2.608,+0.993
1636275180,+3.43,+16.236, +2.632,+0.993
1636275240,+3.43,+16.219, +2.664,+0.993
1636275300,+3.43,+16.210, +2.697,+0.993
1636275360,+3.43,+16.193, +2.726,+0.993
1636275420,+3.43,+16.193, +2.756,+0.993
1636275480,+3.43,+16.176, +2.783,+0.993
1636275540,+3.43,+16.193, +2.804,+0.993
1636275600,+3.43,+16.193, +2.827,+0.993
1636275660,+3.43,+16.184, +2.850,+0.993
1636275720,+3.43,+16.176, +2.872,+0.993
1636275780,+3.43,+16.184, +2.899,+0.993
1636275840,+3.43,+16.201, +2.929,+0.994
1636275900,+3.43,+16.253, +2.955,+0.993
1636275960,+3.43,+16.244, +2.994,+0.994
1636276020,+3.43,+16.270, +3.046,+0.994
1636276080,+3.43,+16.278, +3.084,+0.994
1636276140,+3.43,+16.295, +3.117,+0.994
1636276200,+3.43,+16.304, +3.163,+0.994
1636276260,+3.43,+16.312, +3.212,+0.994
1636276320,+3.43,+16.312, +3.264,+0.994
1636276380,+3.43,+16.312, +3.327,+0.994
1636276440,+3.43,+16.312, +3.392,+0.994
1636276500,+3.43,+16.346, +3.444,+0.994
1636276560,+3.43,+16.346, +3.502,+0.994
1636276620,+3.43,+16.346, +3.555,+0.995
1636276680,+3.43,+16.355, +3.612,+0.995
1636276740,+3.43,+16.372, +3.675,+0.995
1636276800,+3.43,+16.381, +3.739,+0.994
1636276860,+3.43,+16.389, +3.802,+0.995
1636276920,+3.43,+16.381, +3.864,+0.995
1636276980,+3.43,+16.381, +3.931,+0.995
1636277040,+3.43,+16.355, +3.998,+0.995
1636277100,+3.43,+16.372, +4.059,+0.995
1636277160,+3.43,+16.372, +4.116,+0.995
1636277220,+3.43,+16.364, +4.168,+0.995
1636277280,+3.43,+16.355, +4.215,+0.995
1636277340,+3.43,+16.346, +4.261,+0.995
1636277400,+3.43,+16.346, +4.290,+0.995
1636277460,+3.43,+16.364, +4.325,+0.995
1636277520,+3.43,+16.372, +4.352,+0.995
1636277580,+3.43,+16.372, +4.383,+0.995
1636277640,+3.43,+16.381, +4.414,+0.995
1636277700,+3.43,+16.381, +4.457,+0.996
1636277760,+3.43,+16.372, +4.501,+0.996
1636277820,+3.43,+16.389, +4.536,+0.996
1636277880,+3.43,+16.389, +4.574,+0.996
1636277940,+3.43,+16.398, +4.596,+0.995
1636278000,+3.43,+16.381, +4.628,+0.995
1636278060,+3.43,+16.364, +4.657,+0.996
1636278120,+3.43,+16.364, +4.678,+0.995
1636278180,+3.43,+16.364, +4.704,+0.996
1636278240,+3.43,+16.364, +4.733,+0.995
1636278300,+3.43,+16.372, +4.793,+0.996
1636278360,+3.43,+16.355, +4.833,+0.996
1636278420,+3.43,+16.346, +4.878,+0.996
1636278480,+3.43,+16.312, +4.924,+0.996
1636278540,+3.43,+16.295, +4.960,+0.996
1636278600,+3.43,+16.261, +5.005,+0.996
1636278660,+3.43,+16.270, +5.039,+0.996
1636278720,+3.43,+16.261, +5.085,+0.996
1636278780,+3.43,+16.261, +5.118,+0.996
1636278840,+3.43,+16.210, +5.158,+0.996
1636278900,+3.43,+16.210, +5.183,+0.996
1636278960,+3.43,+16.193, +5.207,+0.996
1636279020,+3.43,+16.184, +5.242,+0.996
1636279080,+3.43,+16.150, +5.274,+0.996
1636279140,+3.43,+16.142, +5.296,+0.996
1636279200,+3.43,+16.125, +5.317,+0.996
1636279260,+3.43,+16.142, +5.340,+0.996
1636279320,+3.43,+16.176, +5.364,+0.996
1636279380,+3.43,+16.167, +5.389,+0.996
1636279440,+3.43,+16.142, +5.423,+0.996
1636279500,+3.43,+16.142, +5.454,+0.996
1636279560,+3.43,+16.108, +5.487,+0.996
1636279620,+3.43,+16.099, +5.515,+0.996
1636279680,+3.43,+16.082, +5.552,+0.996
1636279740,+3.43,+16.091, +5.590,+0.996
1636279800,+3.43,+16.099, +5.621,+0.996
1636279860,+3.43,+16.133, +5.656,+0.996
1636279920,+3.43,+16.142, +5.698,+0.996
1636279980,+3.43,+16.167, +5.727,+0.996
1636280040,+3.43,+16.167, +5.765,+0.996
1636280100,+3.43,+16.184, +5.793,+0.996
1636280160,+3.43,+16.210, +5.821,+0.996
1636280220,+3.43,+16.219, +5.840,+0.996
1636280280,+3.43,+16.244, +5.864,+0.996
1636280340,+3.43,+16.244, +5.907,+0.996
1636280400,+3.43,+16.244, +5.953,+0.996
1636280460,+3.43,+16.253, +5.993,+0.997
1636280520,+3.43,+16.253, +6.031,+0.996
1636280580,+3.43,+16.253, +6.065,+0.997
1636280640,+3.43,+16.253, +6.095,+0.996
1636280700,+3.43,+16.253, +6.132,+0.997
1636280760,+3.43,+16.261, +6.164,+0.997
1636280820,+3.43,+16.270, +6.187,+0.997
1636280880,+3.43,+16.244, +6.207,+0.997
1636280940,+3.43,+16.261, +6.219,+0.997
1636281000,+3.43,+16.261, +6.245,+0.997
1636281060,+3.43,+16.278, +6.257,+0.997
1636281120,+3.43,+16.244, +6.294,+0.997
1636281180,+3.43,+16.253, +6.317,+0.997
1636281240,+3.43,+16.236, +6.344,+0.997
1636281300,+3.43,+16.244, +6.368,+0.997
1636281360,+3.43,+16.278, +6.384,+0.997
1636281420,+3.43,+16.261, +6.418,+0.997
1636281480,+3.43,+16.261, +6.444,+0.997
1636281540,+3.43,+16.278, +6.474,+0.997
1636281600,+3.43,+16.261, +6.501,+0.997
1636281660,+3.43,+16.227, +6.534,+0.997
1636281720,+3.43,+16.253, +6.551,+0.997
1636281780,+3.43,+16.236, +6.582,+0.997
1636281840,+3.43,+16.219, +6.611,+0.997
1636281900,+3.43,+16.227, +6.630,+0.997
1636281960,+3.43,+16.227, +6.654,+0.997
1636282020,+3.43,+16.244, +6.676,+0.997
1636282080,+3.43,+16.244, +6.705,+0.997
1636282140,+3.43,+16.244, +6.749,+0.997
1636282200,+3.43,+16.244, +6.779,+0.997
1636282260,+3.43,+16.219, +6.807,+0.997
1636282320,+3.43,+16.253, +6.822,+0.997
1636282380,+3.43,+16.227, +6.856,+0.997
1636282440,+3.43,+16.227, +6.885,+0.997
1636282500,+3.43,+16.236, +6.910,+0.997
1636282560,+3.43,+16.219, +6.926,+0.997
1636282620,+3.43,+16.227, +6.936,+0.997
1636282680,+3.43,+16.236, +6.944,+0.997
1636282740,+3.43,+16.236, +6.965,+0.997
1636282800,+3.43,+16.227, +6.996,+0.997
1636282860,+3.43,+16.219, +7.020,+0.997
1636282920,+3.43,+16.210, +7.050,+0.997
1636282980,+3.43,+16.210, +7.075,+0.997
1636283040,+3.43,+16.193, +7.100,+0.997
1636283100,+3.43,+16.184, +7.128,+0.997
1636283160,+3.43,+16.176, +7.148,+0.997
1636283220,+3.43,+16.159, +7.177,+0.997
1636283280,+3.43,+16.142, +7.210,+0.997
1636283340,+3.43,+16.159, +7.233,+0.997
1636283400,+3.43,+16.150, +7.262,+0.997
1636283460,+3.43,+16.150, +7.282,+0.997
1636283520,+3.43,+16.159, +7.306,+0.997
1636283580,+3.43,+16.159, +7.328,+0.997
1636283640,+3.43,+16.150, +7.357,+0.997
1636283700,+3.43,+16.142, +7.382,+0.997
1636283760,+3.43,+16.133, +7.401,+0.998
1636283820,+3.43,+16.133, +7.420,+0.998
1636283880,+3.43,+16.116, +7.446,+0.997
1636283940,+3.43,+16.133, +7.463,+0.997
1636284000,+3.43,+16.142, +7.484,+0.997
1636284060,+3.43,+16.133, +7.521,+0.998
1636284120,+3.43,+16.133, +7.551,+0.998
1636284180,+3.43,+16.116, +7.576,+0.997
1636284240,+3.43,+16.116, +7.597,+0.997
1636284300,+3.43,+16.099, +7.620,+0.997
1636284360,+3.43,+16.091, +7.643,+0.998
1636284420,+3.43,+16.091, +7.667,+0.997
1636284480,+3.43,+16.082, +7.695,+0.997
1636284540,+3.43,+16.073, +7.735,+0.998
1636284600,+3.43,+16.082, +7.765,+0.997
1636284660,+3.43,+16.082, +7.812,+0.998
1636284720,+3.43,+16.099, +7.841,+0.997
1636284780,+3.43,+16.091, +7.879,+0.998
1636284840,+3.43,+16.082, +7.912,+0.998
1636284900,+3.43,+16.082, +7.940,+0.998
1636284960,+3.43,+16.073, +7.959,+0.998
1636285020,+3.43,+16.091, +7.976,+0.998
1636285080,+3.43,+16.091, +8.008,+0.998
1636285140,+3.43,+16.108, +8.033,+0.998
1636285200,+3.43,+16.108, +8.062,+0.998
1636285260,+3.43,+16.116, +8.085,+0.998
1636285320,+3.43,+16.125, +8.116,+0.998
1636285380,+3.43,+16.116, +8.152,+0.998
1636285440,+3.43,+16.125, +8.174,+0.998
1636285500,+3.43,+16.116, +8.198,+0.998
1636285560,+3.43,+16.116, +8.220,+0.997
1636285620,+3.43,+16.116, +8.257,+0.998
1636285680,+3.43,+16.091, +8.300,+0.998
1636285740,+3.43,+16.116, +8.319,+0.998
1636285800,+3.43,+16.116, +8.340,+0.998
1636285860,+3.43,+16.082, +8.381,+0.998
1636285920,+3.43,+16.091, +8.402,+0.998
1636285980,+3.43,+16.082, +8.428,+0.998
1636286040,+3.43,+16.099, +8.454,+0.998
1636286100,+3.43,+16.108, +8.481,+0.998
1636286160,+3.43,+16.082, +8.533,+0.999
1636286220,+3.43,+16.091, +8.558,+0.998
1636286280,+3.43,+16.073, +8.589,+0.998
1636286340,+3.43,+16.082, +8.622,+0.998
1636286400,+3.43,+16.091, +8.666,+0.998
1636286460,+3.43,+16.091, +8.691,+0.998
1636286520,+3.43,+16.073, +8.736,+0.998
1636286580,+3.43,+16.082, +8.772,+0.999
1636286640,+3.43,+16.073, +8.798,+0.999
1636286700,+3.43,+16.082, +8.810,+0.998
1636286760,+3.43,+16.056, +8.835,+0.998
1636286820,+3.43,+16.073, +8.854,+0.999
1636286880,+3.43,+16.065, +8.869,+0.999
1636286940,+3.43,+16.073, +8.879,+0.999
1636287000,+3.43,+16.056, +8.914,+0.999
1636287060,+3.43,+16.082, +8.920,+0.999
1636287120,+3.43,+16.056, +8.940,+0.998
1636287180,+3.43,+16.073, +8.957,+0.999
1636287240,+3.43,+16.056, +8.984,+0.999
1636287300,+3.43,+16.065, +8.987,+0.999
1636287360,+3.43,+16.082, +8.993,+0.999
1636287420,+3.43,+16.056, +9.006,+0.998
1636287480,+3.43,+16.073, +9.013,+0.998
1636287540,+3.43,+16.065, +9.030,+0.998
1636287600,+3.43,+16.065, +9.047,+0.999
1636287660,+3.43,+16.056, +9.055,+0.998
1636287720,+3.43,+16.056, +9.087,+0.999
1636287780,+3.43,+16.031, +9.108,+0.998
1636287840,+3.43,+16.039, +9.118,+0.998
1636287900,+3.43,+16.031, +9.141,+0.998
1636287960,+3.43,+16.014, +9.156,+0.999
1636288020,+3.43,+16.022, +9.164,+0.999
1636288080,+3.43,+15.997, +9.176,+0.998
1636288140,+3.43,+16.005, +9.189,+0.999
1636288200,+3.43,+16.022, +9.197,+0.999
1636288260,+3.43,+16.014, +9.208,+0.999
1636288320,+3.43,+16.014, +9.217,+0.998
1636288380,+3.43,+15.997, +9.239,+0.999
1636288440,+3.43,+16.014, +9.246,+0.999
1636288500,+3.43,+15.997, +9.259,+0.999
1636288560,+3.43,+15.988, +9.281,+0.999
1636288620,+3.43,+15.997, +9.285,+0.999
1636288680,+3.43,+15.988, +9.294,+0.999
1636288740,+3.43,+15.988, +9.310,+0.999
1636288800,+3.43,+15.979, +9.314,+0.998
1636288860,+3.43,+15.962, +9.332,+0.998
1636288920,+3.43,+15.962, +9.342,+0.999
1636288980,+3.43,+15.937, +9.370,+0.999
1636289040,+3.43,+15.954, +9.371,+0.999
1636289100,+3.43,+15.954, +9.385,+0.999
1636289160,+3.43,+15.954, +9.408,+0.999
1636289220,+3.43,+15.971, +9.413,+0.998
1636289280,+3.43,+15.971, +9.450,+0.999
1636289340,+3.43,+15.962, +9.481,+0.999
1636289400,+3.43,+15.962, +9.505,+0.999
1636289460,+3.43,+15.954, +9.522,+0.999
1636289520,+3.43,+15.971, +9.532,+0.998
1636289580,+3.43,+15.971, +9.555,+0.999
1636289640,+3.43,+15.954, +9.582,+0.999
1636289700,+3.43,+15.954, +9.599,+0.999
1636289760,+3.43,+15.971, +9.617,+0.999
1636289820,+3.43,+15.954, +9.622,+0.998
1636289880,+3.43,+15.945, +9.659,+0.999
1636289940,+3.43,+15.962, +9.677,+0.999
1636290000,+3.43,+15.954, +9.696,+0.999
1636290060,+3.43,+15.954, +9.714,+0.999
1636290120,+3.43,+15.945, +9.725,+0.999
1636290180,+3.43,+15.954, +9.740,+0.999
1636290240,+3.43,+15.945, +9.762,+0.999
1636290300,+3.43,+15.937, +9.766,+0.999
1636290360,+3.43,+15.937, +9.786,+0.999
1636290420,+3.43,+15.937, +9.791,+0.999
1636290480,+3.43,+15.928, +9.807,+0.999
1636290540,+3.43,+15.928, +9.818,+0.999
1636290600,+3.43,+15.911, +9.840,+0.999
1636290660,+3.43,+15.920, +9.843,+0.999
1636290720,+3.43,+15.920, +9.858,+0.999
1636290780,+3.43,+15.928, +9.863,+0.999
1636290840,+3.43,+15.911, +9.884,+0.999
1636290900,+3.43,+15.894, +9.887,+0.998
1636290960,+3.43,+15.911, +9.894,+0.999
1636291020,+3.43,+15.903, +9.902,+0.999
1636291080,+3.43,+15.903, +9.909,+0.998
1636291140,+3.43,+15.894, +9.918,+0.999
1636291200,+3.43,+15.885, +9.938,+0.999
1636291260,+3.43,+15.885, +9.939,+0.999
1636291320,+3.43,+15.877, +9.938,+0.999
1636291380,+3.43,+15.868, +9.947,+0.999
1636291440,+3.43,+15.868, +9.940,+0.998
1636291500,+3.43,+15.834, +9.949,+0.998
1636291560,+3.43,+15.851, +9.949,+0.998
1636291620,+3.43,+15.834, +9.962,+0.999
1636291680,+3.43,+15.817, +9.967,+0.999
1636291740,+3.43,+15.817, +9.968,+0.999
1636291800,+3.43,+15.800, +9.960,+0.998
1636291860,+3.43,+15.774, +9.976,+0.999
1636291920,+3.43,+15.783, +9.981,+0.999
1636291980,+3.43,+15.766, +9.974,+0.998
1636292040,+3.43,+15.766, +9.975,+0.999
1636292100,+3.43,+15.766, +9.978,+0.999
1636292160,+3.43,+15.757, +9.970,+0.999
1636292220,+3.43,+15.783, +9.956,+0.998
1636292280,+3.43,+15.766, +9.971,+0.999
1636292340,+3.43,+15.791, +9.968,+0.999
1636292400,+3.43,+15.800, +9.966,+0.999
1636292460,+3.43,+15.817, +9.953,+0.999
1636292520,+3.43,+15.791, +9.976,+0.999
1636292580,+3.43,+15.800, +9.967,+0.999
1636292640,+3.43,+15.774, +9.970,+0.998
1636292700,+3.43,+15.783, +9.980,+0.999
1636292760,+3.43,+15.800, +9.969,+0.999
1636292820,+3.43,+15.817, +9.979,+0.999
1636292880,+3.43,+15.774, +9.987,+0.999
1636292940,+3.43,+15.766, +9.988,+0.999
1636293000,+3.43,+15.757,+10.001,+0.999
1636293060,+3.43,+15.783, +9.994,+0.999
1636293120,+3.43,+15.791, +9.984,+0.998
1636293180,+3.43,+15.800, +9.996,+0.999
1636293240,+3.43,+15.808,+10.001,+0.999
1636293300,+3.43,+15.791,+10.000,+0.998
1636293360,+3.43,+15.808,+10.008,+0.999
1636293420,+3.43,+15.800,+10.003,+0.998
1636293480,+3.43,+15.817,+10.002,+0.999
1636293540,+3.43,+15.826,+10.012,+0.999
1636293600,+3.43,+15.817,+10.006,+0.998
1636293660,+3.43,+15.834,+10.007,+0.998
1636293720,+3.43,+15.800,+10.025,+0.999
1636293780,+3.43,+15.766,+10.036,+0.999
1636293840,+3.43,+15.766,+10.030,+0.999
1636293900,+3.43,+15.749,+10.036,+0.998
1636293960,+3.43,+15.749,+10.043,+0.999
1636294020,+3.43,+15.740,+10.044,+0.999
1636294080,+3.43,+15.757,+10.032,+0.998
1636294140,+3.43,+15.757,+10.059,+0.999
1636294200,+3.43,+15.766,+10.044,+0.999
1636294260,+3.43,+15.791,+10.047,+0.999
1636294320,+3.43,+15.766,+10.047,+0.999
1636294380,+3.43,+15.774,+10.050,+0.999
1636294440,+3.43,+15.766,+10.044,+0.999
1636294500,+3.43,+15.757,+10.044,+0.998
1636294560,+3.43,+15.766,+10.045,+0.999
1636294620,+3.43,+15.731,+10.062,+0.999
1636294680,+3.43,+15.731,+10.060,+0.999
1636294740,+3.43,+15.723,+10.055,+0.998
1636294800,+3.43,+15.723,+10.062,+0.999
1636294860,+3.43,+15.731,+10.057,+0.999
1636294920,+3.43,+15.731,+10.056,+0.998
1636294980,+3.43,+15.714,+10.059,+0.998
1636295040,+3.43,+15.714,+10.069,+0.999
1636295100,+3.43,+15.731,+10.071,+0.999
1636295160,+3.42,+15.723,+10.067,+0.999
1636295220,+3.42,+15.723,+10.063,+0.999
1636295280,+3.43,+15.740,+10.054,+0.998
1636295340,+3.43,+15.723,+10.049,+0.998
1636295400,+3.42,+15.714,+10.073,+0.999
1636295460,+3.42,+15.714,+10.076,+0.999
1636295520,+3.43,+15.731,+10.054,+0.998
1636295580,+3.43,+15.706,+10.079,+0.999
1636295640,+3.43,+15.723,+10.067,+0.999
1636295700,+3.43,+15.723,+10.070,+0.998
1636295760,+3.43,+15.740,+10.063,+0.999
1636295820,+3.43,+15.740,+10.066,+0.999
1636295880,+3.43,+15.740,+10.065,+0.999
1636295940,+3.42,+15.740,+10.060,+0.998
1636296000,+3.43,+15.749,+10.063,+0.999
1636296060,+3.43,+15.740,+10.066,+0.999
1636296120,+3.43,+15.749,+10.067,+0.999
1636296180,+3.43,+15.749,+10.058,+0.999
1636296240,+3.43,+15.757,+10.051,+0.998
1636296300,+3.43,+15.740,+10.064,+0.999
1636296360,+3.43,+15.757,+10.058,+0.999
1636296420,+3.43,+15.766,+10.044,+0.998
1636296480,+3.43,+15.774,+10.043,+0.999
1636296540,+3.43,+15.757,+10.053,+0.999
1636296600,+3.43,+15.774,+10.044,+0.999
1636296660,+3.43,+15.740,+10.047,+0.998
1636296720,+3.43,+15.749,+10.049,+0.998
1636296780,+3.43,+15.731,+10.055,+0.998
1636296840,+3.42,+15.723,+10.058,+0.999
1636296900,+3.43,+15.740,+10.063,+0.999
1636296960,+3.43,+15.749,+10.055,+0.999
1636297020,+3.42,+15.731,+10.061,+0.998
1636297080,+3.42,+15.706,+10.074,+0.999
1636297140,+3.42,+15.714,+10.072,+0.998
1636297200,+3.42,+15.706,+10.070,+0.998
1636297260,+3.42,+15.714,+10.079,+0.999
1636297320,+3.42,+15.680,+10.086,+0.998
1636297380,+3.42,+15.689,+10.089,+0.999
1636297440,+3.42,+15.689,+10.098,+0.999
1636297500,+3.42,+15.689,+10.081,+0.998
1636297560,+3.42,+15.671,+10.090,+0.998
1636297620,+3.42,+15.663,+10.104,+0.999
1636297680,+3.42,+15.680,+10.087,+0.998
1636297740,+3.42,+15.663,+10.096,+0.999
1636297800,+3.42,+15.663,+10.090,+0.998
1636297860,+3.42,+15.680,+10.092,+0.999
1636297920,+3.42,+15.697,+10.087,+0.998
1636297980,+3.42,+15.697,+10.082,+0.998
1636298040,+3.42,+15.689,+10.081,+0.998
1636298100,+3.42,+15.697,+10.085,+0.998
1636298160,+3.42,+15.680,+10.093,+0.998
1636298220,+3.42,+15.706,+10.075,+0.998
1636298280,+3.42,+15.714,+10.074,+0.998
1636298340,+3.42,+15.714,+10.068,+0.998
1636298400,+3.42,+15.723,+10.068,+0.998
1636298460,+3.43,+15.757,+10.055,+0.998
1636298520,+3.43,+15.757,+10.041,+0.998
1636298580,+3.43,+15.783,+10.036,+0.998
1636298640,+3.43,+15.791,+10.031,+0.998
1636298700,+3.43,+15.766,+10.036,+0.998
1636298760,+3.43,+15.791,+10.031,+0.998
1636298820,+3.43,+15.800,+10.024,+0.998
1636298880,+3.43,+15.826,+10.029,+0.998
1636298940,+3.43,+15.843,+10.023,+0.998
1636299000,+3.43,+15.817,+10.017,+0.998
1636299060,+3.43,+15.826,+10.035,+0.999
1636299120,+3.43,+15.860,+10.026,+0.998
1636299180,+3.43,+15.851,+10.011,+0.998
1636299240,+3.43,+15.843,+10.013,+0.998
1636299300,+3.43,+15.834,+10.015,+0.998
1636299360,+3.43,+15.877,+10.011,+0.998
1636299420,+3.43,+15.877,+10.019,+0.999
1636299480,+3.43,+15.877,+10.011,+0.998
1636299540,+3.43,+15.885,+10.011,+0.998
1636299600,+3.43,+15.911, +9.998,+0.998
1636299660,+3.43,+15.903,+10.009,+0.998
1636299720,+3.43,+15.928, +9.991,+0.998
1636299780,+3.43,+15.903,+10.016,+0.999
1636299840,+3.43,+15.911,+10.005,+0.998
1636299900,+3.43,+15.911, +9.997,+0.998
1636299960,+3.43,+15.920,+10.001,+0.998
1636300020,+3.43,+15.920, +9.992,+0.998
1636300080,+3.43,+15.928, +9.996,+0.998
1636300140,+3.43,+15.937, +9.985,+0.998
1636300200,+3.43,+15.928, +9.991,+0.998
1636300260,+3.43,+15.937, +9.987,+0.998
1636300320,+3.43,+15.945, +9.983,+0.998
1636300380,+3.43,+15.928, +9.991,+0.998
1636300440,+3.43,+15.911, +9.989,+0.998
1636300500,+3.43,+15.920, +9.990,+0.998
1636300560,+3.43,+15.937, +9.978,+0.998
1636300620,+3.43,+15.928, +9.990,+0.998
1636300680,+3.43,+15.945, +9.985,+0.998
1636300740,+3.43,+15.945, +9.980,+0.998
1636300800,+3.43,+15.928, +9.985,+0.998
1636300860,+3.43,+15.945, +9.979,+0.998
1636300920,+3.43,+15.937, +9.986,+0.998
1636300980,+3.43,+15.954, +9.976,+0.998
1636301040,+3.43,+15.954, +9.975,+0.998
1636301100,+3.43,+15.945, +9.973,+0.998
1636301160,+3.43,+15.937, +9.973,+0.998
1636301220,+3.43,+15.954, +9.977,+0.998
1636301280,+3.43,+15.945, +9.964,+0.998
1636301340,+3.43,+15.928, +9.955,+0.997
1636301400,+3.43,+15.911, +9.961,+0.997
1636301460,+3.43,+15.928, +9.971,+0.998
1636301520,+3.43,+15.928, +9.961,+0.998
1636301580,+3.43,+15.937, +9.964,+0.998
1636301640,+3.43,+15.928, +9.968,+0.998
1636301700,+3.43,+15.945, +9.949,+0.998
1636301760,+3.43,+15.945, +9.949,+0.998
1636301820,+3.43,+15.945, +9.954,+0.998
1636301880,+3.43,+15.937, +9.957,+0.998
1636301940,+3.43,+15.962, +9.955,+0.998
1636302000,+3.43,+15.971, +9.941,+0.997
1636302060,+3.43,+15.954, +9.953,+0.998
1636302120,+3.43,+15.971, +9.955,+0.998
1636302180,+3.43,+15.971, +9.945,+0.998
1636302240,+3.43,+15.988, +9.942,+0.998
1636302300,+3.43,+15.997, +9.927,+0.998
1636302360,+3.43,+15.962, +9.920,+0.998
1636302420,+3.43,+15.962, +9.935,+0.998
1636302480,+3.43,+15.971, +9.922,+0.998
1636302540,+3.43,+15.988, +9.927,+0.998
1636302600,+3.43,+15.997, +9.848,+0.998
1636302660,+3.42,+16.022, +9.831,+0.997
1636302720,+3.43,+16.014, +9.825,+0.997
1636302780,+3.42,+16.039, +9.821,+0.998
1636302840,+3.42,+16.022, +9.811,+0.997
1636302900,+3.43,+16.031, +9.807,+0.998
1636302960,+3.42,+16.048, +9.818,+0.998
1636303020,+3.42,+16.065, +9.808,+0.997
1636303080,+3.42,+16.056, +9.810,+0.997
1636303140,+3.42,+16.056, +9.821,+0.998
1636303200,+3.42,+16.082, +9.795,+0.997
1636303260,+3.42,+16.073, +9.809,+0.997
1636303320,+3.43,+16.082, +9.808,+0.997
1636303380,+3.43,+16.082, +9.819,+0.998
1636303440,+3.42,+16.065, +9.824,+0.998
1636303500,+3.42,+16.091, +9.812,+0.998
1636303560,+3.42,+16.082, +9.788,+0.997
1636303620,+3.43,+16.048, +9.813,+0.997
1636303680,+3.42,+16.082, +9.816,+0.997
1636303740,+3.42,+16.099, +9.816,+0.997
1636303800,+3.42,+16.091, +9.820,+0.997
1636303860,+3.42,+16.099, +9.813,+0.998
1636303920,+3.42,+16.108, +9.796,+0.997
1636303980,+3.42,+16.099, +9.809,+0.997
1636304040,+3.42,+16.108, +9.811,+0.998
1636304100,+3.42,+16.108, +9.805,+0.997
1636304160,+3.42,+16.108, +9.804,+0.997
1636304220,+3.42,+16.108, +9.796,+0.997
1636304280,+3.42,+16.065, +9.787,+0.997
1636304340,+3.42,+16.065, +9.807,+0.998
1636304400,+3.42,+16.073, +9.804,+0.997
1636304460,+3.42,+16.091, +9.796,+0.997
1636304520,+3.42,+16.091, +9.808,+0.998
1636304580,+3.42,+16.073, +9.807,+0.998
1636304640,+3.42,+16.073, +9.796,+0.997
1636304700,+3.42,+16.099, +9.813,+0.998
1636304760,+3.42,+16.108, +9.806,+0.997
1636304820,+3.42,+16.116, +9.799,+0.998
1636304880,+3.42,+16.099, +9.806,+0.998
1636304940,+3.42,+16.108, +9.802,+0.997
1636305000,+3.42,+16.099, +9.800,+0.997
1636305060,+3.42,+16.108, +9.783,+0.997
1636305120,+3.42,+16.099, +9.774,+0.997
1636305180,+3.42,+16.116, +9.797,+0.997
1636305240,+3.42,+16.099, +9.783,+0.997
1636305300,+3.42,+16.108, +9.796,+0.997
1636305360,+3.42,+16.125, +9.792,+0.997
1636305420,+3.42,+16.133, +9.779,+0.997
1636305480,+3.42,+16.099, +9.788,+0.997
1636305540,+3.42,+16.116, +9.785,+0.997
1636305600,+3.42,+16.099, +9.793,+0.997
1636305660,+3.42,+16.091, +9.776,+0.998
1636305720,+3.42,+16.065, +9.750,+0.997
1636305780,+3.42,+16.056, +9.761,+0.998
1636305840,+3.42,+16.056, +9.748,+0.997
1636305900,+3.42,+16.073, +9.750,+0.997
1636305960,+3.42,+16.082, +9.770,+0.997
1636306020,+3.42,+16.108, +9.750,+0.997
1636306080,+3.42,+16.082, +9.769,+0.998
1636306140,+3.42,+16.116, +9.780,+0.998
1636306200,+3.42,+16.108, +9.753,+0.997
1636306260,+3.42,+16.116, +9.748,+0.997
1636306320,+3.42,+16.125, +9.765,+0.997
1636306380,+3.42,+16.108, +9.734,+0.997
1636306440,+3.42,+16.099, +9.753,+0.998
1636306500,+3.42,+16.125, +9.750,+0.997
1636306560,+3.42,+16.159, +9.773,+0.998
1636306620,+3.42,+16.159, +9.769,+0.997
1636306680,+3.42,+16.167, +9.764,+0.997
1636306740,+3.42,+16.176, +9.765,+0.998
1636306800,+3.42,+16.193, +9.762,+0.998
1636306860,+3.42,+16.167, +9.740,+0.997
1636306920,+3.42,+16.150, +9.748,+0.997
1636306980,+3.42,+16.184, +9.767,+0.998
1636307040,+3.42,+16.201, +9.766,+0.997
1636307100,+3.42,+16.219, +9.751,+0.997
1636307160,+3.42,+16.210, +9.758,+0.998
1636307220,+3.42,+16.227, +9.768,+0.997
1636307280,+3.42,+16.253, +9.772,+0.998
1636307340,+3.42,+16.261, +9.766,+0.998
1636307400,+3.42,+16.287, +9.761,+0.997
1636307460,+3.42,+16.304, +9.770,+0.998
1636307520,+3.42,+16.287, +9.753,+0.997
1636307580,+3.42,+16.287, +9.765,+0.998
1636307640,+3.42,+16.329, +9.761,+0.998
1636307700,+3.42,+16.321, +9.759,+0.998
1636307760,+3.42,+16.321, +9.739,+0.997
1636307820,+3.42,+16.312, +9.731,+0.997
1636307880,+3.42,+16.287, +9.743,+0.997
1636307940,+3.42,+16.287, +9.744,+0.998
1636308000,+3.42,+16.270, +9.711,+0.997
1636308060,+3.42,+16.210, +9.703,+0.997
1636308120,+3.42,+16.219, +9.715,+0.997
1636308180,+3.42,+16.176, +9.705,+0.997
1636308240,+3.42,+16.133, +9.716,+0.997
1636308300,+3.42,+16.116, +9.722,+0.997
1636308360,+3.42,+16.091, +9.742,+0.997
1636308420,+3.42,+16.039, +9.743,+0.997
1636308480,+3.42,+16.014, +9.736,+0.997
1636308540,+3.42,+15.979, +9.794,+0.997
1636308600,+3.43,+15.962, +9.793,+0.998
1636308660,+3.42,+15.971, +9.772,+0.997
1636308720,+3.42,+15.979, +9.754,+0.997
1636308780,+3.42,+15.945, +9.755,+0.997
1636308840,+3.43,+15.945, +9.747,+0.997
1636308900,+3.42,+15.937, +9.762,+0.997
1636308960,+3.43,+15.920, +9.756,+0.997
1636309020,+3.43,+15.885, +9.769,+0.997
1636309080,+3.43,+15.843, +9.758,+0.997
1636309140,+3.43,+15.843, +9.787,+0.997
1636309200,+3.43,+15.843, +9.777,+0.997
1636309260,+3.43,+15.808, +9.711,+0.997
1636309320,+3.43,+15.791, +9.705,+0.997
1636309380,+3.42,+15.791, +9.700,+0.997
1636309440,+3.42,+15.774, +9.613,+0.997
1636309500,+3.42,+15.757, +9.501,+0.996
1636309560,+3.42,+15.740, +9.451,+0.995
1636309620,+3.42,+15.723, +9.426,+0.995
1636309680,+3.42,+15.731, +9.418,+0.995
1636309740,+3.42,+15.731, +9.416,+0.995
1636309800,+3.42,+15.731, +9.386,+0.995
1636309860,+3.42,+15.714, +9.361,+0.996
1636309920,+3.42,+15.740, +9.361,+0.995
1636309980,+3.42,+15.749, +9.360,+0.996
1636310040,+3.42,+15.757, +9.428,+0.996
1636310100,+3.42,+15.757, +9.433,+0.997
1636310160,+3.42,+15.766, +9.347,+0.996
1636310220,+3.42,+15.757, +9.300,+0.996
1636310280,+3.42,+15.749, +9.272,+0.995
1636310340,+3.42,+15.749, +9.253,+0.996
1636310400,+3.42,+15.740, +9.243,+0.995
1636310460,+3.42,+15.740, +9.230,+0.996
1636310520,+3.42,+15.740, +9.230,+0.996
1636310580,+3.42,+15.740, +9.235,+0.996
1636310640,+3.42,+15.757, +9.183,+0.995
1636310700,+3.42,+15.731, +9.166,+0.995
1636310760,+3.42,+15.731, +9.142,+0.995
1636310820,+3.42,+15.740, +9.190,+0.996
1636310880,+3.42,+15.766, +9.224,+0.997
1636310940,+3.42,+15.766, +9.217,+0.996
1636311000,+3.42,+15.783, +9.204,+0.996
1636311060,+3.42,+15.783, +9.165,+0.996
1636311120,+3.42,+15.766, +9.152,+0.996
1636311180,+3.42,+15.791, +9.139,+0.996
1636311240,+3.42,+15.766, +9.140,+0.996
1636311300,+3.42,+15.774, +9.123,+0.996
1636311360,+3.42,+15.783, +9.145,+0.997
1636311420,+3.43,+15.817, +9.116,+0.996
1636311480,+3.42,+15.808, +8.232,+0.996
1636311540,+3.42,+15.800, +8.131,+0.997
1636311600,+3.42,+15.774, +8.149,+0.996
1636311660,+3.42,+15.774, +8.165,+0.996
1636311720,+3.42,+15.774, +8.178,+0.996
1636311780,+3.42,+15.757, +8.166,+0.996
1636311840,+3.42,+15.757, +8.204,+0.996
1636311900,+3.42,+15.766, +8.226,+0.997
1636311960,+3.42,+15.774, +8.230,+0.996
1636312020,+3.42,+15.774, +8.274,+0.996
1636312080,+3.42,+15.757, +8.268,+0.997
1636312140,+3.42,+15.749, +8.276,+0.996
1636312200,+3.42,+15.766, +8.295,+0.996
1636312260,+3.42,+15.757, +8.311,+0.996
1636312320,+3.42,+15.749, +8.333,+0.996
1636312380,+3.42,+15.766, +8.356,+0.996
1636312440,+3.42,+15.766, +8.362,+0.997
1636312500,+3.42,+15.766, +8.346,+0.996
1636312560,+3.42,+15.749, +8.401,+0.996
1636312620,+3.42,+15.766, +8.415,+0.997
1636312680,+3.42,+15.749, +8.405,+0.996
1636312740,+3.42,+15.749, +8.384,+0.996
1636312800,+3.42,+15.731, +8.392,+0.996
1636312860,+3.42,+15.757, +8.416,+0.996
1636312920,+3.42,+15.749, +8.433,+0.996
1636312980,+3.42,+15.740, +8.425,+0.996
1636313040,+3.42,+15.723, +8.434,+0.996
1636313100,+3.42,+15.723, +8.424,+0.996
1636313160,+3.42,+15.714, +8.455,+0.996
1636313220,+3.42,+15.723, +8.468,+0.996
1636313280,+3.42,+15.706, +8.479,+0.996
1636313340,+3.42,+15.723, +8.476,+0.996
1636313400,+3.42,+15.731, +8.443,+0.996
1636313460,+3.42,+15.723, +8.045,+0.997
1636313520,+3.42,+15.723, +7.664,+0.996
1636313580,+3.42,+15.706, +7.381,+0.995
1636313640,+3.42,+15.714, +7.182,+0.995
1636313700,+3.42,+15.706, +7.056,+0.995
1636313760,+3.42,+15.706, +6.979,+0.994
1636313820,+3.42,+15.723, +6.934,+0.994
1636313880,+3.42,+15.723, +6.923,+0.994
1636313940,+3.42,+15.714, +6.934,+0.994
1636314000,+3.42,+15.714, +6.973,+0.994
1636314060,+3.42,+15.723, +7.021,+0.995
1636314120,+3.42,+15.723, +7.060,+0.994
1636314180,+3.42,+15.740, +7.120,+0.995
1636314240,+3.42,+15.757, +7.192,+0.995
1636314300,+3.42,+15.757, +7.250,+0.995
1636314360,+3.42,+15.791, +7.320,+0.995
1636314420,+3.42,+15.766, +7.374,+0.995
1636314480,+3.42,+15.783, +7.410,+0.995
1636314540,+3.42,+15.800, +7.455,+0.995
1636314600,+3.42,+15.800, +7.528,+0.995
1636314660,+3.42,+15.800, +7.574,+0.995
1636314720,+3.43,+15.826, +7.630,+0.995
1636314780,+3.43,+15.834, +7.660,+0.995
1636314840,+3.42,+15.843, +7.707,+0.995
1636314900,+3.42,+15.843, +7.767,+0.996
1636314960,+3.42,+15.860, +7.810,+0.996
1636315020,+3.42,+15.851, +7.847,+0.996
1636315080,+3.42,+15.860, +7.876,+0.996
1636315140,+3.43,+15.851, +7.911,+0.996
1636315200,+3.42,+15.851, +7.949,+0.996
1636315260,+3.42,+15.851, +8.000,+0.996
1636315320,+3.42,+15.860, +8.029,+0.996
1636315380,+3.42,+15.868, +8.073,+0.996
1636315440,+3.42,+15.877, +8.139,+0.996
1636315500,+3.42,+15.877, +8.178,+0.996
1636315560,+3.42,+15.894, +8.209,+0.996
1636315620,+3.42,+15.877, +8.246,+0.996
1636315680,+3.42,+15.877, +8.276,+0.996
1636315740,+3.42,+15.894, +8.306,+0.997
1636315800,+3.42,+15.877, +8.325,+0.997
1636315860,+3.42,+15.877, +8.352,+0.997
1636315920,+3.42,+15.894, +8.383,+0.997
1636315980,+3.42,+15.894, +8.419,+0.997
1636316040,+3.42,+15.903, +8.437,+0.996
1636316100,+3.42,+15.911, +8.490,+0.997
1636316160,+3.42,+15.911, +8.522,+0.997
1636316220,+3.42,+15.954, +8.556,+0.997
1636316280,+3.42,+15.937, +8.590,+0.996
1636316340,+3.42,+15.962, +8.609,+0.997
1636316400,+3.42,+15.937, +8.657,+0.997
1636316460,+3.42,+15.962, +8.666,+0.996
1636316520,+3.42,+15.954, +8.698,+0.997
1636316580,+3.42,+15.962, +8.728,+0.997
1636316640,+3.42,+15.971, +8.757,+0.997
1636316700,+3.42,+15.937, +8.765,+0.997
1636316760,+3.42,+15.920, +8.776,+0.997
1636316820,+3.42,+15.920, +8.795,+0.997
