7450-720098
OS REV: 1.05 Sensor Cal: 1615484591
Time (sec),  BV (Volts),  T (deg C),  DO (mg/l),  Q ()
1636403280,+3.41,+16.747, +6.735,+0.997
1636403340,+3.41,+16.670, +6.814,+0.997
1636403400,+3.41,+16.636, +6.885,+0.997
1636403460,+3.41,+16.670, +6.950,+0.997
1636403520,+3.41,+16.747, +7.005,+0.998
1636403580,+3.41,+16.678, +7.066,+0.998
1636403640,+3.41,+16.644, +7.118,+0.998
1636403700,+3.41,+16.619, +7.180,+0.998
1636403760,+3.41,+16.610, +7.232,+0.998
1636403820,+3.41,+16.585, +7.294,+0.998
1636403880,+3.41,+16.559, +7.349,+0.998
1636403940,+3.41,+16.542, +7.403,+0.998
1636404000,+3.41,+16.542, +7.450,+0.998
1636404060,+3.41,+16.542, +7.488,+0.998
1636404120,+3.41,+16.534, +7.531,+0.998
1636404180,+3.41,+16.542, +7.569,+0.998
1636404240,+3.41,+16.517, +7.623,+0.998
1636404300,+3.41,+16.525, +7.653,+0.998
1636404360,+3.41,+16.542, +7.691,+0.998
1636404420,+3.41,+16.508, +7.736,+0.998
1636404480,+3.41,+16.542, +7.766,+0.998
1636404540,+3.41,+16.542, +7.808,+0.998
1636404600,+3.41,+16.568, +7.868,+0.998
1636404660,+3.41,+16.559, +7.944,+0.998
1636404720,+3.41,+16.534, +8.011,+0.998
1636404780,+3.41,+16.525, +8.069,+0.998
1636404840,+3.41,+16.517, +8.126,+0.998
1636404900,+3.42,+16.483, +8.187,+0.998
1636404960,+3.41,+16.542, +8.235,+0.998
1636405020,+3.41,+16.576, +8.289,+0.998
1636405080,+3.41,+16.542, +8.374,+0.998
1636405140,+3.41,+16.517, +8.452,+0.997
1636405200,+3.41,+16.551, +8.573,+0.998
1636405260,+3.41,+16.627, +8.606,+0.998
1636405320,+3.41,+16.576, +8.592,+0.997
1636405380,+3.41,+16.585, +8.664,+0.998
1636405440,+3.41,+16.627, +8.707,+0.998
1636405500,+3.41,+16.619, +8.744,+0.998
1636405560,+3.41,+16.627, +8.739,+0.998
1636405620,+3.41,+16.585, +8.748,+0.998
1636405680,+3.41,+16.576, +8.791,+0.998
1636405740,+3.41,+16.602, +8.817,+0.998
1636405800,+3.41,+16.559, +8.805,+0.998
1636405860,+3.41,+16.559, +8.811,+0.998
1636405920,+3.41,+16.525, +8.844,+0.998
1636405980,+3.41,+16.517, +8.841,+0.997
1636406040,+3.42,+16.508, +8.879,+0.997
1636406100,+3.41,+16.610, +9.000,+0.998
1636406160,+3.41,+16.644, +8.982,+0.997
1636406220,+3.41,+16.610, +8.965,+0.997
1636406280,+3.41,+16.585, +9.006,+0.998
1636406340,+3.41,+16.576, +9.039,+0.998
1636406400,+3.41,+16.585, +9.048,+0.998
1636406460,+3.41,+16.568, +9.089,+0.998
1636406520,+3.41,+16.576, +9.110,+0.997
1636406580,+3.41,+16.644, +9.149,+0.998
1636406640,+3.41,+16.636, +9.141,+0.998
1636406700,+3.41,+16.602, +8.974,+0.998
1636406760,+3.41,+16.576, +8.910,+0.996
1636406820,+3.41,+16.585, +8.969,+0.997
1636406880,+3.41,+16.602, +8.931,+0.997
1636406940,+3.41,+16.610, +8.940,+0.997
1636407000,+3.41,+16.636, +9.020,+0.998
1636407060,+3.41,+16.636, +9.028,+0.997
1636407120,+3.41,+16.653, +9.066,+0.997
1636407180,+3.41,+16.678, +9.142,+0.998
1636407240,+3.41,+16.670, +9.154,+0.997
1636407300,+3.41,+16.687, +9.146,+0.998
1636407360,+3.41,+16.695, +9.162,+0.998
1636407420,+3.41,+16.780, +9.176,+0.998
1636407480,+3.42,+16.840, +9.161,+0.997
1636407540,+3.42,+16.967, +9.283,+0.998
1636407600,+3.42,+17.078, +9.257,+0.998
1636407660,+3.42,+17.137, +9.312,+0.998
1636407720,+3.42,+17.230, +9.302,+0.998
1636407780,+3.42,+17.213, +9.215,+0.998
1636407840,+3.42,+17.256, +9.374,+0.999
1636407900,+3.42,+17.315, +9.358,+0.998
1636407960,+3.42,+17.315, +9.302,+0.998
1636408020,+3.42,+17.332, +9.322,+0.998
1636408080,+3.42,+17.340, +9.318,+0.997
1636408140,+3.42,+17.383, +9.367,+0.998
1636408200,+3.42,+17.349, +9.300,+0.998
1636408260,+3.42,+17.391, +9.350,+0.998
1636408320,+3.41,+17.442, +9.370,+0.998
1636408380,+3.41,+17.476, +9.373,+0.998
1636408440,+3.41,+17.476, +9.378,+0.999
1636408500,+3.41,+17.467, +9.370,+0.998
1636408560,+3.42,+17.459, +9.373,+0.998
1636408620,+3.41,+17.493, +9.356,+0.998
1636408680,+3.41,+17.501, +9.342,+0.998
1636408740,+3.41,+17.493, +9.362,+0.998
1636408800,+3.42,+17.493, +9.353,+0.998
1636408860,+3.42,+17.450, +9.291,+0.998
1636408920,+3.42,+17.323, +9.170,+0.997
1636408980,+3.42,+17.230, +9.147,+0.998
1636409040,+3.42,+17.162, +9.145,+0.997
1636409100,+3.42,+17.061, +9.115,+0.997
1636409160,+3.42,+16.993, +9.084,+0.997
1636409220,+3.42,+16.950, +9.101,+0.997
1636409280,+3.42,+16.933, +9.113,+0.997
1636409340,+3.42,+16.882, +9.118,+0.997
1636409400,+3.42,+16.882, +9.133,+0.997
1636409460,+3.42,+16.891, +9.134,+0.997
1636409520,+3.42,+16.891, +9.147,+0.997
1636409580,+3.42,+16.882, +9.175,+0.998
1636409640,+3.42,+16.899, +9.159,+0.997
1636409700,+3.42,+16.908, +9.170,+0.998
1636409760,+3.42,+16.916, +9.168,+0.997
1636409820,+3.42,+16.908, +9.185,+0.998
1636409880,+3.42,+16.908, +9.197,+0.998
1636409940,+3.42,+16.933, +9.159,+0.997
1636410000,+3.42,+16.908, +9.144,+0.998
1636410060,+3.42,+16.908, +9.151,+0.998
1636410120,+3.42,+16.899, +9.156,+0.998
1636410180,+3.42,+16.891, +9.111,+0.997
1636410240,+3.42,+16.857, +9.099,+0.997
1636410300,+3.42,+16.848, +9.087,+0.997
1636410360,+3.42,+16.831, +9.102,+0.997
1636410420,+3.42,+16.848, +9.122,+0.998
1636410480,+3.42,+16.814, +9.129,+0.998
1636410540,+3.42,+16.823, +9.115,+0.997
1636410600,+3.42,+16.831, +9.109,+0.997
1636410660,+3.42,+16.840, +9.104,+0.997
1636410720,+3.42,+16.823, +9.095,+0.998
1636410780,+3.41,+16.797, +9.071,+0.997
1636410840,+3.42,+16.806, +9.102,+0.997
1636410900,+3.42,+16.823, +9.118,+0.997
1636410960,+3.42,+16.840, +9.128,+0.997
1636411020,+3.42,+16.848, +9.147,+0.998
1636411080,+3.42,+16.840, +9.123,+0.997
1636411140,+3.42,+16.848, +9.127,+0.998
1636411200,+3.42,+16.857, +9.150,+0.998
1636411260,+3.42,+16.848, +9.166,+0.998
1636411320,+3.42,+16.865, +9.159,+0.997
1636411380,+3.42,+16.865, +9.165,+0.998
1636411440,+3.42,+16.840, +9.188,+0.998
1636411500,+3.42,+16.831, +9.194,+0.998
1636411560,+3.42,+16.857, +9.199,+0.997
1636411620,+3.42,+16.874, +9.209,+0.997
1636411680,+3.42,+16.874, +9.197,+0.998
1636411740,+3.42,+16.891, +9.228,+0.998
1636411800,+3.42,+16.899, +9.208,+0.998
1636411860,+3.42,+16.874, +9.195,+0.997
1636411920,+3.42,+16.891, +9.208,+0.998
1636411980,+3.42,+16.908, +9.201,+0.998
1636412040,+3.42,+16.908, +9.165,+0.998
1636412100,+3.42,+16.899, +9.172,+0.997
1636412160,+3.42,+16.916, +9.187,+0.997
1636412220,+3.42,+16.908, +9.180,+0.997
1636412280,+3.42,+16.874, +9.167,+0.998
1636412340,+3.42,+16.891, +9.151,+0.997
1636412400,+3.42,+16.891, +9.178,+0.998
1636412460,+3.42,+16.908, +9.181,+0.998
1636412520,+3.42,+16.899, +9.143,+0.997
1636412580,+3.42,+16.882, +9.128,+0.998
1636412640,+3.42,+16.874, +9.125,+0.998
1636412700,+3.42,+16.865, +9.140,+0.997
1636412760,+3.42,+16.865, +9.163,+0.997
1636412820,+3.42,+16.848, +9.190,+0.998
1636412880,+3.42,+16.865, +9.151,+0.998
1636412940,+3.42,+16.840, +9.146,+0.997
1636413000,+3.42,+16.848, +9.165,+0.998
1636413060,+3.42,+16.848, +9.117,+0.997
1636413120,+3.42,+16.831, +9.061,+0.997
1636413180,+3.42,+16.823, +9.059,+0.997
1636413240,+3.42,+16.831, +9.057,+0.997
1636413300,+3.41,+16.797, +9.039,+0.997
1636413360,+3.42,+16.814, +9.023,+0.997
1636413420,+3.42,+16.823, +9.030,+0.997
1636413480,+3.41,+16.797, +9.033,+0.998
1636413540,+3.42,+16.814, +9.027,+0.997
1636413600,+3.42,+16.814, +9.050,+0.997
1636413660,+3.42,+16.814, +9.069,+0.998
1636413720,+3.42,+16.831, +9.065,+0.997
1636413780,+3.42,+16.814, +9.009,+0.997
1636413840,+3.41,+16.780, +8.951,+0.997
1636413900,+3.41,+16.789, +8.936,+0.997
1636413960,+3.41,+16.780, +8.938,+0.997
1636414020,+3.41,+16.789, +8.940,+0.998
1636414080,+3.41,+16.789, +8.919,+0.997
1636414140,+3.41,+16.789, +8.926,+0.998
1636414200,+3.41,+16.789, +8.876,+0.996
1636414260,+3.41,+16.772, +8.880,+0.997
1636414320,+3.41,+16.772, +8.892,+0.997
1636414380,+3.41,+16.772, +8.897,+0.997
1636414440,+3.41,+16.780, +8.868,+0.997
1636414500,+3.41,+16.772, +8.875,+0.997
1636414560,+3.41,+16.780, +8.886,+0.997
1636414620,+3.41,+16.789, +8.925,+0.998
1636414680,+3.41,+16.797, +8.939,+0.997
1636414740,+3.42,+16.814, +8.936,+0.997
1636414800,+3.42,+16.806, +8.949,+0.997
1636414860,+3.42,+16.840, +8.969,+0.997
1636414920,+3.42,+16.848, +8.993,+0.998
1636414980,+3.42,+16.848, +8.989,+0.997
1636415040,+3.42,+16.865, +8.972,+0.997
1636415100,+3.42,+16.865, +8.981,+0.998
1636415160,+3.42,+16.882, +8.986,+0.998
1636415220,+3.42,+16.882, +8.999,+0.997
1636415280,+3.42,+16.899, +9.017,+0.997
1636415340,+3.42,+16.916, +9.031,+0.998
1636415400,+3.42,+16.916, +9.021,+0.997
1636415460,+3.42,+16.908, +9.004,+0.997
1636415520,+3.42,+16.925, +8.997,+0.997
1636415580,+3.42,+16.908, +8.985,+0.997
1636415640,+3.42,+16.891, +8.960,+0.997
1636415700,+3.42,+16.908, +8.968,+0.997
1636415760,+3.42,+16.891, +8.991,+0.997
1636415820,+3.42,+16.908, +8.996,+0.997
1636415880,+3.42,+16.950, +9.014,+0.998
1636415940,+3.42,+16.925, +9.015,+0.997
1636416000,+3.42,+16.950, +9.026,+0.997
1636416060,+3.42,+16.950, +9.048,+0.998
1636416120,+3.42,+16.950, +9.041,+0.998
1636416180,+3.42,+16.942, +9.031,+0.998
1636416240,+3.42,+16.942, +9.023,+0.997
1636416300,+3.42,+16.959, +9.021,+0.997
1636416360,+3.42,+16.959, +9.023,+0.998
1636416420,+3.42,+16.984, +9.042,+0.997
1636416480,+3.42,+16.976, +9.062,+0.998
1636416540,+3.42,+16.984, +9.058,+0.997
1636416600,+3.42,+16.984, +9.083,+0.998
1636416660,+3.42,+16.984, +9.084,+0.998
1636416720,+3.42,+16.993, +9.084,+0.998
1636416780,+3.42,+17.018, +9.080,+0.998
1636416840,+3.42,+17.027, +9.099,+0.998
1636416900,+3.42,+17.052, +9.109,+0.998
1636416960,+3.42,+17.027, +9.116,+0.998
1636417020,+3.42,+17.035, +9.103,+0.998
1636417080,+3.42,+17.044, +9.109,+0.998
1636417140,+3.42,+17.044, +9.101,+0.997
1636417200,+3.42,+17.052, +9.101,+0.998
1636417260,+3.42,+17.052, +9.105,+0.998
1636417320,+3.42,+17.035, +9.115,+0.998
1636417380,+3.42,+17.044, +9.122,+0.998
1636417440,+3.42,+17.061, +9.117,+0.998
1636417500,+3.42,+17.061, +9.109,+0.998
1636417560,+3.42,+17.069, +9.109,+0.998
1636417620,+3.42,+17.069, +9.099,+0.998
1636417680,+3.42,+17.052, +9.111,+0.998
1636417740,+3.42,+17.078, +9.116,+0.998
1636417800,+3.42,+17.069, +9.124,+0.998
1636417860,+3.42,+17.078, +9.123,+0.998
1636417920,+3.42,+17.069, +9.121,+0.998
1636417980,+3.42,+17.086, +9.118,+0.998
1636418040,+3.42,+17.095, +9.115,+0.998
1636418100,+3.42,+17.103, +9.123,+0.998
1636418160,+3.42,+17.103, +9.135,+0.998
1636418220,+3.42,+17.120, +9.142,+0.998
1636418280,+3.42,+17.103, +9.131,+0.998
1636418340,+3.42,+17.095, +9.140,+0.998
1636418400,+3.42,+17.120, +9.124,+0.997
1636418460,+3.42,+17.095, +9.153,+0.998
1636418520,+3.42,+17.095, +9.151,+0.998
1636418580,+3.42,+17.103, +9.159,+0.998
1636418640,+3.42,+17.095, +9.157,+0.998
1636418700,+3.42,+17.112, +9.140,+0.998
1636418760,+3.42,+17.095, +9.147,+0.998
1636418820,+3.42,+17.103, +9.158,+0.998
1636418880,+3.42,+17.112, +9.153,+0.998
1636418940,+3.42,+17.086, +9.114,+0.998
1636419000,+3.42,+17.078, +9.108,+0.998
1636419060,+3.42,+17.078, +9.102,+0.997
1636419120,+3.42,+17.078, +9.114,+0.998
1636419180,+3.42,+17.086, +9.127,+0.998
1636419240,+3.42,+17.095, +9.156,+0.998
1636419300,+3.42,+17.112, +9.165,+0.998
1636419360,+3.42,+17.112, +9.167,+0.998
1636419420,+3.42,+17.120, +9.151,+0.998
1636419480,+3.42,+17.145, +9.151,+0.998
1636419540,+3.42,+17.129, +9.153,+0.998
1636419600,+3.42,+17.112, +9.140,+0.998
1636419660,+3.42,+17.103, +9.104,+0.997
1636419720,+3.42,+17.069, +9.127,+0.998
1636419780,+3.42,+17.095, +9.118,+0.998
1636419840,+3.42,+17.103, +9.118,+0.998
1636419900,+3.42,+17.103, +9.132,+0.998
1636419960,+3.42,+17.103, +9.150,+0.998
1636420020,+3.42,+17.112, +9.135,+0.998
1636420080,+3.42,+17.095, +9.141,+0.998
1636420140,+3.42,+17.103, +9.141,+0.998
1636420200,+3.42,+17.103, +9.140,+0.998
1636420260,+3.42,+17.103, +9.148,+0.998
1636420320,+3.42,+17.086, +9.136,+0.998
1636420380,+3.42,+17.095, +9.121,+0.998
1636420440,+3.42,+17.103, +9.145,+0.998
1636420500,+3.42,+17.120, +9.150,+0.998
1636420560,+3.42,+17.120, +9.153,+0.998
1636420620,+3.42,+17.120, +9.166,+0.998
1636420680,+3.42,+17.129, +9.169,+0.998
1636420740,+3.42,+17.120, +9.170,+0.998
1636420800,+3.42,+17.129, +9.159,+0.998
1636420860,+3.42,+17.112, +9.143,+0.998
1636420920,+3.42,+17.095, +9.133,+0.998
1636420980,+3.42,+17.086, +9.141,+0.998
1636421040,+3.42,+17.061, +9.038,+0.997
1636421100,+3.42,+17.052, +9.010,+0.997
1636421160,+3.42,+17.086, +9.070,+0.998
1636421220,+3.42,+17.137, +9.144,+0.998
1636421280,+3.42,+17.154, +9.182,+0.998
1636421340,+3.42,+17.162, +9.206,+0.998
1636421400,+3.42,+17.196, +9.198,+0.998
1636421460,+3.42,+17.179, +9.215,+0.998
1636421520,+3.42,+17.196, +9.226,+0.998
1636421580,+3.42,+17.196, +9.225,+0.998
1636421640,+3.42,+17.213, +9.226,+0.999
1636421700,+3.42,+17.239, +9.226,+0.998
1636421760,+3.42,+17.205, +9.162,+0.998
1636421820,+3.42,+17.213, +9.166,+0.998
1636421880,+3.42,+17.196, +9.133,+0.998
1636421940,+3.42,+17.154, +9.136,+0.998
1636422000,+3.42,+17.196, +9.149,+0.998
1636422060,+3.42,+17.188, +9.171,+0.998
1636422120,+3.42,+17.205, +9.180,+0.998
1636422180,+3.42,+17.205, +9.183,+0.998
1636422240,+3.42,+17.222, +9.185,+0.998
1636422300,+3.42,+17.222, +9.180,+0.997
1636422360,+3.42,+17.196, +9.187,+0.998
1636422420,+3.42,+17.205, +9.169,+0.998
1636422480,+3.42,+17.188, +9.180,+0.999
1636422540,+3.42,+17.179, +9.160,+0.998
1636422600,+3.42,+17.196, +9.147,+0.997
1636422660,+3.42,+17.171, +9.169,+0.998
1636422720,+3.42,+17.179, +9.174,+0.998
1636422780,+3.42,+17.171, +9.176,+0.998
1636422840,+3.42,+17.179, +9.167,+0.998
1636422900,+3.42,+17.179, +9.164,+0.998
1636422960,+3.42,+17.188, +9.169,+0.998
1636423020,+3.42,+17.162, +9.182,+0.998
1636423080,+3.42,+17.171, +9.174,+0.998
1636423140,+3.42,+17.171, +9.160,+0.998
1636423200,+3.42,+17.171, +9.154,+0.998
1636423260,+3.42,+17.171, +9.142,+0.998
1636423320,+3.42,+17.179, +9.138,+0.998
1636423380,+3.42,+17.154, +9.149,+0.998
1636423440,+3.42,+17.154, +9.135,+0.998
1636423500,+3.42,+17.162, +9.120,+0.998
1636423560,+3.42,+17.145, +9.118,+0.998
1636423620,+3.42,+17.145, +9.124,+0.998
1636423680,+3.42,+17.154, +9.109,+0.998
1636423740,+3.42,+17.137, +9.112,+0.998
1636423800,+3.42,+17.137, +9.113,+0.998
1636423860,+3.42,+17.154, +9.117,+0.998
1636423920,+3.42,+17.120, +9.115,+0.998
1636423980,+3.42,+17.112, +9.085,+0.998
1636424040,+3.42,+17.086, +9.079,+0.997
1636424100,+3.42,+17.103, +9.090,+0.998
1636424160,+3.42,+17.078, +9.058,+0.998
1636424220,+3.42,+17.078, +9.056,+0.998
1636424280,+3.42,+17.061, +9.062,+0.998
1636424340,+3.42,+17.078, +9.082,+0.998
1636424400,+3.42,+17.078, +9.100,+0.998
1636424460,+3.42,+17.086, +9.099,+0.998
1636424520,+3.42,+17.103, +9.107,+0.998
1636424580,+3.42,+17.069, +9.093,+0.998
1636424640,+3.42,+17.061, +9.071,+0.998
1636424700,+3.42,+17.078, +9.094,+0.998
1636424760,+3.42,+17.112, +9.137,+0.998
1636424820,+3.42,+17.137, +9.147,+0.998
1636424880,+3.42,+17.120, +9.116,+0.998
1636424940,+3.42,+17.129, +9.134,+0.998
1636425000,+3.42,+17.129, +9.147,+0.998
1636425060,+3.42,+17.112, +9.145,+0.998
1636425120,+3.42,+17.120, +9.139,+0.998
1636425180,+3.42,+17.145, +9.136,+0.997
1636425240,+3.42,+17.145, +9.143,+0.998
1636425300,+3.42,+17.154, +9.155,+0.998
1636425360,+3.42,+17.171, +9.160,+0.998
1636425420,+3.42,+17.188, +9.182,+0.998
1636425480,+3.42,+17.162, +9.176,+0.998
1636425540,+3.42,+17.154, +9.143,+0.998
1636425600,+3.42,+17.162, +9.142,+0.998
1636425660,+3.42,+17.145, +9.131,+0.998
1636425720,+3.42,+17.137, +9.102,+0.998
1636425780,+3.42,+17.145, +9.094,+0.998
1636425840,+3.42,+17.145, +9.079,+0.997
1636425900,+3.42,+17.154, +9.132,+0.998
1636425960,+3.42,+17.171, +9.142,+0.998
1636426020,+3.42,+17.171, +9.136,+0.998
1636426080,+3.42,+17.196, +9.147,+0.998
1636426140,+3.42,+17.222, +9.154,+0.998
1636426200,+3.42,+17.213, +9.157,+0.998
1636426260,+3.42,+17.239, +9.162,+0.998
1636426320,+3.42,+17.239, +9.166,+0.998
1636426380,+3.42,+17.239, +9.150,+0.998
1636426440,+3.42,+17.256, +9.144,+0.998
1636426500,+3.42,+17.256, +9.147,+0.998
1636426560,+3.42,+17.256, +9.163,+0.999
1636426620,+3.42,+17.264, +9.142,+0.998
1636426680,+3.42,+17.247, +9.140,+0.998
1636426740,+3.42,+17.239, +9.126,+0.998
1636426800,+3.42,+17.230, +9.113,+0.998
1636426860,+3.42,+17.239, +9.095,+0.997
1636426920,+3.42,+17.222, +9.119,+0.999
1636426980,+3.42,+17.213, +9.116,+0.998
1636427040,+3.42,+17.230, +9.117,+0.998
1636427100,+3.42,+17.222, +9.123,+0.998
1636427160,+3.42,+17.213, +9.133,+0.998
1636427220,+3.42,+17.213, +9.120,+0.997
1636427280,+3.42,+17.230, +9.120,+0.998
1636427340,+3.42,+17.196, +9.121,+0.997
1636427400,+3.42,+17.205, +9.130,+0.998
1636427460,+3.42,+17.205, +9.128,+0.998
1636427520,+3.42,+17.205, +9.113,+0.998
1636427580,+3.42,+17.205, +9.115,+0.998
1636427640,+3.42,+17.196, +9.128,+0.998
1636427700,+3.42,+17.196, +9.095,+0.998
1636427760,+3.42,+17.196, +9.110,+0.998
1636427820,+3.42,+17.196, +9.133,+0.998
1636427880,+3.42,+17.213, +9.113,+0.998
1636427940,+3.42,+17.205, +9.133,+0.998
1636428000,+3.42,+17.213, +9.148,+0.998
1636428060,+3.42,+17.196, +9.151,+0.998
1636428120,+3.42,+17.196, +9.144,+0.998
1636428180,+3.42,+17.188, +9.131,+0.998
1636428240,+3.42,+17.162, +9.100,+0.998
1636428300,+3.42,+17.162, +9.073,+0.997
1636428360,+3.42,+17.171, +9.079,+0.998
1636428420,+3.42,+17.154, +9.096,+0.998
1636428480,+3.42,+17.171, +9.099,+0.998
1636428540,+3.42,+17.205, +9.115,+0.998
1636428600,+3.42,+17.188, +9.122,+0.998
1636428660,+3.42,+17.179, +9.099,+0.998
1636428720,+3.42,+17.179, +9.081,+0.998
1636428780,+3.42,+17.154, +9.087,+0.998
1636428840,+3.42,+17.188, +9.090,+0.998
1636428900,+3.42,+17.171, +9.105,+0.998
1636428960,+3.42,+17.196, +9.120,+0.998
1636429020,+3.42,+17.196, +9.121,+0.998
1636429080,+3.42,+17.205, +9.130,+0.998
1636429140,+3.42,+17.196, +9.150,+0.998
1636429200,+3.42,+17.222, +9.159,+0.998
1636429260,+3.42,+17.230, +9.179,+0.998
1636429320,+3.42,+17.239, +9.166,+0.999
1636429380,+3.42,+17.264, +9.168,+0.999
1636429440,+3.42,+17.264, +9.161,+0.998
1636429500,+3.42,+17.256, +9.156,+0.998
1636429560,+3.42,+17.264, +9.171,+0.998
1636429620,+3.42,+17.290, +9.165,+0.998
1636429680,+3.42,+17.298, +9.173,+0.998
1636429740,+3.42,+17.306, +9.192,+0.998
1636429800,+3.42,+17.349, +9.210,+0.998
1636429860,+3.42,+17.357, +9.240,+0.999
1636429920,+3.42,+17.383, +9.220,+0.998
1636429980,+3.42,+17.391, +9.226,+0.998
1636430040,+3.42,+17.408, +9.222,+0.998
1636430100,+3.42,+17.417, +9.191,+0.998
1636430160,+3.42,+17.383, +9.178,+0.998
1636430220,+3.42,+17.383, +9.186,+0.998
1636430280,+3.42,+17.417, +9.200,+0.999
1636430340,+3.42,+17.400, +9.219,+0.998
1636430400,+3.42,+17.383, +9.207,+0.998
1636430460,+3.42,+17.400, +9.204,+0.999
1636430520,+3.42,+17.400, +9.188,+0.998
1636430580,+3.42,+17.391, +9.186,+0.998
1636430640,+3.42,+17.400, +9.200,+0.998
1636430700,+3.42,+17.425, +9.197,+0.998
1636430760,+3.42,+17.400, +9.199,+0.998
1636430820,+3.42,+17.391, +9.199,+0.998
1636430880,+3.42,+17.349, +9.195,+0.998
1636430940,+3.42,+17.357, +9.173,+0.998
1636431000,+3.42,+17.357, +9.160,+0.998
1636431060,+3.42,+17.332, +9.166,+0.998
1636431120,+3.42,+17.315, +9.158,+0.998
1636431180,+3.42,+17.332, +9.151,+0.998
1636431240,+3.42,+17.315, +9.140,+0.998
1636431300,+3.42,+17.290, +9.145,+0.998
1636431360,+3.42,+17.298, +9.155,+0.998
1636431420,+3.42,+17.315, +9.183,+0.999
1636431480,+3.42,+17.323, +9.181,+0.998
1636431540,+3.42,+17.323, +9.157,+0.999
1636431600,+3.42,+17.290, +9.125,+0.998
1636431660,+3.42,+17.264, +9.119,+0.999
1636431720,+3.42,+17.256, +9.117,+0.998
1636431780,+3.42,+17.247, +9.101,+0.998
1636431840,+3.42,+17.247, +9.114,+0.998
1636431900,+3.42,+17.256, +9.102,+0.998
1636431960,+3.42,+17.230, +9.079,+0.998
1636432020,+3.42,+17.205, +9.059,+0.997
1636432080,+3.42,+17.222, +9.063,+0.998
1636432140,+3.42,+17.247, +9.090,+0.998
1636432200,+3.42,+17.273, +9.118,+0.998
1636432260,+3.42,+17.281, +9.148,+0.999
1636432320,+3.42,+17.298, +9.140,+0.998
1636432380,+3.42,+17.323, +9.144,+0.998
1636432440,+3.42,+17.315, +9.147,+0.998
1636432500,+3.42,+17.340, +9.135,+0.998
1636432560,+3.42,+17.323, +9.135,+0.998
1636432620,+3.42,+17.323, +9.148,+0.998
1636432680,+3.42,+17.323, +9.144,+0.998
1636432740,+3.42,+17.323, +9.140,+0.998
1636432800,+3.42,+17.306, +9.147,+0.998
1636432860,+3.42,+17.323, +9.152,+0.998
1636432920,+3.42,+17.323, +9.156,+0.998
1636432980,+3.42,+17.332, +9.160,+0.999
1636433040,+3.42,+17.323, +9.157,+0.998
1636433100,+3.42,+17.349, +9.155,+0.998
1636433160,+3.42,+17.323, +9.163,+0.998
1636433220,+3.42,+17.349, +9.172,+0.998
1636433280,+3.42,+17.349, +9.174,+0.998
1636433340,+3.42,+17.349, +9.148,+0.998
1636433400,+3.42,+17.357, +9.170,+0.998
1636433460,+3.42,+17.374, +9.159,+0.998
1636433520,+3.42,+17.366, +9.154,+0.998
1636433580,+3.42,+17.374, +9.157,+0.998
1636433640,+3.42,+17.383, +9.148,+0.998
1636433700,+3.42,+17.374, +9.145,+0.998
1636433760,+3.42,+17.383, +9.142,+0.998
1636433820,+3.42,+17.374, +9.146,+0.998
1636433880,+3.42,+17.391, +9.148,+0.998
1636433940,+3.42,+17.391, +9.148,+0.999
1636434000,+3.42,+17.391, +9.144,+0.999
1636434060,+3.42,+17.366, +9.151,+0.998
1636434120,+3.42,+17.374, +9.141,+0.998
1636434180,+3.42,+17.374, +9.139,+0.998
1636434240,+3.42,+17.366, +9.144,+0.998
1636434300,+3.42,+17.349, +9.142,+0.998
1636434360,+3.42,+17.357, +9.123,+0.998
1636434420,+3.42,+17.340, +9.119,+0.998
1636434480,+3.42,+17.315, +9.105,+0.998
1636434540,+3.42,+17.298, +9.043,+0.998
1636434600,+3.42,+17.247, +9.026,+0.998
1636434660,+3.42,+17.273, +9.054,+0.998
1636434720,+3.42,+17.273, +9.082,+0.998
1636434780,+3.42,+17.256, +9.081,+0.999
1636434840,+3.42,+17.273, +9.088,+0.999
1636434900,+3.42,+17.281, +9.093,+0.998
1636434960,+3.42,+17.264, +9.087,+0.998
1636435020,+3.42,+17.290, +9.112,+0.998
1636435080,+3.42,+17.290, +9.122,+0.998
1636435140,+3.42,+17.306, +9.132,+0.998
1636435200,+3.42,+17.298, +9.129,+0.998
1636435260,+3.42,+17.273, +9.121,+0.998
1636435320,+3.42,+17.273, +9.093,+0.998
1636435380,+3.42,+17.247, +9.035,+0.998
1636435440,+3.42,+17.222, +9.056,+0.998
1636435500,+3.42,+17.239, +9.059,+0.998
1636435560,+3.42,+17.230, +9.084,+0.998
1636435620,+3.42,+17.239, +9.075,+0.998
1636435680,+3.42,+17.264, +9.079,+0.998
1636435740,+3.42,+17.239, +9.049,+0.998
1636435800,+3.42,+17.230, +9.030,+0.998
1636435860,+3.42,+17.196, +9.005,+0.998
1636435920,+3.42,+17.162, +8.982,+0.998
1636435980,+3.42,+17.154, +8.986,+0.998
1636436040,+3.42,+17.171, +9.019,+0.998
1636436100,+3.42,+17.179, +9.061,+0.998
1636436160,+3.42,+17.188, +9.023,+0.998
1636436220,+3.42,+17.145, +8.987,+0.998
1636436280,+3.42,+17.129, +8.982,+0.998
1636436340,+3.42,+17.129, +8.983,+0.998
1636436400,+3.42,+17.120, +8.951,+0.997
1636436460,+3.42,+17.137, +8.988,+0.998
1636436520,+3.42,+17.137, +8.988,+0.998
1636436580,+3.42,+17.120, +8.995,+0.998
1636436640,+3.42,+17.129, +8.971,+0.998
1636436700,+3.42,+17.095, +8.891,+0.997
1636436760,+3.42,+17.095, +8.888,+0.998
1636436820,+3.42,+17.095, +8.915,+0.998
1636436880,+3.42,+17.078, +8.908,+0.998
1636436940,+3.42,+17.078, +8.909,+0.998
1636437000,+3.42,+17.103, +8.936,+0.998
1636437060,+3.42,+17.086, +8.949,+0.998
1636437120,+3.42,+17.103, +8.956,+0.997
1636437180,+3.42,+17.137, +8.986,+0.998
1636437240,+3.42,+17.145, +8.980,+0.998
1636437300,+3.42,+17.137, +9.001,+0.998
1636437360,+3.42,+17.137, +8.958,+0.998
1636437420,+3.42,+17.129, +8.909,+0.998
1636437480,+3.42,+17.112, +8.932,+0.998
1636437540,+3.42,+17.120, +8.955,+0.998
1636437600,+3.42,+17.103, +8.978,+0.998
1636437660,+3.42,+17.112, +8.935,+0.998
1636437720,+3.42,+17.103, +8.960,+0.998
1636437780,+3.42,+17.137, +8.987,+0.998
1636437840,+3.42,+17.145, +8.992,+0.998
1636437900,+3.42,+17.145, +8.968,+0.998
1636437960,+3.42,+17.129, +8.954,+0.998
1636438020,+3.42,+17.137, +8.948,+0.998
1636438080,+3.42,+17.103, +8.944,+0.998
1636438140,+3.42,+17.112, +8.403,+0.995
1636438200,+3.42,+17.103, +7.698,+0.988
1636438260,+3.42,+17.086, +7.719,+0.988
1636438320,+3.42,+17.069, +7.745,+0.989
1636438380,+3.42,+17.052, +7.761,+0.990
1636438440,+3.42,+17.069, +7.822,+0.991
1636438500,+3.42,+17.069, +7.863,+0.991
1636438560,+3.42,+17.095, +7.924,+0.992
1636438620,+3.42,+17.112, +7.990,+0.992
1636438680,+3.42,+17.129, +8.053,+0.992
1636438740,+3.42,+17.162, +8.132,+0.993
1636438800,+3.42,+17.154, +8.156,+0.993
1636438860,+3.42,+17.137, +8.181,+0.994
1636438920,+3.42,+17.162, +8.205,+0.994
1636438980,+3.42,+17.179, +8.254,+0.994
1636439040,+3.42,+17.171, +8.287,+0.994
1636439100,+3.42,+17.145, +8.278,+0.995
1636439160,+3.42,+17.171, +8.290,+0.995
1636439220,+3.42,+17.171, +8.359,+0.995
1636439280,+3.42,+17.171, +8.386,+0.996
1636439340,+3.42,+17.179, +8.394,+0.996
1636439400,+3.42,+17.179, +8.432,+0.997
1636439460,+3.42,+17.162, +8.450,+0.996
1636439520,+3.42,+17.145, +8.461,+0.996
1636439580,+3.42,+17.162, +8.475,+0.996
1636439640,+3.42,+17.179, +8.491,+0.997
1636439700,+3.42,+17.162, +8.531,+0.997
1636439760,+3.42,+17.179, +8.541,+0.997
1636439820,+3.42,+17.162, +8.551,+0.997
1636439880,+3.42,+17.171, +8.558,+0.998
1636439940,+3.42,+17.137, +8.518,+0.997
1636440000,+3.42,+17.137, +8.554,+0.997
1636440060,+3.42,+17.145, +8.567,+0.997
1636440120,+3.42,+17.137, +8.586,+0.998
1636440180,+3.42,+17.154, +8.657,+0.998
1636440240,+3.42,+17.171, +8.694,+0.998
1636440300,+3.42,+17.171, +8.691,+0.998
1636440360,+3.42,+17.196, +8.685,+0.997
1636440420,+3.42,+17.196, +8.706,+0.998
1636440480,+3.42,+17.171, +8.709,+0.998
1636440540,+3.42,+17.171, +8.728,+0.998
1636440600,+3.42,+17.179, +8.719,+0.998
1636440660,+3.42,+17.171, +8.718,+0.998
1636440720,+3.42,+17.145, +8.734,+0.999
1636440780,+3.42,+17.154, +8.722,+0.998
1636440840,+3.42,+17.154, +8.752,+0.999
1636440900,+3.42,+17.145, +8.753,+0.998
1636440960,+3.42,+17.145, +8.756,+0.998
1636441020,+3.42,+17.162, +8.757,+0.998
1636441080,+3.42,+17.154, +8.787,+0.998
1636441140,+3.42,+17.162, +8.803,+0.998
1636441200,+3.42,+17.162, +8.807,+0.998
1636441260,+3.42,+17.162, +8.811,+0.998
1636441320,+3.42,+17.162, +8.811,+0.999
1636441380,+3.42,+17.162, +8.809,+0.998
1636441440,+3.42,+17.171, +8.825,+0.998
1636441500,+3.42,+17.196, +8.827,+0.998
1636441560,+3.42,+17.171, +8.853,+0.998
1636441620,+3.42,+17.205, +8.864,+0.998
1636441680,+3.42,+17.205, +8.862,+0.998
1636441740,+3.42,+17.188, +8.872,+0.998
1636441800,+3.42,+17.188, +8.879,+0.998
1636441860,+3.42,+17.205, +8.884,+0.998
1636441920,+3.42,+17.196, +8.894,+0.998
1636441980,+3.42,+17.196, +8.898,+0.999
1636442040,+3.42,+17.171, +8.881,+0.998
1636442100,+3.42,+17.162, +8.869,+0.999
1636442160,+3.42,+17.162, +8.855,+0.998
1636442220,+3.42,+17.137, +8.838,+0.998
1636442280,+3.42,+17.145, +8.844,+0.998
1636442340,+3.42,+17.145, +8.838,+0.998
1636442400,+3.42,+17.129, +8.846,+0.998
1636442460,+3.42,+17.129, +8.831,+0.998
1636442520,+3.42,+17.095, +8.830,+0.998
1636442580,+3.42,+17.103, +8.792,+0.997
1636442640,+3.42,+17.120, +8.803,+0.998
1636442700,+3.42,+17.086, +8.810,+0.998
1636442760,+3.42,+17.078, +8.805,+0.998
1636442820,+3.42,+17.052, +8.767,+0.998
1636442880,+3.42,+17.044, +8.753,+0.998
1636442940,+3.42,+17.052, +8.773,+0.998
1636443000,+3.42,+17.044, +8.777,+0.998
1636443060,+3.42,+17.035, +8.759,+0.998
1636443120,+3.42,+17.044, +8.766,+0.998
1636443180,+3.42,+17.035, +8.768,+0.998
1636443240,+3.42,+17.044, +8.775,+0.998
1636443300,+3.42,+17.078, +8.848,+0.998
1636443360,+3.42,+17.086, +8.846,+0.997
1636443420,+3.42,+17.086, +8.856,+0.998
1636443480,+3.42,+17.078, +8.791,+0.997
1636443540,+3.42,+17.069, +8.809,+0.998
1636443600,+3.42,+17.069, +8.778,+0.998
1636443660,+3.42,+17.052, +8.734,+0.997
1636443720,+3.42,+17.044, +8.723,+0.997
1636443780,+3.42,+17.035, +8.734,+0.998
1636443840,+3.42,+17.044, +8.704,+0.997
1636443900,+3.42,+17.035, +8.702,+0.998
1636443960,+3.42,+17.027, +8.708,+0.997
1636444020,+3.42,+17.018, +8.735,+0.998
1636444080,+3.42,+17.027, +8.762,+0.998
1636444140,+3.42,+17.018, +8.769,+0.997
1636444200,+3.42,+17.027, +8.777,+0.998
1636444260,+3.42,+17.027, +8.754,+0.998
1636444320,+3.42,+17.027, +8.730,+0.998
1636444380,+3.42,+17.010, +8.731,+0.998
1636444440,+3.42,+17.027, +8.742,+0.998
1636444500,+3.42,+17.010, +8.753,+0.998
1636444560,+3.42,+17.001, +8.755,+0.998
1636444620,+3.42,+17.010, +8.759,+0.997
1636444680,+3.42,+17.035, +8.782,+0.997
1636444740,+3.42,+17.061, +8.810,+0.998
1636444800,+3.42,+17.052, +8.816,+0.998
1636444860,+3.42,+17.044, +8.801,+0.998
1636444920,+3.42,+17.035, +8.778,+0.998
1636444980,+3.42,+17.027, +6.519,+0.970
1636445040,+3.42,+17.035, +6.141,+0.972
1636445100,+3.42,+17.035, +6.187,+0.973
1636445160,+3.42,+17.018, +6.240,+0.974
1636445220,+3.42,+17.027, +6.280,+0.976
1636445280,+3.42,+17.044, +6.324,+0.976
1636445340,+3.42,+17.035, +6.387,+0.978
1636445400,+3.42,+17.035, +6.474,+0.978
1636445460,+3.42,+17.052, +6.547,+0.979
1636445520,+3.42,+17.069, +6.614,+0.980
1636445580,+3.42,+17.052, +6.665,+0.981
1636445640,+3.42,+17.044, +6.722,+0.982
1636445700,+3.42,+17.061, +6.762,+0.982
1636445760,+3.42,+17.052, +6.818,+0.984
1636445820,+3.42,+17.035, +6.853,+0.985
1636445880,+3.42,+17.035, +6.903,+0.986
1636445940,+3.42,+17.018, +6.970,+0.986
1636446000,+3.42,+17.027, +7.039,+0.987
1636446060,+3.42,+17.027, +7.082,+0.988
1636446120,+3.42,+17.027, +7.160,+0.988
1636446180,+3.42,+17.035, +7.208,+0.989
1636446240,+3.42,+17.044, +7.262,+0.990
1636446300,+3.42,+17.035, +7.311,+0.990
1636446360,+3.42,+17.069, +7.410,+0.990
1636446420,+3.42,+17.086, +7.504,+0.991
1636446480,+3.42,+17.078, +7.555,+0.991
1636446540,+3.42,+17.103, +7.589,+0.992
1636446600,+3.42,+17.086, +7.634,+0.992
1636446660,+3.42,+17.095, +7.679,+0.992
1636446720,+3.42,+17.078, +7.695,+0.993
1636446780,+3.42,+17.078, +7.730,+0.993
1636446840,+3.42,+17.095, +7.710,+0.994
1636446900,+3.42,+17.095, +7.749,+0.994
1636446960,+3.42,+17.086, +7.764,+0.994
1636447020,+3.42,+17.078, +7.791,+0.994
1636447080,+3.42,+17.086, +7.811,+0.995
1636447140,+3.42,+17.069, +7.827,+0.995
1636447200,+3.42,+17.086, +7.861,+0.995
1636447260,+3.42,+17.061, +7.893,+0.995
1636447320,+3.42,+17.078, +7.921,+0.995
1636447380,+3.42,+17.069, +7.961,+0.995
1636447440,+3.42,+17.086, +7.982,+0.996
1636447500,+3.42,+17.069, +8.002,+0.996
1636447560,+3.42,+17.078, +8.038,+0.996
1636447620,+3.42,+17.086, +8.064,+0.996
1636447680,+3.42,+17.069, +8.067,+0.997
1636447740,+3.42,+17.061, +8.058,+0.997
1636447800,+3.42,+17.061, +8.055,+0.996
1636447860,+3.42,+17.061, +8.096,+0.997
1636447920,+3.42,+17.052, +8.110,+0.997
1636447980,+3.42,+17.044, +8.139,+0.997
1636448040,+3.42,+17.061, +8.152,+0.997
1636448100,+3.42,+17.052, +8.177,+0.997
1636448160,+3.42,+17.035, +8.197,+0.997
1636448220,+3.42,+17.027, +8.211,+0.997
1636448280,+3.42,+17.027, +8.247,+0.997
1636448340,+3.42,+17.018, +8.293,+0.997
1636448400,+3.42,+17.044, +8.305,+0.997
1636448460,+3.42,+17.044, +8.348,+0.998
1636448520,+3.42,+17.035, +8.360,+0.998
1636448580,+3.42,+17.069, +8.351,+0.997
1636448640,+3.42,+17.018, +8.382,+0.998
1636448700,+3.42,+17.035, +8.381,+0.998
1636448760,+3.42,+17.035, +8.382,+0.998
1636448820,+3.42,+17.035, +8.401,+0.998
1636448880,+3.42,+17.027, +8.413,+0.998
1636448940,+3.42,+17.010, +8.422,+0.998
1636449000,+3.42,+17.010, +8.434,+0.998
1636449060,+3.42,+17.027, +8.446,+0.998
1636449120,+3.42,+17.001, +8.455,+0.998
1636449180,+3.42,+16.993, +8.458,+0.998
1636449240,+3.42,+17.001, +8.466,+0.998
1636449300,+3.42,+17.010, +8.486,+0.998
1636449360,+3.42,+17.001, +8.496,+0.998
1636449420,+3.42,+16.993, +8.506,+0.998
1636449480,+3.42,+17.018, +8.515,+0.998
1636449540,+3.42,+16.993, +8.541,+0.998
1636449600,+3.42,+17.010, +8.572,+0.998
1636449660,+3.42,+17.018, +8.599,+0.999
1636449720,+3.42,+17.018, +8.598,+0.998
1636449780,+3.42,+17.018, +8.595,+0.999
1636449840,+3.42,+17.018, +8.578,+0.998
1636449900,+3.42,+17.010, +8.595,+0.998
1636449960,+3.42,+17.018, +8.595,+0.998
1636450020,+3.42,+17.010, +8.613,+0.999
1636450080,+3.42,+16.993, +8.628,+0.998
1636450140,+3.42,+17.010, +8.650,+0.998
1636450200,+3.42,+17.001, +8.664,+0.999
1636450260,+3.42,+17.010, +8.659,+0.998
1636450320,+3.42,+17.010, +8.651,+0.998
1636450380,+3.42,+16.993, +8.642,+0.998
1636450440,+3.42,+17.001, +8.647,+0.998
1636450500,+3.42,+17.001, +8.655,+0.998
1636450560,+3.42,+16.976, +8.649,+0.998
1636450620,+3.42,+16.976, +8.650,+0.998
1636450680,+3.42,+16.976, +8.635,+0.998
1636450740,+3.42,+16.984, +8.640,+0.999
1636450800,+3.42,+16.984, +8.632,+0.998
1636450860,+3.42,+16.967, +8.663,+0.999
1636450920,+3.42,+16.993, +8.659,+0.998
1636450980,+3.42,+16.984, +8.669,+0.998
1636451040,+3.42,+16.976, +8.690,+0.999
1636451100,+3.42,+16.993, +8.710,+0.999
1636451160,+3.42,+16.993, +8.731,+0.998
1636451220,+3.42,+16.984, +8.722,+0.998
1636451280,+3.42,+16.984, +8.765,+0.998
1636451340,+3.42,+16.984, +8.754,+0.998
1636451400,+3.42,+17.001, +8.747,+0.998
1636451460,+3.42,+16.993, +8.759,+0.998
1636451520,+3.42,+16.993, +8.763,+0.998
1636451580,+3.42,+16.984, +8.751,+0.998
1636451640,+3.42,+16.976, +8.742,+0.998
1636451700,+3.42,+16.950, +8.745,+0.998
1636451760,+3.42,+16.976, +8.732,+0.998
1636451820,+3.42,+16.967, +8.753,+0.998
1636451880,+3.42,+16.967, +8.737,+0.998
1636451940,+3.42,+16.967, +8.751,+0.998
1636452000,+3.42,+16.976, +8.785,+0.998
1636452060,+3.42,+16.976, +8.817,+0.998
1636452120,+3.42,+17.001, +8.839,+0.999
1636452180,+3.42,+17.001, +8.841,+0.998
1636452240,+3.42,+16.976, +8.850,+0.998
1636452300,+3.42,+16.976, +8.867,+0.998
1636452360,+3.42,+16.967, +8.851,+0.998
1636452420,+3.42,+16.959, +8.851,+0.998
1636452480,+3.42,+16.959, +8.866,+0.998
1636452540,+3.42,+16.967, +8.869,+0.998
1636452600,+3.42,+16.950, +8.887,+0.998
1636452660,+3.42,+16.899, +8.795,+0.998
1636452720,+3.42,+16.882, +8.711,+0.998
1636452780,+3.42,+16.882, +8.726,+0.998
1636452840,+3.42,+16.857, +8.748,+0.998
1636452900,+3.42,+16.831, +8.722,+0.997
1636452960,+3.42,+16.823, +8.744,+0.998
1636453020,+3.42,+16.789, +8.731,+0.998
1636453080,+3.42,+16.780, +8.755,+0.997
1636453140,+3.42,+16.772, +8.762,+0.997
1636453200,+3.41,+16.747, +8.704,+0.997
1636453260,+3.42,+16.755, +8.653,+0.997
1636453320,+3.42,+16.755, +8.619,+0.997
1636453380,+3.42,+16.738, +8.634,+0.997
1636453440,+3.42,+16.747, +8.631,+0.997
1636453500,+3.41,+16.747, +8.606,+0.997
1636453560,+3.42,+16.747, +8.593,+0.997
1636453620,+3.42,+16.738, +8.595,+0.997
1636453680,+3.42,+16.730, +8.583,+0.997
1636453740,+3.42,+16.721, +8.547,+0.997
1636453800,+3.42,+16.713, +8.523,+0.997
1636453860,+3.42,+16.687, +8.502,+0.997
1636453920,+3.42,+16.670, +8.503,+0.996
1636453980,+3.42,+16.678, +8.501,+0.996
1636454040,+3.42,+16.678, +8.501,+0.997
1636454100,+3.42,+16.670, +8.501,+0.996
1636454160,+3.42,+16.695, +8.539,+0.997
1636454220,+3.42,+16.704, +8.590,+0.997
1636454280,+3.42,+16.738, +8.604,+0.997
1636454340,+3.42,+16.747, +8.635,+0.998
1636454400,+3.41,+16.764, +8.647,+0.997
1636454460,+3.42,+16.789, +8.646,+0.997
1636454520,+3.42,+16.789, +8.655,+0.998
1636454580,+3.42,+16.797, +8.660,+0.997
1636454640,+3.42,+16.806, +8.646,+0.997
1636454700,+3.42,+16.806, +8.607,+0.997
1636454760,+3.42,+16.772, +8.567,+0.997
1636454820,+3.42,+16.730, +8.488,+0.996
1636454880,+3.42,+16.713, +8.466,+0.997
1636454940,+3.42,+16.687, +8.447,+0.996
1636455000,+3.42,+16.661, +8.449,+0.996
1636455060,+3.42,+16.653, +8.437,+0.996
1636455120,+3.42,+16.636, +8.456,+0.997
1636455180,+3.42,+16.653, +8.457,+0.996
1636455240,+3.42,+16.636, +8.451,+0.996
1636455300,+3.42,+16.636, +8.477,+0.996
1636455360,+3.42,+16.653, +8.514,+0.997
1636455420,+3.42,+16.653, +8.547,+0.997
1636455480,+3.42,+16.687, +8.602,+0.997
1636455540,+3.42,+16.713, +8.599,+0.997
1636455600,+3.42,+16.721, +8.627,+0.997
1636455660,+3.42,+16.780, +8.711,+0.997
1636455720,+3.42,+16.814, +8.823,+0.998
1636455780,+3.42,+16.840, +8.858,+0.998
1636455840,+3.42,+16.831, +8.936,+0.998
1636455900,+3.42,+16.848, +8.942,+0.998
1636455960,+3.42,+16.865, +8.959,+0.998
1636456020,+3.42,+16.857, +8.959,+0.998
1636456080,+3.42,+16.840, +8.936,+0.998
1636456140,+3.42,+16.840, +8.877,+0.998
1636456200,+3.42,+16.789, +8.738,+0.998
1636456260,+3.42,+16.797, +8.627,+0.997
1636456320,+3.42,+16.764, +8.575,+0.997
1636456380,+3.42,+16.764, +8.586,+0.997
1636456440,+3.42,+16.747, +8.617,+0.997
1636456500,+3.42,+16.730, +8.601,+0.997
1636456560,+3.42,+16.747, +8.586,+0.997
1636456620,+3.42,+16.721, +8.565,+0.997
1636456680,+3.42,+16.713, +8.530,+0.997
1636456740,+3.42,+16.730, +8.530,+0.997
1636456800,+3.42,+16.721, +8.540,+0.997
1636456860,+3.42,+16.730, +8.645,+0.998
1636456920,+3.42,+16.747, +8.672,+0.997
1636456980,+3.42,+16.755, +8.676,+0.998
1636457040,+3.41,+16.764, +8.656,+0.997
1636457100,+3.42,+16.772, +8.658,+0.997
1636457160,+3.42,+16.764, +8.706,+0.997
1636457220,+3.42,+16.772, +8.700,+0.998
1636457280,+3.41,+16.764, +8.670,+0.998
1636457340,+3.41,+16.755, +8.660,+0.997
1636457400,+3.42,+16.764, +8.683,+0.997
1636457460,+3.42,+16.764, +8.717,+0.997
1636457520,+3.41,+16.772, +8.736,+0.998
1636457580,+3.42,+16.772, +8.762,+0.997
1636457640,+3.42,+16.780, +8.788,+0.998
1636457700,+3.42,+16.780, +8.801,+0.998
1636457760,+3.41,+16.764, +8.818,+0.998
1636457820,+3.42,+16.797, +8.740,+0.998
1636457880,+3.42,+16.797, +8.672,+0.997
1636457940,+3.42,+16.797, +8.666,+0.998
1636458000,+3.42,+16.806, +8.689,+0.997
1636458060,+3.42,+16.806, +8.720,+0.998
1636458120,+3.42,+16.780, +8.742,+0.997
1636458180,+3.42,+16.772, +8.689,+0.997
1636458240,+3.42,+16.789, +8.668,+0.998
1636458300,+3.42,+16.780, +8.661,+0.997
1636458360,+3.42,+16.764, +8.665,+0.998
1636458420,+3.42,+16.755, +8.680,+0.998
1636458480,+3.41,+16.755, +8.665,+0.998
1636458540,+3.42,+16.747, +8.676,+0.997
1636458600,+3.41,+16.747, +8.677,+0.997
1636458660,+3.42,+16.764, +8.677,+0.997
1636458720,+3.41,+16.764, +8.708,+0.998
1636458780,+3.41,+16.772, +8.762,+0.998
1636458840,+3.42,+16.780, +8.809,+0.998
1636458900,+3.42,+16.789, +8.837,+0.998
1636458960,+3.42,+16.780, +8.835,+0.998
1636459020,+3.42,+16.789, +8.806,+0.997
1636459080,+3.42,+16.772, +8.798,+0.998
1636459140,+3.42,+16.780, +8.787,+0.998
1636459200,+3.42,+16.772, +8.791,+0.998
1636459260,+3.41,+16.764, +8.764,+0.998
1636459320,+3.41,+16.780, +8.750,+0.998
1636459380,+3.41,+16.789, +8.797,+0.998
1636459440,+3.42,+16.789, +8.802,+0.997
1636459500,+3.42,+16.772, +8.824,+0.998
1636459560,+3.42,+16.764, +8.795,+0.997
1636459620,+3.42,+16.772, +8.708,+0.998
1636459680,+3.42,+16.772, +8.692,+0.998
1636459740,+3.42,+16.755, +8.691,+0.998
1636459800,+3.42,+16.780, +8.661,+0.998
1636459860,+3.42,+16.755, +8.666,+0.998
1636459920,+3.41,+16.764, +8.647,+0.998
1636459980,+3.42,+16.780, +8.623,+0.997
1636460040,+3.42,+16.772, +8.653,+0.998
1636460100,+3.42,+16.789, +8.648,+0.998
1636460160,+3.42,+16.789, +8.641,+0.998
1636460220,+3.42,+16.780, +8.671,+0.997
1636460280,+3.42,+16.772, +8.700,+0.997
1636460340,+3.42,+16.789, +8.695,+0.998
1636460400,+3.42,+16.789, +8.699,+0.998
1636460460,+3.42,+16.797, +8.663,+0.998
1636460520,+3.42,+16.797, +8.610,+0.997
1636460580,+3.42,+16.806, +8.591,+0.997
1636460640,+3.42,+16.806, +8.589,+0.997
1636460700,+3.42,+16.806, +8.596,+0.998
1636460760,+3.42,+16.814, +8.630,+0.998
1636460820,+3.42,+16.797, +8.638,+0.997
1636460880,+3.42,+16.814, +8.640,+0.997
1636460940,+3.42,+16.806, +8.648,+0.997
1636461000,+3.42,+16.806, +8.618,+0.997
1636461060,+3.42,+16.806, +8.653,+0.998
1636461120,+3.42,+16.797, +8.675,+0.998
1636461180,+3.42,+16.806, +8.712,+0.998
1636461240,+3.42,+16.806, +8.730,+0.997
1636461300,+3.42,+16.797, +8.757,+0.997
1636461360,+3.42,+16.797, +8.767,+0.997
1636461420,+3.42,+16.797, +8.761,+0.998
1636461480,+3.42,+16.806, +8.718,+0.997
1636461540,+3.42,+16.789, +8.716,+0.997
1636461600,+3.42,+16.814, +8.716,+0.998
1636461660,+3.42,+16.806, +8.691,+0.997
1636461720,+3.42,+16.797, +8.667,+0.998
1636461780,+3.42,+16.806, +8.630,+0.997
1636461840,+3.42,+16.797, +8.601,+0.997
1636461900,+3.42,+16.772, +8.665,+0.998
1636461960,+3.42,+16.780, +8.677,+0.997
1636462020,+3.42,+16.780, +8.702,+0.998
1636462080,+3.42,+16.789, +8.705,+0.998
1636462140,+3.42,+16.797, +8.712,+0.998
1636462200,+3.42,+16.772, +8.766,+0.998
1636462260,+3.42,+16.797, +8.774,+0.998
1636462320,+3.42,+16.789, +8.795,+0.998
1636462380,+3.42,+16.780, +8.805,+0.998
1636462440,+3.42,+16.789, +8.798,+0.998
1636462500,+3.42,+16.772, +8.810,+0.998
1636462560,+3.42,+16.789, +8.786,+0.998
1636462620,+3.42,+16.780, +8.755,+0.998
1636462680,+3.42,+16.772, +8.748,+0.997
1636462740,+3.41,+16.789, +8.732,+0.998
1636462800,+3.42,+16.764, +8.701,+0.998
1636462860,+3.42,+16.789, +8.631,+0.997
1636462920,+3.42,+16.747, +8.620,+0.997
1636462980,+3.42,+16.764, +8.603,+0.997
1636463040,+3.42,+16.755, +8.619,+0.997
1636463100,+3.41,+16.764, +8.641,+0.998
1636463160,+3.42,+16.772, +8.637,+0.997
1636463220,+3.41,+16.772, +8.631,+0.997
1636463280,+3.42,+16.764, +8.651,+0.998
1636463340,+3.41,+16.755, +8.686,+0.998
1636463400,+3.42,+16.789, +8.674,+0.998
1636463460,+3.41,+16.772, +8.705,+0.998
1636463520,+3.42,+16.772, +8.711,+0.998
1636463580,+3.42,+16.780, +8.682,+0.998
1636463640,+3.42,+16.772, +8.676,+0.998
1636463700,+3.42,+16.755, +8.681,+0.998
1636463760,+3.42,+16.772, +8.689,+0.998
1636463820,+3.42,+16.764, +8.706,+0.998
1636463880,+3.41,+16.780, +8.703,+0.998
1636463940,+3.41,+16.772, +8.697,+0.997
1636464000,+3.41,+16.780, +8.703,+0.998
1636464060,+3.42,+16.764, +8.699,+0.998
1636464120,+3.41,+16.772, +8.690,+0.998
1636464180,+3.42,+16.755, +8.698,+0.998
1636464240,+3.42,+16.772, +8.676,+0.997
1636464300,+3.41,+16.764, +8.708,+0.998
1636464360,+3.42,+16.755, +8.726,+0.998
1636464420,+3.41,+16.764, +8.699,+0.997
1636464480,+3.41,+16.772, +8.732,+0.998
1636464540,+3.42,+16.755, +8.763,+0.998
1636464600,+3.42,+16.764, +8.737,+0.997
1636464660,+3.42,+16.747, +8.702,+0.998
1636464720,+3.42,+16.755, +8.692,+0.998
1636464780,+3.42,+16.764, +8.719,+0.998
1636464840,+3.42,+16.764, +8.742,+0.998
1636464900,+3.42,+16.755, +8.748,+0.998
1636464960,+3.42,+16.755, +8.741,+0.998
1636465020,+3.42,+16.764, +8.724,+0.998
1636465080,+3.41,+16.747, +8.695,+0.998
1636465140,+3.41,+16.747, +8.703,+0.998
1636465200,+3.42,+16.738, +8.683,+0.998
1636465260,+3.41,+16.738, +8.662,+0.997
1636465320,+3.41,+16.747, +8.671,+0.997
1636465380,+3.42,+16.747, +8.675,+0.997
1636465440,+3.41,+16.747, +8.675,+0.998
1636465500,+3.42,+16.764, +8.672,+0.997
1636465560,+3.41,+16.738, +8.691,+0.997
1636465620,+3.42,+16.755, +8.728,+0.997
1636465680,+3.42,+16.755, +8.707,+0.997
1636465740,+3.42,+16.755, +8.722,+0.998
1636465800,+3.42,+16.747, +8.747,+0.998
1636465860,+3.42,+16.747, +8.771,+0.998
1636465920,+3.42,+16.755, +8.742,+0.997
1636465980,+3.42,+16.738, +8.728,+0.997
1636466040,+3.41,+16.730, +8.715,+0.998
1636466100,+3.42,+16.738, +8.724,+0.998
1636466160,+3.41,+16.730, +8.726,+0.997
1636466220,+3.42,+16.747, +8.734,+0.998
1636466280,+3.42,+16.730, +8.753,+0.998
1636466340,+3.42,+16.738, +8.782,+0.998
1636466400,+3.42,+16.730, +8.797,+0.998
1636466460,+3.42,+16.738, +8.804,+0.998
1636466520,+3.41,+16.755, +8.797,+0.998
1636466580,+3.41,+16.755, +8.790,+0.998
1636466640,+3.41,+16.747, +8.804,+0.998
1636466700,+3.42,+16.738, +8.791,+0.998
1636466760,+3.41,+16.747, +8.751,+0.997
1636466820,+3.41,+16.738, +8.736,+0.998
1636466880,+3.41,+16.730, +8.712,+0.998
1636466940,+3.41,+16.755, +8.695,+0.998
1636467000,+3.41,+16.730, +8.695,+0.997
1636467060,+3.42,+16.738, +8.679,+0.997
1636467120,+3.41,+16.738, +8.685,+0.997
1636467180,+3.41,+16.730, +8.683,+0.997
1636467240,+3.42,+16.721, +8.679,+0.997
1636467300,+3.41,+16.730, +8.664,+0.997
1636467360,+3.42,+16.747, +8.670,+0.997
1636467420,+3.41,+16.730, +8.652,+0.997
1636467480,+3.42,+16.721, +8.641,+0.997
1636467540,+3.42,+16.730, +8.648,+0.997
1636467600,+3.41,+16.721, +8.642,+0.998
1636467660,+3.42,+16.730, +8.674,+0.998
1636467720,+3.42,+16.730, +8.644,+0.997
1636467780,+3.41,+16.721, +8.646,+0.997
1636467840,+3.42,+16.721, +8.643,+0.997
1636467900,+3.41,+16.713, +8.654,+0.997
1636467960,+3.42,+16.721, +8.656,+0.997
1636468020,+3.41,+16.747, +8.671,+0.997
1636468080,+3.41,+16.730, +8.661,+0.997
1636468140,+3.41,+16.738, +8.631,+0.997
1636468200,+3.41,+16.730, +8.639,+0.997
1636468260,+3.41,+16.730, +8.654,+0.998
1636468320,+3.42,+16.721, +8.685,+0.998
1636468380,+3.42,+16.755, +8.669,+0.998
1636468440,+3.41,+16.730, +8.693,+0.998
1636468500,+3.41,+16.755, +8.687,+0.997
1636468560,+3.42,+16.755, +8.693,+0.998
1636468620,+3.41,+16.747, +8.693,+0.997
1636468680,+3.41,+16.747, +8.695,+0.997
1636468740,+3.41,+16.764, +8.681,+0.997
1636468800,+3.42,+16.747, +8.676,+0.997
1636468860,+3.41,+16.764, +8.672,+0.997
1636468920,+3.41,+16.764, +8.637,+0.997
1636468980,+3.41,+16.764, +8.657,+0.998
1636469040,+3.42,+16.780, +8.645,+0.997
1636469100,+3.42,+16.730, +8.651,+0.997
1636469160,+3.41,+16.747, +8.638,+0.997
1636469220,+3.42,+16.747, +8.661,+0.998
1636469280,+3.41,+16.755, +8.660,+0.997
1636469340,+3.41,+16.764, +8.648,+0.997
1636469400,+3.41,+16.755, +8.654,+0.997
1636469460,+3.41,+16.755, +8.665,+0.997
1636469520,+3.41,+16.755, +8.691,+0.998
1636469580,+3.41,+16.772, +8.708,+0.997
1636469640,+3.41,+16.764, +8.729,+0.998
1636469700,+3.41,+16.764, +8.735,+0.998
1636469760,+3.42,+16.780, +8.739,+0.998
1636469820,+3.42,+16.789, +8.740,+0.998
1636469880,+3.41,+16.772, +8.727,+0.997
1636469940,+3.41,+16.772, +8.710,+0.998
1636470000,+3.41,+16.780, +8.721,+0.997
1636470060,+3.42,+16.780, +8.740,+0.997
1636470120,+3.42,+16.780, +8.758,+0.998
1636470180,+3.42,+16.764, +8.761,+0.998
1636470240,+3.42,+16.780, +8.753,+0.998
1636470300,+3.42,+16.772, +8.755,+0.998
1636470360,+3.42,+16.789, +8.742,+0.998
1636470420,+3.42,+16.772, +8.767,+0.998
1636470480,+3.41,+16.789, +8.762,+0.998
1636470540,+3.41,+16.780, +8.749,+0.997
1636470600,+3.42,+16.789, +8.744,+0.998
1636470660,+3.42,+16.797, +8.731,+0.997
1636470720,+3.42,+16.797, +8.748,+0.997
1636470780,+3.42,+16.780, +8.774,+0.998
1636470840,+3.42,+16.797, +8.768,+0.998
1636470900,+3.42,+16.797, +8.787,+0.998
1636470960,+3.42,+16.797, +8.782,+0.998
1636471020,+3.42,+16.789, +8.768,+0.997
1636471080,+3.42,+16.814, +8.753,+0.998
1636471140,+3.42,+16.814, +8.749,+0.998
1636471200,+3.42,+16.814, +8.773,+0.998
1636471260,+3.42,+16.806, +8.787,+0.998
1636471320,+3.42,+16.814, +8.765,+0.997
1636471380,+3.42,+16.823, +8.764,+0.998
1636471440,+3.42,+16.806, +8.756,+0.997
1636471500,+3.42,+16.823, +8.768,+0.998
1636471560,+3.42,+16.806, +8.766,+0.997
1636471620,+3.42,+16.823, +8.768,+0.998
1636471680,+3.42,+16.814, +8.782,+0.998
1636471740,+3.42,+16.806, +8.774,+0.998
1636471800,+3.42,+16.823, +8.765,+0.997
1636471860,+3.42,+16.797, +8.775,+0.997
1636471920,+3.42,+16.814, +8.779,+0.998
1636471980,+3.42,+16.840, +8.774,+0.998
1636472040,+3.42,+16.823, +8.788,+0.998
1636472100,+3.42,+16.814, +8.782,+0.997
1636472160,+3.42,+16.823, +8.785,+0.997
1636472220,+3.42,+16.823, +8.792,+0.998
1636472280,+3.42,+16.840, +8.802,+0.998
1636472340,+3.42,+16.823, +8.807,+0.998
1636472400,+3.42,+16.823, +8.795,+0.997
1636472460,+3.42,+16.831, +8.808,+0.998
1636472520,+3.42,+16.831, +8.799,+0.997
1636472580,+3.42,+16.831, +8.808,+0.998
1636472640,+3.42,+16.857, +8.804,+0.998
1636472700,+3.42,+16.857, +8.814,+0.998
1636472760,+3.42,+16.848, +8.806,+0.997
1636472820,+3.42,+16.840, +8.812,+0.998
1636472880,+3.42,+16.857, +8.807,+0.998
1636472940,+3.42,+16.848, +8.803,+0.997
1636473000,+3.42,+16.857, +8.798,+0.998
1636473060,+3.42,+16.857, +8.751,+0.998
1636473120,+3.42,+16.848, +8.737,+0.998
1636473180,+3.42,+16.840, +8.720,+0.998
1636473240,+3.42,+16.806, +8.619,+0.997
1636473300,+3.42,+16.814, +8.573,+0.997
1636473360,+3.42,+16.772, +8.454,+0.997
1636473420,+3.41,+16.747, +8.460,+0.996
1636473480,+3.42,+16.738, +8.462,+0.997
1636473540,+3.41,+16.730, +8.475,+0.997
1636473600,+3.42,+16.755, +8.495,+0.997
1636473660,+3.42,+16.747, +8.527,+0.997
1636473720,+3.41,+16.772, +8.551,+0.997
1636473780,+3.41,+16.772, +8.505,+0.997
1636473840,+3.41,+16.730, +8.461,+0.997
1636473900,+3.42,+16.738, +8.458,+0.997
1636473960,+3.41,+16.730, +8.466,+0.997
1636474020,+3.41,+16.738, +8.513,+0.997
1636474080,+3.41,+16.772, +8.575,+0.997
1636474140,+3.41,+16.755, +8.581,+0.998
1636474200,+3.42,+16.789, +8.694,+0.998
1636474260,+3.42,+16.831, +8.724,+0.997
1636474320,+3.42,+16.840, +8.758,+0.998
1636474380,+3.41,+16.780, +8.543,+0.997
1636474440,+3.41,+16.764, +8.473,+0.998
1636474500,+3.41,+16.730, +8.434,+0.997
1636474560,+3.41,+16.721, +8.443,+0.997
1636474620,+3.41,+16.713, +8.444,+0.997
1636474680,+3.42,+16.730, +8.558,+0.997
1636474740,+3.42,+16.730, +8.510,+0.997
1636474800,+3.41,+16.780, +8.663,+0.998
1636474860,+3.42,+16.823, +8.789,+0.998
1636474920,+3.42,+16.874, +8.823,+0.998
1636474980,+3.42,+16.908, +8.862,+0.998
1636475040,+3.42,+16.908, +8.856,+0.998
1636475100,+3.42,+16.933, +8.870,+0.998
1636475160,+3.42,+16.916, +8.868,+0.998
1636475220,+3.42,+16.942, +8.873,+0.998
1636475280,+3.42,+16.950, +8.907,+0.998
1636475340,+3.42,+16.959, +8.902,+0.998
1636475400,+3.42,+16.959, +8.913,+0.998
1636475460,+3.42,+16.967, +8.926,+0.998
1636475520,+3.42,+16.967, +8.944,+0.998
1636475580,+3.42,+16.976, +8.961,+0.998
1636475640,+3.42,+16.984, +8.993,+0.998
1636475700,+3.42,+17.001, +8.985,+0.998
1636475760,+3.42,+17.018, +8.991,+0.998
1636475820,+3.42,+17.010, +8.979,+0.998
1636475880,+3.42,+17.018, +8.989,+0.998
1636475940,+3.42,+17.018, +8.998,+0.998
1636476000,+3.42,+17.035, +8.998,+0.998
1636476060,+3.42,+17.027, +9.000,+0.998
1636476120,+3.42,+17.052, +8.978,+0.997
1636476180,+3.42,+17.052, +8.990,+0.998
1636476240,+3.42,+17.035, +8.984,+0.998
1636476300,+3.42,+17.069, +8.977,+0.998
1636476360,+3.42,+17.044, +8.995,+0.998
1636476420,+3.42,+17.052, +8.985,+0.998
1636476480,+3.42,+17.061, +8.989,+0.998
1636476540,+3.42,+17.052, +8.994,+0.998
1636476600,+3.42,+17.044, +9.007,+0.998
1636476660,+3.42,+17.069, +9.000,+0.998
1636476720,+3.42,+17.061, +9.021,+0.999
1636476780,+3.42,+17.052, +8.980,+0.998
1636476840,+3.42,+17.052, +8.975,+0.998
1636476900,+3.42,+17.027, +8.956,+0.998
1636476960,+3.42,+17.001, +8.887,+0.998
1636477020,+3.42,+16.984, +8.818,+0.998
1636477080,+3.42,+16.942, +8.740,+0.997
1636477140,+3.42,+16.933, +8.742,+0.997
1636477200,+3.42,+16.899, +8.695,+0.997
1636477260,+3.42,+16.891, +8.710,+0.997
1636477320,+3.42,+16.908, +8.722,+0.997
1636477380,+3.42,+16.882, +8.739,+0.998
1636477440,+3.42,+16.891, +8.697,+0.997
1636477500,+3.42,+16.848, +8.696,+0.997
1636477560,+3.42,+16.840, +8.701,+0.998
1636477620,+3.42,+16.831, +8.710,+0.997
1636477680,+3.42,+16.848, +8.727,+0.997
1636477740,+3.42,+16.840, +8.726,+0.998
1636477800,+3.42,+16.814, +8.675,+0.997
1636477860,+3.42,+16.806, +8.733,+0.998
1636477920,+3.42,+16.831, +8.743,+0.997
1636477980,+3.42,+16.814, +8.738,+0.997
1636478040,+3.42,+16.814, +8.731,+0.998
1636478100,+3.42,+16.797, +8.746,+0.997
1636478160,+3.42,+16.831, +8.768,+0.998
1636478220,+3.42,+16.823, +8.733,+0.997
1636478280,+3.42,+16.823, +8.744,+0.998
1636478340,+3.42,+16.848, +8.782,+0.998
1636478400,+3.42,+16.891, +8.853,+0.998
1636478460,+3.42,+16.925, +8.889,+0.998
1636478520,+3.42,+16.950, +8.917,+0.998
1636478580,+3.42,+16.959, +8.905,+0.998
1636478640,+3.42,+16.993, +8.946,+0.998
1636478700,+3.42,+17.001, +8.957,+0.998
1636478760,+3.42,+17.044, +8.974,+0.998
1636478820,+3.42,+17.044, +8.949,+0.997
1636478880,+3.42,+17.044, +8.936,+0.998
1636478940,+3.42,+17.052, +8.923,+0.998
1636479000,+3.42,+17.044, +8.926,+0.998
1636479060,+3.42,+17.018, +8.846,+0.998
1636479120,+3.42,+16.959, +8.825,+0.998
1636479180,+3.42,+16.950, +8.804,+0.997
1636479240,+3.42,+16.967, +8.873,+0.998
1636479300,+3.42,+17.010, +8.892,+0.998
1636479360,+3.42,+17.086, +9.009,+0.998
1636479420,+3.42,+17.145, +9.085,+0.999
1636479480,+3.42,+17.196, +9.117,+0.998
1636479540,+3.42,+17.222, +9.137,+0.998
1636479600,+3.42,+17.281, +9.133,+0.999
1636479660,+3.42,+17.290, +9.146,+0.999
1636479720,+3.42,+17.315, +9.149,+0.999
1636479780,+3.42,+17.315, +9.154,+0.999
1636479840,+3.42,+17.323, +9.145,+0.998
1636479900,+3.42,+17.349, +9.142,+0.998
1636479960,+3.42,+17.340, +9.135,+0.998
1636480020,+3.42,+17.357, +9.123,+0.999
1636480080,+3.42,+17.366, +9.116,+0.999
1636480140,+3.42,+17.383, +9.124,+0.998
1636480200,+3.42,+17.391, +9.145,+0.998
1636480260,+3.42,+17.391, +9.132,+0.998
1636480320,+3.42,+17.391, +9.113,+0.998
1636480380,+3.42,+17.400, +9.109,+0.998
1636480440,+3.42,+17.400, +9.123,+0.999
1636480500,+3.42,+17.391, +9.128,+0.999
1636480560,+3.42,+17.383, +9.112,+0.999
1636480620,+3.42,+17.400, +9.089,+0.998
1636480680,+3.42,+17.417, +9.086,+0.998
1636480740,+3.42,+17.425, +9.132,+0.999
1636480800,+3.42,+17.425, +9.153,+0.999
1636480860,+3.42,+17.417, +9.137,+0.999
1636480920,+3.42,+17.425, +9.122,+0.998
1636480980,+3.42,+17.417, +9.139,+0.999
1636481040,+3.42,+17.400, +9.145,+0.998
1636481100,+3.42,+17.408, +9.115,+0.998
1636481160,+3.42,+17.383, +9.092,+0.998
1636481220,+3.42,+17.349, +9.087,+0.998
1636481280,+3.42,+17.366, +9.073,+0.998
1636481340,+3.42,+17.349, +9.060,+0.998
1636481400,+3.42,+17.366, +9.058,+0.998
1636481460,+3.42,+17.357, +9.069,+0.998
1636481520,+3.42,+17.366, +9.084,+0.999
1636481580,+3.42,+17.366, +9.075,+0.998
1636481640,+3.42,+17.357, +9.062,+0.998
1636481700,+3.42,+17.357, +9.048,+0.998
1636481760,+3.42,+17.332, +9.033,+0.998
1636481820,+3.42,+17.306, +9.042,+0.999
1636481880,+3.42,+17.290, +9.045,+0.998
1636481940,+3.42,+17.264, +9.000,+0.998
1636482000,+3.42,+17.239, +8.978,+0.998
1636482060,+3.42,+17.205, +8.993,+0.998
1636482120,+3.42,+17.120, +8.922,+0.997
1636482180,+3.42,+17.095, +8.889,+0.997
1636482240,+3.42,+17.035, +8.848,+0.997
1636482300,+3.42,+16.967, +8.833,+0.997
1636482360,+3.42,+16.942, +8.838,+0.998
1636482420,+3.42,+16.925, +8.850,+0.998
1636482480,+3.42,+16.950, +8.850,+0.997
1636482540,+3.42,+16.942, +8.859,+0.998
1636482600,+3.42,+16.916, +8.810,+0.997
1636482660,+3.42,+16.882, +8.725,+0.997
1636482720,+3.42,+16.865, +8.718,+0.997
1636482780,+3.42,+16.857, +8.693,+0.997
1636482840,+3.42,+16.806, +8.693,+0.997
1636482900,+3.42,+16.814, +8.657,+0.997
1636482960,+3.42,+16.814, +8.662,+0.997
1636483020,+3.42,+16.848, +8.758,+0.998
1636483080,+3.42,+16.882, +8.805,+0.997
1636483140,+3.42,+16.857, +8.740,+0.997
1636483200,+3.42,+16.857, +8.738,+0.997
1636483260,+3.42,+16.865, +8.793,+0.997
1636483320,+3.42,+16.950, +8.862,+0.997
1636483380,+3.42,+17.010, +8.902,+0.998
1636483440,+3.42,+17.044, +8.909,+0.998
1636483500,+3.42,+17.044, +8.903,+0.998
1636483560,+3.42,+17.035, +8.911,+0.998
1636483620,+3.42,+17.044, +8.892,+0.998
1636483680,+3.42,+17.044, +8.885,+0.998
1636483740,+3.42,+17.044, +8.888,+0.998
1636483800,+3.42,+17.078, +8.892,+0.998
1636483860,+3.42,+17.145, +8.956,+0.998
1636483920,+3.42,+17.239, +8.953,+0.998
1636483980,+3.42,+17.188, +8.877,+0.997
1636484040,+3.42,+17.222, +9.012,+0.998
1636484100,+3.42,+17.366, +9.169,+0.998
1636484160,+3.42,+17.484, +9.165,+0.998
1636484220,+3.42,+17.476, +9.115,+0.998
1636484280,+3.42,+17.501, +9.106,+0.998
1636484340,+3.42,+17.476, +9.082,+0.999
1636484400,+3.42,+17.527, +9.153,+0.998
1636484460,+3.41,+17.577, +9.169,+0.999
1636484520,+3.41,+17.611, +9.177,+0.999
1636484580,+3.41,+17.636, +9.200,+0.999
1636484640,+3.41,+17.662, +9.206,+0.998
1636484700,+3.41,+17.670, +9.207,+0.999
1636484760,+3.41,+17.670, +9.184,+0.998
1636484820,+3.41,+17.696, +9.211,+0.998
1636484880,+3.41,+17.713, +9.221,+0.999
1636484940,+3.41,+17.738, +9.245,+0.999
1636485000,+3.41,+17.746, +9.246,+0.999
1636485060,+3.41,+17.746, +9.220,+0.999
1636485120,+3.42,+17.620, +9.138,+0.999
1636485180,+3.42,+17.543, +9.101,+0.998
1636485240,+3.42,+17.569, +9.123,+0.999
1636485300,+3.42,+17.543, +9.089,+0.998
1636485360,+3.42,+17.450, +9.011,+0.998
1636485420,+3.42,+17.374, +4.553,+0.890
1636485480,+3.42,+17.357, +3.566,+0.928
1636485540,+3.42,+17.323, +3.516,+0.934
1636485600,+3.42,+17.162, +3.592,+0.940
1636485660,+3.42,+17.171, +3.639,+0.944
1636485720,+3.42,+17.162, +3.730,+0.946
1636485780,+3.42,+17.145, +3.892,+0.948
1636485840,+3.42,+17.086, +4.015,+0.951
1636485900,+3.42,+17.086, +4.126,+0.954
1636485960,+3.42,+17.078, +4.236,+0.956
1636486020,+3.42,+17.078, +4.341,+0.959
1636486080,+3.42,+17.027, +4.457,+0.961
1636486140,+3.42,+16.984, +4.574,+0.964
1636486200,+3.42,+16.993, +4.692,+0.966
1636486260,+3.42,+16.984, +4.815,+0.968
1636486320,+3.42,+16.950, +4.926,+0.969
1636486380,+3.42,+16.959, +5.022,+0.971
1636486440,+3.42,+16.942, +5.128,+0.973
1636486500,+3.42,+16.942, +5.227,+0.975
1636486560,+3.42,+16.916, +5.327,+0.976
1636486620,+3.42,+16.891, +5.447,+0.977
1636486680,+3.42,+16.882, +5.547,+0.977
1636486740,+3.42,+16.865, +5.661,+0.979
1636486800,+3.42,+16.831, +5.807,+0.980
1636486860,+3.42,+16.857, +5.932,+0.981
1636486920,+3.42,+16.840, +6.064,+0.982
1636486980,+3.42,+16.823, +6.189,+0.984
1636487040,+3.42,+16.831, +6.348,+0.984
1636487100,+3.42,+16.848, +6.493,+0.986
1636487160,+3.42,+16.848, +6.628,+0.986
1636487220,+3.42,+16.865, +6.730,+0.988
1636487280,+3.42,+16.865, +6.824,+0.988
1636487340,+3.42,+16.865, +6.926,+0.989
1636487400,+3.42,+16.882, +7.016,+0.990
1636487460,+3.42,+16.891, +7.089,+0.991
1636487520,+3.42,+16.891, +7.158,+0.991
1636487580,+3.42,+16.916, +7.220,+0.992
1636487640,+3.42,+16.942, +7.299,+0.993
1636487700,+3.42,+16.959, +7.365,+0.993
1636487760,+3.42,+16.959, +7.447,+0.993
1636487820,+3.42,+16.993, +7.515,+0.994
1636487880,+3.42,+17.010, +7.566,+0.994
1636487940,+3.42,+17.027, +7.625,+0.995
1636488000,+3.42,+17.035, +7.692,+0.995
1636488060,+3.42,+17.035, +7.736,+0.995
1636488120,+3.42,+17.069, +7.790,+0.995
1636488180,+3.42,+17.086, +7.855,+0.996
1636488240,+3.42,+17.069, +7.897,+0.996
1636488300,+3.42,+17.095, +7.926,+0.996
1636488360,+3.42,+17.086, +7.963,+0.996
1636488420,+3.42,+17.095, +7.983,+0.996
1636488480,+3.42,+17.137, +8.013,+0.997
1636488540,+3.42,+17.137, +8.026,+0.997
1636488600,+3.42,+17.145, +8.056,+0.998
1636488660,+3.42,+17.154, +8.084,+0.997
1636488720,+3.42,+17.196, +8.111,+0.997
1636488780,+3.42,+17.188, +8.135,+0.997
1636488840,+3.42,+17.171, +8.174,+0.997
1636488900,+3.42,+17.171, +8.195,+0.998
1636488960,+3.42,+17.196, +8.216,+0.998
1636489020,+3.42,+17.196, +8.245,+0.998
1636489080,+3.42,+17.188, +8.287,+0.998
1636489140,+3.42,+17.188, +8.322,+0.998
1636489200,+3.42,+17.205, +8.327,+0.997
1636489260,+3.42,+17.205, +8.353,+0.998
1636489320,+3.42,+17.188, +8.380,+0.998
1636489380,+3.42,+17.137, +8.374,+0.998
1636489440,+3.42,+17.061, +8.288,+0.999
1636489500,+3.42,+17.010, +8.287,+0.998
1636489560,+3.42,+17.061, +8.436,+0.998
1636489620,+3.42,+17.103, +8.501,+0.998
