7450-720098
OS REV: 1.05 Sensor Cal: 1615484591
Time (sec),  BV (Volts),  T (deg C),  DO (mg/l),  Q ()
1636316880,+3.42,+15.911, +8.811,+0.997
1636316940,+3.42,+15.885, +8.794,+0.997
1636317000,+3.42,+15.851, +8.777,+0.997
1636317060,+3.42,+15.817, +8.767,+0.997
1636317120,+3.42,+15.817, +8.801,+0.996
1636317180,+3.42,+15.843, +8.834,+0.996
1636317240,+3.42,+15.826, +8.871,+0.997
1636317300,+3.42,+15.817, +8.860,+0.997
1636317360,+3.42,+15.834, +8.855,+0.996
1636317420,+3.42,+15.834, +8.896,+0.997
1636317480,+3.42,+15.826, +8.889,+0.997
1636317540,+3.42,+15.826, +8.874,+0.997
1636317600,+3.42,+15.817, +8.873,+0.997
1636317660,+3.42,+15.817, +8.870,+0.996
1636317720,+3.42,+15.791, +8.868,+0.996
1636317780,+3.42,+15.800, +8.869,+0.996
1636317840,+3.42,+15.791, +8.872,+0.996
1636317900,+3.42,+15.774, +8.881,+0.997
1636317960,+3.42,+15.783, +8.853,+0.996
1636318020,+3.42,+15.783, +8.843,+0.996
1636318080,+3.42,+15.783, +8.861,+0.996
1636318140,+3.42,+15.774, +8.854,+0.996
1636318200,+3.42,+15.774, +8.844,+0.996
1636318260,+3.42,+15.766, +8.866,+0.997
1636318320,+3.42,+15.774, +8.883,+0.996
1636318380,+3.42,+15.766, +8.886,+0.997
1636318440,+3.42,+15.791, +8.902,+0.997
1636318500,+3.42,+15.800, +8.950,+0.996
1636318560,+3.42,+15.800, +8.968,+0.997
1636318620,+3.42,+15.817, +8.992,+0.997
1636318680,+3.42,+15.834, +8.973,+0.997
1636318740,+3.42,+15.826, +9.000,+0.997
1636318800,+3.42,+15.851, +9.690,+1.000
1636318860,+3.42,+16.082, +9.146,+0.997
1636318920,+3.42,+16.278, +9.585,+0.999
1636318980,+3.42,+16.278, +8.709,+0.995
1636319040,+3.42,+16.048, +8.107,+0.995
1636319100,+3.42,+16.150, +8.736,+0.996
1636319160,+3.42,+16.048, +8.369,+0.996
1636319220,+3.42,+16.116, +8.635,+0.996
1636319280,+3.42,+16.039, +8.584,+0.996
1636319340,+3.42,+16.116, +8.748,+0.996
1636319400,+3.42,+16.236, +8.945,+0.997
1636319460,+3.42,+16.449, +9.160,+0.997
1636319520,+3.42,+16.423, +9.027,+0.997
1636319580,+3.42,+16.364, +8.990,+0.997
1636319640,+3.42,+16.346, +8.969,+0.997
1636319700,+3.42,+16.244, +8.896,+0.996
1636319760,+3.42,+16.133, +8.830,+0.996
1636319820,+3.42,+16.065, +8.732,+0.996
1636319880,+3.42,+16.014, +8.693,+0.996
1636319940,+3.42,+15.971, +8.695,+0.996
1636320000,+3.42,+16.031, +8.706,+0.996
1636320060,+3.42,+16.005, +8.745,+0.996
1636320120,+3.42,+15.962, +8.653,+0.996
1636320180,+3.42,+15.945, +8.690,+0.996
1636320240,+3.42,+15.945, +8.804,+0.996
1636320300,+3.42,+15.945, +8.746,+0.996
1636320360,+3.42,+15.937, +8.554,+0.996
1636320420,+3.42,+15.945, +8.466,+0.996
1636320480,+3.42,+15.937, +8.444,+0.996
1636320540,+3.42,+15.928, +8.363,+0.995
1636320600,+3.42,+15.911, +8.406,+0.996
1636320660,+3.42,+15.911, +8.441,+0.996
1636320720,+3.42,+15.920, +8.417,+0.996
1636320780,+3.42,+15.937, +8.386,+0.996
1636320840,+3.42,+15.920, +8.374,+0.995
1636320900,+3.42,+15.945, +8.442,+0.996
1636320960,+3.42,+15.979, +8.535,+0.996
1636321020,+3.42,+15.962, +8.592,+0.996
1636321080,+3.42,+15.962, +8.578,+0.996
1636321140,+3.42,+15.962, +8.617,+0.996
1636321200,+3.42,+15.954, +8.637,+0.996
1636321260,+3.42,+15.928, +8.658,+0.996
1636321320,+3.42,+15.928, +8.583,+0.996
1636321380,+3.42,+15.920, +8.734,+0.996
1636321440,+3.42,+15.928, +8.758,+0.996
1636321500,+3.42,+15.920, +8.766,+0.996
1636321560,+3.42,+15.920, +8.839,+0.996
1636321620,+3.42,+15.920, +8.914,+0.997
1636321680,+3.42,+15.937, +8.897,+0.996
1636321740,+3.42,+15.937, +8.951,+0.997
1636321800,+3.42,+15.928, +9.008,+0.997
1636321860,+3.42,+15.945, +9.014,+0.996
1636321920,+3.42,+15.928, +9.029,+0.997
1636321980,+3.42,+15.962, +9.070,+0.997
1636322040,+3.42,+15.979, +9.120,+0.997
1636322100,+3.42,+15.962, +9.132,+0.996
1636322160,+3.42,+15.962, +9.039,+0.997
1636322220,+3.42,+15.945, +8.869,+0.996
1636322280,+3.42,+15.937, +8.813,+0.996
1636322340,+3.42,+15.911, +8.790,+0.996
1636322400,+3.42,+15.928, +8.814,+0.996
1636322460,+3.42,+15.920, +8.850,+0.997
1636322520,+3.42,+15.920, +8.933,+0.997
1636322580,+3.42,+15.911, +8.835,+0.996
1636322640,+3.42,+15.928, +8.815,+0.996
1636322700,+3.42,+15.928, +8.816,+0.996
1636322760,+3.42,+15.911, +8.832,+0.996
1636322820,+3.42,+15.937, +8.837,+0.996
1636322880,+3.42,+15.928, +8.863,+0.996
1636322940,+3.42,+15.937, +8.921,+0.997
1636323000,+3.42,+15.962, +8.893,+0.996
1636323060,+3.42,+15.962, +8.964,+0.996
1636323120,+3.42,+15.962, +8.970,+0.996
1636323180,+3.42,+15.954, +9.043,+0.997
1636323240,+3.42,+15.988, +9.087,+0.996
1636323300,+3.42,+16.014, +9.220,+0.997
1636323360,+3.42,+15.997, +9.109,+0.996
1636323420,+3.42,+16.014, +9.025,+0.996
1636323480,+3.42,+15.988, +9.002,+0.997
1636323540,+3.42,+16.031, +9.162,+0.996
1636323600,+3.42,+16.031, +9.192,+0.997
1636323660,+3.42,+16.039, +9.232,+0.997
1636323720,+3.42,+16.039, +9.331,+0.997
1636323780,+3.42,+16.073, +9.420,+0.997
1636323840,+3.42,+16.099, +9.421,+0.997
1636323900,+3.42,+16.073, +9.289,+0.997
1636323960,+3.42,+16.091, +9.240,+0.996
1636324020,+3.42,+16.073, +9.224,+0.996
1636324080,+3.42,+16.048, +9.195,+0.997
1636324140,+3.42,+16.073, +9.168,+0.997
1636324200,+3.42,+16.056, +9.129,+0.997
1636324260,+3.42,+16.056, +9.108,+0.997
1636324320,+3.42,+16.048, +9.140,+0.997
1636324380,+3.42,+16.073, +9.084,+0.997
1636324440,+3.42,+16.065, +9.132,+0.997
1636324500,+3.42,+16.056, +9.096,+0.997
1636324560,+3.42,+16.065, +9.098,+0.997
1636324620,+3.42,+16.065, +9.120,+0.997
1636324680,+3.42,+16.056, +9.180,+0.997
1636324740,+3.42,+16.108, +9.273,+0.997
1636324800,+3.42,+16.091, +9.208,+0.996
1636324860,+3.42,+16.091, +9.165,+0.997
1636324920,+3.42,+16.099, +9.156,+0.996
1636324980,+3.42,+16.108, +9.254,+0.997
1636325040,+3.42,+16.091, +9.082,+0.996
1636325100,+3.42,+16.073, +9.026,+0.996
1636325160,+3.42,+16.065, +8.983,+0.996
1636325220,+3.42,+16.065, +9.004,+0.996
1636325280,+3.42,+16.073, +8.985,+0.996
1636325340,+3.42,+16.073, +9.137,+0.997
1636325400,+3.42,+16.091, +9.115,+0.997
1636325460,+3.42,+16.099, +9.178,+0.997
1636325520,+3.42,+16.091, +9.275,+0.997
1636325580,+3.42,+16.099, +9.286,+0.997
1636325640,+3.42,+16.099, +9.204,+0.996
1636325700,+3.42,+16.082, +9.201,+0.997
1636325760,+3.42,+16.073, +9.076,+0.997
1636325820,+3.42,+16.099, +9.091,+0.997
1636325880,+3.42,+16.091, +9.069,+0.996
1636325940,+3.42,+16.099, +9.076,+0.997
1636326000,+3.42,+16.056, +9.135,+0.997
1636326060,+3.42,+16.091, +9.098,+0.997
1636326120,+3.42,+16.065, +9.005,+0.997
1636326180,+3.42,+16.056, +8.946,+0.997
1636326240,+3.42,+16.048, +9.047,+0.997
1636326300,+3.42,+16.065, +9.102,+0.997
1636326360,+3.42,+16.073, +9.213,+0.997
1636326420,+3.42,+16.065, +9.078,+0.996
1636326480,+3.42,+16.082, +9.189,+0.997
1636326540,+3.42,+16.082, +9.176,+0.997
1636326600,+3.42,+16.099, +9.200,+0.997
1636326660,+3.42,+16.082, +9.120,+0.996
1636326720,+3.42,+16.056, +9.095,+0.996
1636326780,+3.42,+16.073, +9.153,+0.996
1636326840,+3.42,+16.056, +9.140,+0.997
1636326900,+3.42,+16.073, +9.165,+0.997
1636326960,+3.42,+16.056, +9.059,+0.997
1636327020,+3.42,+16.056, +9.066,+0.997
1636327080,+3.42,+16.065, +9.061,+0.996
1636327140,+3.42,+16.056, +8.958,+0.996
1636327200,+3.42,+16.048, +8.925,+0.997
1636327260,+3.42,+16.039, +8.938,+0.996
1636327320,+3.42,+16.014, +8.872,+0.996
1636327380,+3.42,+16.014, +8.943,+0.997
1636327440,+3.42,+16.022, +8.955,+0.997
1636327500,+3.42,+16.014, +8.978,+0.996
1636327560,+3.42,+16.039, +8.965,+0.997
1636327620,+3.42,+16.031, +8.954,+0.997
1636327680,+3.42,+16.031, +8.902,+0.996
1636327740,+3.42,+16.031, +8.939,+0.996
1636327800,+3.42,+16.022, +8.953,+0.996
1636327860,+3.42,+16.014, +8.840,+0.996
1636327920,+3.42,+15.997, +8.854,+0.997
1636327980,+3.42,+16.014, +1.823,+0.892
1636328040,+3.42,+16.039, +1.582,+0.923
1636328100,+3.42,+16.039, +1.649,+0.929
1636328160,+3.42,+16.048, +1.732,+0.933
1636328220,+3.42,+16.073, +1.822,+0.936
1636328280,+3.42,+16.082, +1.919,+0.939
1636328340,+3.42,+16.082, +2.022,+0.942
1636328400,+3.42,+16.108, +2.141,+0.944
1636328460,+3.42,+16.133, +2.252,+0.946
1636328520,+3.42,+16.133, +2.345,+0.950
1636328580,+3.42,+16.133, +2.440,+0.953
1636328640,+3.42,+16.133, +2.523,+0.956
1636328700,+3.42,+16.125, +2.609,+0.958
1636328760,+3.42,+16.116, +2.695,+0.960
1636328820,+3.42,+16.125, +2.792,+0.961
1636328880,+3.42,+16.125, +2.896,+0.963
1636328940,+3.42,+16.133, +2.995,+0.963
1636329000,+3.42,+16.133, +3.121,+0.964
1636329060,+3.42,+16.142, +3.217,+0.966
1636329120,+3.42,+16.159, +3.329,+0.967
1636329180,+3.42,+16.176, +3.437,+0.968
1636329240,+3.42,+16.184, +3.530,+0.969
1636329300,+3.42,+16.176, +3.621,+0.971
1636329360,+3.42,+16.184, +3.734,+0.971
1636329420,+3.42,+16.176, +3.832,+0.972
1636329480,+3.42,+16.176, +3.912,+0.974
1636329540,+3.42,+16.184, +3.988,+0.975
1636329600,+3.42,+16.150, +4.093,+0.976
1636329660,+3.42,+16.159, +4.187,+0.976
1636329720,+3.42,+16.150, +4.285,+0.978
1636329780,+3.42,+16.150, +4.380,+0.978
1636329840,+3.42,+16.150, +4.500,+0.979
1636329900,+3.42,+16.176, +4.615,+0.979
1636329960,+3.42,+16.201, +4.709,+0.980
1636330020,+3.42,+16.201, +4.799,+0.981
1636330080,+3.42,+16.210, +4.886,+0.981
1636330140,+3.42,+16.201, +4.980,+0.982
1636330200,+3.42,+16.193, +5.091,+0.983
1636330260,+3.42,+16.176, +5.162,+0.984
1636330320,+3.42,+16.176, +5.253,+0.985
1636330380,+3.42,+16.159, +5.357,+0.985
1636330440,+3.42,+16.176, +5.440,+0.986
1636330500,+3.42,+16.167, +5.509,+0.986
1636330560,+3.42,+16.150, +5.581,+0.987
1636330620,+3.42,+16.133, +5.635,+0.988
1636330680,+3.42,+16.150, +5.712,+0.988
1636330740,+3.42,+16.116, +5.775,+0.989
1636330800,+3.42,+16.125, +5.843,+0.989
1636330860,+3.42,+16.125, +5.917,+0.989
1636330920,+3.42,+16.116, +5.976,+0.990
1636330980,+3.42,+16.082, +6.011,+0.991
1636331040,+3.42,+16.065, +6.028,+0.991
1636331100,+3.42,+16.065, +6.078,+0.992
1636331160,+3.42,+16.056, +6.102,+0.992
1636331220,+3.42,+16.022, +6.177,+0.992
1636331280,+3.42,+16.014, +6.209,+0.992
1636331340,+3.42,+16.014, +6.236,+0.992
1636331400,+3.42,+15.997, +6.273,+0.993
1636331460,+3.42,+15.988, +6.303,+0.993
1636331520,+3.42,+15.997, +6.347,+0.993
1636331580,+3.42,+16.022, +6.390,+0.993
1636331640,+3.42,+16.031, +6.439,+0.993
1636331700,+3.42,+16.048, +6.513,+0.993
1636331760,+3.42,+16.091, +6.573,+0.992
1636331820,+3.42,+16.091, +6.617,+0.993
1636331880,+3.42,+16.099, +6.677,+0.993
1636331940,+3.42,+16.116, +6.728,+0.993
1636332000,+3.42,+16.116, +6.792,+0.993
1636332060,+3.42,+16.116, +6.852,+0.993
1636332120,+3.42,+16.116, +6.909,+0.993
1636332180,+3.42,+16.116, +6.956,+0.993
1636332240,+3.42,+16.133, +7.020,+0.994
1636332300,+3.42,+16.125, +7.081,+0.994
1636332360,+3.42,+16.091, +7.122,+0.994
1636332420,+3.42,+16.108, +7.168,+0.994
1636332480,+3.42,+16.099, +7.217,+0.994
1636332540,+3.42,+16.073, +7.256,+0.995
1636332600,+3.42,+16.073, +7.310,+0.995
1636332660,+3.42,+16.082, +7.348,+0.995
1636332720,+3.42,+16.099, +7.392,+0.995
1636332780,+3.42,+16.108, +7.442,+0.996
1636332840,+3.42,+16.082, +7.492,+0.995
1636332900,+3.42,+16.108, +7.517,+0.995
1636332960,+3.42,+16.108, +7.571,+0.996
1636333020,+3.42,+16.125, +7.602,+0.995
1636333080,+3.42,+16.108, +7.650,+0.996
1636333140,+3.42,+16.116, +7.681,+0.996
1636333200,+3.42,+16.133, +7.736,+0.996
1636333260,+3.42,+16.142, +7.768,+0.996
1636333320,+3.42,+16.159, +7.819,+0.996
1636333380,+3.42,+16.167, +7.880,+0.996
1636333440,+3.42,+16.176, +7.916,+0.996
1636333500,+3.42,+16.176, +7.963,+0.997
1636333560,+3.42,+16.193, +8.001,+0.996
1636333620,+3.42,+16.210, +8.049,+0.996
1636333680,+3.42,+16.210, +8.085,+0.996
1636333740,+3.42,+16.184, +8.131,+0.997
1636333800,+3.42,+16.219, +8.160,+0.997
1636333860,+3.42,+16.219, +8.189,+0.997
1636333920,+3.42,+16.210, +8.211,+0.997
1636333980,+3.42,+16.244, +8.251,+0.998
1636334040,+3.42,+16.210, +8.282,+0.997
1636334100,+3.42,+16.210, +8.303,+0.997
1636334160,+3.42,+16.244, +8.322,+0.997
1636334220,+3.42,+16.210, +8.353,+0.997
1636334280,+3.42,+16.210, +8.374,+0.998
1636334340,+3.42,+16.176, +8.392,+0.997
1636334400,+3.42,+16.193, +8.404,+0.997
1636334460,+3.42,+16.210, +8.420,+0.997
1636334520,+3.42,+16.184, +8.457,+0.998
1636334580,+3.42,+16.193, +8.481,+0.998
1636334640,+3.42,+16.184, +8.493,+0.998
1636334700,+3.42,+16.201, +8.514,+0.998
1636334760,+3.42,+16.193, +8.537,+0.998
1636334820,+3.42,+16.201, +8.553,+0.997
1636334880,+3.42,+16.210, +8.572,+0.997
1636334940,+3.42,+16.227, +8.590,+0.997
1636335000,+3.42,+16.236, +8.615,+0.997
1636335060,+3.42,+16.253, +8.622,+0.997
1636335120,+3.42,+16.261, +8.650,+0.998
1636335180,+3.42,+16.287, +8.664,+0.998
1636335240,+3.42,+16.278, +8.699,+0.998
1636335300,+3.42,+16.278, +8.717,+0.998
1636335360,+3.42,+16.295, +8.731,+0.998
1636335420,+3.42,+16.304, +8.753,+0.998
1636335480,+3.42,+16.329, +8.771,+0.998
1636335540,+3.42,+16.329, +8.802,+0.998
1636335600,+3.42,+16.355, +8.816,+0.998
1636335660,+3.42,+16.346, +8.847,+0.998
1636335720,+3.42,+16.321, +8.878,+0.998
1636335780,+3.42,+16.338, +8.891,+0.998
1636335840,+3.42,+16.355, +8.932,+0.998
1636335900,+3.42,+16.364, +8.942,+0.997
1636335960,+3.42,+16.364, +8.961,+0.998
1636336020,+3.42,+16.364, +8.978,+0.998
1636336080,+3.42,+16.355, +9.003,+0.998
1636336140,+3.42,+16.364, +9.032,+0.998
1636336200,+3.42,+16.398, +9.040,+0.998
1636336260,+3.42,+16.389, +9.061,+0.998
1636336320,+3.42,+16.381, +9.081,+0.998
1636336380,+3.42,+16.372, +9.110,+0.998
1636336440,+3.42,+16.415, +9.146,+0.998
1636336500,+3.42,+16.415, +9.172,+0.998
1636336560,+3.42,+16.432, +9.183,+0.998
1636336620,+3.42,+16.423, +9.209,+0.998
1636336680,+3.42,+16.432, +9.247,+0.998
1636336740,+3.42,+16.432, +9.263,+0.998
1636336800,+3.42,+16.449, +9.292,+0.999
1636336860,+3.42,+16.423, +9.321,+0.999
1636336920,+3.42,+16.423, +9.328,+0.999
1636336980,+3.42,+16.415, +9.335,+0.999
1636337040,+3.42,+16.389, +9.355,+0.998
1636337100,+3.42,+16.364, +9.377,+0.999
1636337160,+3.42,+16.372, +9.382,+0.998
1636337220,+3.42,+16.389, +9.395,+0.999
1636337280,+3.42,+16.364, +9.414,+0.999
1636337340,+3.42,+16.329, +9.415,+0.998
1636337400,+3.42,+16.321, +9.431,+0.999
1636337460,+3.42,+16.295, +9.439,+0.998
1636337520,+3.42,+16.278, +9.444,+0.998
1636337580,+3.42,+16.244, +9.458,+0.998
1636337640,+3.42,+16.236, +9.472,+0.998
1636337700,+3.42,+16.227, +9.462,+0.998
1636337760,+3.42,+16.219, +9.484,+0.998
1636337820,+3.42,+16.227, +9.483,+0.998
1636337880,+3.42,+16.219, +9.502,+0.998
1636337940,+3.42,+16.236, +9.515,+0.998
1636338000,+3.42,+16.236, +9.527,+0.998
1636338060,+3.42,+16.253, +9.551,+0.998
1636338120,+3.42,+16.261, +9.572,+0.999
1636338180,+3.42,+16.287, +9.573,+0.998
1636338240,+3.42,+16.312, +9.594,+0.998
1636338300,+3.42,+16.304, +9.617,+0.999
1636338360,+3.42,+16.321, +9.616,+0.998
1636338420,+3.42,+16.329, +9.638,+0.998
1636338480,+3.42,+16.338, +9.650,+0.998
1636338540,+3.42,+16.364, +9.670,+0.999
1636338600,+3.42,+16.381, +9.684,+0.999
1636338660,+3.42,+16.406, +9.696,+0.999
1636338720,+3.42,+16.406, +9.701,+0.998
1636338780,+3.42,+16.406, +9.712,+0.998
1636338840,+3.42,+16.415, +9.713,+0.998
1636338900,+3.42,+16.389, +9.724,+0.999
1636338960,+3.42,+16.423, +9.724,+0.999
1636339020,+3.42,+16.415, +9.724,+0.998
1636339080,+3.42,+16.440, +9.725,+0.998
1636339140,+3.42,+16.440, +9.759,+0.999
1636339200,+3.42,+16.466, +9.760,+0.998
1636339260,+3.42,+16.491, +9.790,+0.999
1636339320,+3.42,+16.500, +9.806,+0.999
1636339380,+3.42,+16.525, +9.812,+0.999
1636339440,+3.42,+16.542, +9.822,+0.999
1636339500,+3.42,+16.551, +9.850,+0.999
1636339560,+3.42,+16.551, +9.859,+0.999
1636339620,+3.42,+16.542, +9.872,+0.999
1636339680,+3.42,+16.568, +9.868,+0.999
1636339740,+3.42,+16.568, +9.891,+0.999
1636339800,+3.42,+16.568, +9.893,+0.999
1636339860,+3.42,+16.576, +9.903,+0.999
1636339920,+3.42,+16.602, +9.910,+0.999
1636339980,+3.42,+16.602, +9.913,+0.999
1636340040,+3.42,+16.602, +9.929,+0.999
1636340100,+3.42,+16.619, +9.930,+0.999
1636340160,+3.42,+16.619, +9.934,+0.999
1636340220,+3.42,+16.619, +9.952,+0.999
1636340280,+3.42,+16.653, +9.940,+0.999
1636340340,+3.42,+16.619, +9.963,+0.999
1636340400,+3.42,+16.619, +9.970,+0.999
1636340460,+3.42,+16.636, +9.969,+0.999
1636340520,+3.42,+16.610, +9.974,+0.999
1636340580,+3.42,+16.585, +9.994,+0.999
1636340640,+3.42,+16.602, +9.981,+0.998
1636340700,+3.42,+16.610,+10.006,+0.999
1636340760,+3.42,+16.610,+10.021,+0.999
1636340820,+3.42,+16.636,+10.014,+0.999
1636340880,+3.42,+16.619,+10.023,+0.999
1636340940,+3.42,+16.593,+10.033,+0.999
1636341000,+3.42,+16.619,+10.053,+0.999
1636341060,+3.42,+16.627,+10.055,+0.999
1636341120,+3.42,+16.619,+10.078,+0.999
1636341180,+3.42,+16.644,+10.087,+0.999
1636341240,+3.42,+16.636,+10.090,+0.999
1636341300,+3.42,+16.636,+10.088,+0.998
1636341360,+3.42,+16.627,+10.092,+0.999
1636341420,+3.42,+16.602,+10.104,+0.999
1636341480,+3.42,+16.619,+10.096,+0.999
1636341540,+3.42,+16.593,+10.098,+0.999
1636341600,+3.42,+16.593,+10.103,+0.999
1636341660,+3.42,+16.585,+10.095,+0.999
1636341720,+3.42,+16.585,+10.102,+0.998
1636341780,+3.42,+16.602,+10.131,+1.000
1636341840,+3.42,+16.636,+10.112,+0.998
1636341900,+3.42,+16.602,+10.105,+0.998
1636341960,+3.42,+16.610,+10.103,+0.998
1636342020,+3.42,+16.593,+10.131,+0.999
1636342080,+3.42,+16.593,+10.137,+0.999
1636342140,+3.42,+16.602,+10.131,+0.999
1636342200,+3.42,+16.568,+10.141,+0.999
1636342260,+3.42,+16.559,+10.121,+0.998
1636342320,+3.42,+16.525,+10.158,+0.999
1636342380,+3.42,+16.542,+10.141,+0.998
1636342440,+3.42,+16.517,+10.152,+0.999
1636342500,+3.42,+16.491,+10.147,+0.999
1636342560,+3.42,+16.500,+10.132,+0.999
1636342620,+3.42,+16.508,+10.144,+0.999
1636342680,+3.42,+16.551,+10.162,+0.999
1636342740,+3.42,+16.602,+10.156,+0.998
1636342800,+3.42,+16.619,+10.181,+0.999
1636342860,+3.42,+16.627,+10.175,+0.999
1636342920,+3.42,+16.653,+10.176,+0.999
1636342980,+3.42,+16.713,+10.172,+0.999
1636343040,+3.42,+16.772,+10.147,+0.999
1636343100,+3.42,+16.814,+10.126,+0.998
1636343160,+3.42,+16.764,+10.121,+0.999
1636343220,+3.42,+16.721,+10.137,+0.999
1636343280,+3.42,+16.738,+10.145,+0.999
1636343340,+3.42,+16.831,+10.131,+0.998
1636343400,+3.42,+16.789,+10.154,+0.999
1636343460,+3.42,+16.797,+10.131,+0.999
1636343520,+3.42,+16.713,+10.136,+0.998
1636343580,+3.42,+16.653,+10.165,+0.999
1636343640,+3.42,+16.636,+10.177,+0.999
1636343700,+3.42,+16.619,+10.188,+0.999
1636343760,+3.42,+16.636,+10.174,+0.998
1636343820,+3.42,+16.627,+10.199,+0.999
1636343880,+3.42,+16.619,+10.191,+0.998
1636343940,+3.42,+16.644,+10.206,+0.999
1636344000,+3.42,+16.653,+10.199,+0.999
1636344060,+3.42,+16.619,+10.213,+0.999
1636344120,+3.42,+16.636,+10.223,+0.999
1636344180,+3.42,+16.678,+10.219,+0.999
1636344240,+3.42,+16.678,+10.223,+0.999
1636344300,+3.42,+16.713,+10.212,+0.999
1636344360,+3.42,+16.738,+10.209,+0.999
1636344420,+3.42,+16.704,+10.221,+0.999
1636344480,+3.42,+16.695,+10.237,+0.999
1636344540,+3.42,+16.738,+10.232,+0.999
1636344600,+3.42,+16.772,+10.216,+0.999
1636344660,+3.42,+16.764,+10.212,+0.999
1636344720,+3.42,+16.764,+10.215,+0.999
1636344780,+3.42,+16.797,+10.217,+0.999
1636344840,+3.42,+16.831,+10.197,+0.999
1636344900,+3.42,+16.797,+10.222,+0.999
1636344960,+3.42,+16.814,+10.203,+0.999
1636345020,+3.42,+16.814,+10.200,+0.998
1636345080,+3.42,+16.789,+10.201,+0.998
1636345140,+3.42,+16.764,+10.215,+0.999
1636345200,+3.42,+16.764,+10.221,+0.999
1636345260,+3.42,+16.764,+10.218,+0.999
1636345320,+3.42,+16.764,+10.204,+0.998
1636345380,+3.42,+16.755,+10.195,+0.998
1636345440,+3.42,+16.730,+10.194,+0.999
1636345500,+3.42,+16.704,+10.193,+0.998
1636345560,+3.42,+16.670,+10.212,+0.999
1636345620,+3.42,+16.678,+10.215,+0.999
1636345680,+3.42,+16.687,+10.210,+0.999
1636345740,+3.42,+16.661,+10.196,+0.998
1636345800,+3.42,+16.670,+10.200,+0.999
1636345860,+3.42,+16.661,+10.184,+0.998
1636345920,+3.42,+16.687,+10.194,+0.999
1636345980,+3.42,+16.704,+10.179,+0.998
1636346040,+3.42,+16.704,+10.200,+0.999
1636346100,+3.42,+16.713,+10.193,+0.999
1636346160,+3.42,+16.704,+10.183,+0.999
1636346220,+3.42,+16.713,+10.171,+0.999
1636346280,+3.42,+16.730,+10.173,+0.998
1636346340,+3.42,+16.738,+10.181,+0.999
1636346400,+3.42,+16.738,+10.169,+0.998
1636346460,+3.42,+16.738,+10.170,+0.999
1636346520,+3.42,+16.764,+10.169,+0.998
1636346580,+3.42,+16.789,+10.158,+0.998
1636346640,+3.42,+16.797,+10.160,+0.999
1636346700,+3.42,+16.755,+10.171,+0.999
1636346760,+3.42,+16.764,+10.155,+0.998
1636346820,+3.42,+16.755,+10.178,+0.999
1636346880,+3.42,+16.780,+10.158,+0.998
1636346940,+3.42,+16.780,+10.169,+0.999
1636347000,+3.42,+16.772,+10.155,+0.999
1636347060,+3.42,+16.789,+10.154,+0.999
1636347120,+3.42,+16.780,+10.161,+0.999
1636347180,+3.42,+16.764,+10.162,+0.999
1636347240,+3.42,+16.780,+10.149,+0.999
1636347300,+3.42,+16.780,+10.144,+0.998
1636347360,+3.42,+16.780,+10.152,+0.999
1636347420,+3.42,+16.797,+10.129,+0.998
1636347480,+3.42,+16.806,+10.107,+0.998
1636347540,+3.42,+16.814,+10.122,+0.998
1636347600,+3.42,+16.797,+10.118,+0.998
1636347660,+3.42,+16.840,+10.103,+0.998
1636347720,+3.42,+16.823,+10.104,+0.998
1636347780,+3.42,+16.806,+10.114,+0.999
1636347840,+3.42,+16.823,+10.101,+0.998
1636347900,+3.42,+16.840,+10.097,+0.998
1636347960,+3.42,+16.831,+10.097,+0.999
1636348020,+3.42,+16.840,+10.080,+0.998
1636348080,+3.42,+16.823,+10.066,+0.998
1636348140,+3.42,+16.823,+10.058,+0.998
1636348200,+3.42,+16.780,+10.054,+0.998
1636348260,+3.42,+16.764,+10.054,+0.998
1636348320,+3.42,+16.764,+10.041,+0.998
1636348380,+3.42,+16.755,+10.055,+0.999
1636348440,+3.42,+16.747,+10.065,+0.998
1636348500,+3.42,+16.747,+10.074,+0.998
1636348560,+3.42,+16.747,+10.058,+0.998
1636348620,+3.42,+16.764,+10.055,+0.999
1636348680,+3.42,+16.780,+10.038,+0.998
1636348740,+3.42,+16.806,+10.038,+0.998
1636348800,+3.42,+16.755,+10.032,+0.998
1636348860,+3.42,+16.721,+10.042,+0.998
1636348920,+3.42,+16.713,+10.041,+0.998
1636348980,+3.42,+16.721,+10.042,+0.998
1636349040,+3.42,+16.704,+10.026,+0.998
1636349100,+3.42,+16.610,+10.036,+0.998
1636349160,+3.42,+16.636,+10.020,+0.998
1636349220,+3.42,+16.585,+10.025,+0.998
1636349280,+3.42,+16.585,+10.021,+0.998
1636349340,+3.42,+16.627,+10.015,+0.998
1636349400,+3.42,+16.602,+10.011,+0.998
1636349460,+3.42,+16.525, +9.980,+0.998
1636349520,+3.42,+16.534, +9.988,+0.998
1636349580,+3.42,+16.534, +9.970,+0.997
1636349640,+3.42,+16.432, +9.973,+0.998
1636349700,+3.42,+16.483, +9.979,+0.998
1636349760,+3.42,+16.508, +9.973,+0.998
1636349820,+3.42,+16.551, +9.989,+0.999
1636349880,+3.42,+16.602, +9.970,+0.997
1636349940,+3.42,+16.602, +9.963,+0.998
1636350000,+3.42,+16.551, +9.958,+0.997
1636350060,+3.42,+16.585, +9.968,+0.998
1636350120,+3.42,+16.619, +9.944,+0.997
1636350180,+3.42,+16.551, +9.947,+0.998
1636350240,+3.42,+16.534, +9.938,+0.998
1636350300,+3.42,+16.491, +9.923,+0.998
1636350360,+3.42,+16.534, +9.931,+0.998
1636350420,+3.42,+16.542, +9.916,+0.997
1636350480,+3.42,+16.593, +9.917,+0.998
1636350540,+3.42,+16.542, +9.870,+0.997
1636350600,+3.42,+16.517, +9.841,+0.997
1636350660,+3.42,+16.449, +9.842,+0.997
1636350720,+3.42,+16.466, +9.847,+0.997
1636350780,+3.42,+16.423, +9.827,+0.997
1636350840,+3.42,+16.372, +9.827,+0.997
1636350900,+3.42,+16.372, +9.857,+0.998
1636350960,+3.42,+16.423, +9.868,+0.998
1636351020,+3.42,+16.457, +9.880,+0.998
1636351080,+3.42,+16.483, +9.893,+0.998
1636351140,+3.42,+16.508, +9.876,+0.998
1636351200,+3.42,+16.500, +9.871,+0.998
1636351260,+3.42,+16.534, +9.873,+0.998
1636351320,+3.42,+16.568, +9.854,+0.998
1636351380,+3.42,+16.508, +9.846,+0.998
1636351440,+3.42,+16.559, +9.856,+0.998
1636351500,+3.42,+16.585, +9.847,+0.998
1636351560,+3.42,+16.525, +9.832,+0.998
1636351620,+3.42,+16.525, +9.858,+0.999
1636351680,+3.42,+16.534, +9.843,+0.998
1636351740,+3.42,+16.508, +9.821,+0.998
1636351800,+3.42,+16.491, +9.849,+0.999
1636351860,+3.42,+16.466, +9.836,+0.998
1636351920,+3.42,+16.466, +9.820,+0.997
1636351980,+3.42,+16.466, +9.844,+0.998
1636352040,+3.42,+16.449, +9.840,+0.998
1636352100,+3.42,+16.449, +9.835,+0.998
1636352160,+3.42,+16.423, +9.821,+0.997
1636352220,+3.42,+16.440, +9.828,+0.998
1636352280,+3.42,+16.457, +9.819,+0.998
1636352340,+3.42,+16.466, +9.833,+0.998
1636352400,+3.42,+16.525, +9.832,+0.998
1636352460,+3.42,+16.576, +9.807,+0.998
1636352520,+3.42,+16.542, +9.801,+0.998
1636352580,+3.42,+16.534, +9.806,+0.998
1636352640,+3.42,+16.568, +9.800,+0.998
1636352700,+3.42,+16.576, +9.796,+0.997
1636352760,+3.42,+16.593, +9.810,+0.998
1636352820,+3.42,+16.610, +9.784,+0.998
1636352880,+3.42,+16.534, +9.781,+0.998
1636352940,+3.42,+16.551, +9.785,+0.998
1636353000,+3.42,+16.559, +9.791,+0.998
1636353060,+3.42,+16.585, +9.774,+0.998
1636353120,+3.42,+16.610, +9.783,+0.998
1636353180,+3.42,+16.653, +9.767,+0.998
1636353240,+3.42,+16.636, +9.762,+0.998
1636353300,+3.42,+16.627, +9.770,+0.998
1636353360,+3.42,+16.644, +9.768,+0.998
1636353420,+3.42,+16.610, +9.756,+0.998
1636353480,+3.42,+16.576, +9.759,+0.998
1636353540,+3.42,+16.585, +9.760,+0.998
1636353600,+3.42,+16.593, +9.762,+0.998
1636353660,+3.42,+16.602, +9.751,+0.998
1636353720,+3.42,+16.610, +9.757,+0.998
1636353780,+3.42,+16.559, +9.734,+0.998
1636353840,+3.42,+16.534, +9.733,+0.998
1636353900,+3.42,+16.534, +9.734,+0.997
1636353960,+3.42,+16.525, +9.740,+0.998
1636354020,+3.42,+16.525, +9.740,+0.998
1636354080,+3.42,+16.491, +9.728,+0.997
1636354140,+3.42,+16.440, +9.715,+0.998
1636354200,+3.42,+16.389, +9.690,+0.997
1636354260,+3.42,+16.329, +9.684,+0.997
1636354320,+3.42,+16.338, +9.679,+0.998
1636354380,+3.42,+16.287, +9.659,+0.997
1636354440,+3.42,+16.253, +9.668,+0.998
1636354500,+3.42,+16.219, +9.669,+0.998
1636354560,+3.42,+16.278, +9.698,+0.998
1636354620,+3.42,+16.312, +9.675,+0.997
1636354680,+3.42,+16.270, +9.658,+0.997
1636354740,+3.42,+16.227, +9.623,+0.997
1636354800,+3.42,+16.184, +9.597,+0.997
1636354860,+3.42,+16.176, +9.567,+0.996
1636354920,+3.42,+16.150, +9.568,+0.996
1636354980,+3.42,+16.125, +9.559,+0.997
1636355040,+3.42,+16.116, +9.552,+0.997
1636355100,+3.42,+16.082, +9.547,+0.997
1636355160,+3.42,+16.099, +9.542,+0.997
1636355220,+3.42,+16.091, +9.533,+0.996
1636355280,+3.42,+16.108, +9.537,+0.997
1636355340,+3.42,+16.099, +9.534,+0.997
1636355400,+3.42,+16.082, +9.507,+0.997
1636355460,+3.42,+16.073, +9.492,+0.997
1636355520,+3.42,+16.099, +9.485,+0.997
1636355580,+3.42,+16.091, +9.487,+0.997
1636355640,+3.42,+16.082, +9.464,+0.997
1636355700,+3.42,+16.065, +9.471,+0.998
1636355760,+3.42,+16.065, +9.456,+0.997
1636355820,+3.42,+16.065, +9.449,+0.997
1636355880,+3.42,+16.039, +9.435,+0.997
1636355940,+3.42,+16.048, +9.389,+0.996
1636356000,+3.42,+16.048, +9.389,+0.997
1636356060,+3.42,+16.039, +9.410,+0.997
1636356120,+3.42,+16.056, +9.401,+0.997
1636356180,+3.42,+16.039, +9.395,+0.997
1636356240,+3.42,+16.022, +9.386,+0.997
1636356300,+3.42,+16.031, +9.407,+0.997
1636356360,+3.42,+16.039, +9.438,+0.997
1636356420,+3.42,+16.039, +9.452,+0.997
1636356480,+3.42,+16.048, +9.488,+0.998
1636356540,+3.42,+16.022, +9.512,+0.998
1636356600,+3.42,+16.073, +9.505,+0.998
1636356660,+3.42,+16.065, +9.499,+0.997
1636356720,+3.42,+16.082, +9.503,+0.997
1636356780,+3.42,+16.073, +9.494,+0.997
1636356840,+3.42,+16.073, +9.488,+0.998
1636356900,+3.42,+16.073, +9.475,+0.997
1636356960,+3.42,+16.073, +9.480,+0.997
1636357020,+3.42,+16.073, +9.488,+0.998
1636357080,+3.42,+16.108, +9.504,+0.998
1636357140,+3.42,+16.142, +9.494,+0.998
1636357200,+3.42,+16.116, +9.495,+0.998
1636357260,+3.42,+16.099, +9.466,+0.997
1636357320,+3.42,+16.065, +9.404,+0.997
1636357380,+3.42,+16.022, +9.392,+0.997
1636357440,+3.42,+16.048, +9.381,+0.997
1636357500,+3.42,+16.065, +9.393,+0.997
1636357560,+3.42,+16.082, +9.396,+0.997
1636357620,+3.42,+16.065, +9.385,+0.997
1636357680,+3.42,+16.048, +9.394,+0.998
1636357740,+3.42,+16.048, +9.351,+0.997
1636357800,+3.42,+16.048, +9.335,+0.997
1636357860,+3.42,+16.056, +9.372,+0.998
1636357920,+3.42,+16.073, +9.369,+0.998
1636357980,+3.42,+16.073, +9.367,+0.997
1636358040,+3.42,+16.091, +9.364,+0.998
1636358100,+3.42,+16.108, +9.362,+0.997
1636358160,+3.42,+16.133, +9.382,+0.998
1636358220,+3.42,+16.159, +9.374,+0.997
1636358280,+3.42,+16.159, +9.363,+0.997
1636358340,+3.42,+16.133, +9.350,+0.997
1636358400,+3.42,+16.108, +9.354,+0.998
1636358460,+3.42,+16.108, +9.357,+0.998
1636358520,+3.42,+16.125, +9.363,+0.998
1636358580,+3.42,+16.142, +9.371,+0.998
1636358640,+3.42,+16.159, +9.349,+0.998
1636358700,+3.42,+16.150, +9.338,+0.998
1636358760,+3.42,+16.142, +9.317,+0.997
1636358820,+3.42,+16.150, +9.315,+0.997
1636358880,+3.42,+16.133, +9.263,+0.996
1636358940,+3.42,+16.082, +9.244,+0.997
1636359000,+3.42,+16.108, +9.229,+0.997
1636359060,+3.42,+16.091, +9.242,+0.997
1636359120,+3.42,+16.073, +9.246,+0.997
1636359180,+3.42,+16.039, +9.260,+0.997
1636359240,+3.42,+16.031, +9.266,+0.997
1636359300,+3.42,+16.022, +9.258,+0.997
1636359360,+3.42,+16.014, +9.269,+0.997
1636359420,+3.42,+16.056, +9.269,+0.997
1636359480,+3.42,+16.048, +9.258,+0.997
1636359540,+3.42,+16.073, +9.257,+0.998
1636359600,+3.42,+16.048, +9.232,+0.997
1636359660,+3.42,+16.022, +9.217,+0.997
1636359720,+3.42,+16.031, +9.211,+0.997
1636359780,+3.42,+16.082, +9.225,+0.997
1636359840,+3.42,+16.091, +9.241,+0.997
1636359900,+3.42,+16.091, +9.229,+0.997
1636359960,+3.42,+16.082, +9.239,+0.997
1636360020,+3.42,+16.099, +9.217,+0.997
1636360080,+3.42,+16.082, +9.185,+0.997
1636360140,+3.42,+16.082, +9.146,+0.997
1636360200,+3.42,+16.082, +9.124,+0.996
1636360260,+3.42,+16.082, +9.139,+0.996
1636360320,+3.42,+16.108, +9.155,+0.997
1636360380,+3.42,+16.108, +9.162,+0.997
1636360440,+3.42,+16.073, +9.114,+0.997
1636360500,+3.42,+16.073, +9.095,+0.997
1636360560,+3.42,+16.108, +9.108,+0.997
1636360620,+3.42,+16.150, +9.128,+0.997
1636360680,+3.42,+16.125, +9.123,+0.997
1636360740,+3.42,+16.116, +9.101,+0.997
1636360800,+3.42,+16.108, +9.080,+0.997
1636360860,+3.42,+16.125, +9.073,+0.997
1636360920,+3.42,+16.133, +9.090,+0.996
1636360980,+3.42,+16.125, +9.075,+0.996
1636361040,+3.42,+16.116, +9.087,+0.997
1636361100,+3.42,+16.116, +9.050,+0.996
1636361160,+3.42,+16.125, +9.054,+0.997
1636361220,+3.42,+16.176, +9.075,+0.997
1636361280,+3.42,+16.201, +9.128,+0.997
1636361340,+3.42,+16.201, +9.151,+0.998
1636361400,+3.42,+16.227, +9.142,+0.997
1636361460,+3.42,+16.219, +9.144,+0.997
1636361520,+3.42,+16.201, +9.106,+0.997
1636361580,+3.42,+16.201, +9.106,+0.998
1636361640,+3.42,+16.184, +9.080,+0.997
1636361700,+3.42,+16.184, +9.064,+0.997
1636361760,+3.42,+16.193, +9.075,+0.997
1636361820,+3.42,+16.167, +9.077,+0.997
1636361880,+3.42,+16.193, +9.071,+0.997
1636361940,+3.42,+16.184, +9.062,+0.997
1636362000,+3.42,+16.176, +9.066,+0.997
1636362060,+3.42,+16.184, +9.071,+0.997
1636362120,+3.42,+16.210, +9.109,+0.998
1636362180,+3.42,+16.236, +9.119,+0.998
1636362240,+3.42,+16.201, +9.117,+0.997
1636362300,+3.42,+16.244, +9.111,+0.997
1636362360,+3.42,+16.227, +9.115,+0.997
1636362420,+3.42,+16.236, +9.119,+0.997
1636362480,+3.42,+16.261, +9.111,+0.997
1636362540,+3.42,+16.227, +9.125,+0.998
1636362600,+3.42,+16.253, +9.108,+0.997
1636362660,+3.42,+16.219, +9.118,+0.997
1636362720,+3.42,+16.236, +9.116,+0.998
1636362780,+3.42,+16.227, +9.109,+0.997
1636362840,+3.42,+16.219, +9.096,+0.997
1636362900,+3.42,+16.219, +9.102,+0.997
1636362960,+3.42,+16.210, +9.111,+0.997
1636363020,+3.42,+16.236, +9.099,+0.997
1636363080,+3.42,+16.227, +9.108,+0.997
1636363140,+3.42,+16.201, +9.098,+0.997
1636363200,+3.42,+16.201, +9.093,+0.997
1636363260,+3.42,+16.210, +9.081,+0.997
1636363320,+3.42,+16.219, +9.086,+0.997
1636363380,+3.42,+16.227, +9.099,+0.997
1636363440,+3.42,+16.210, +9.108,+0.998
1636363500,+3.42,+16.219, +9.093,+0.997
1636363560,+3.42,+16.201, +9.115,+0.997
1636363620,+3.42,+16.210, +9.107,+0.997
1636363680,+3.42,+16.210, +9.093,+0.997
1636363740,+3.42,+16.219, +9.092,+0.997
1636363800,+3.42,+16.210, +9.092,+0.997
1636363860,+3.42,+16.210, +9.086,+0.997
1636363920,+3.42,+16.201, +9.087,+0.997
1636363980,+3.42,+16.210, +9.084,+0.997
1636364040,+3.42,+16.219, +9.085,+0.997
1636364100,+3.42,+16.201, +9.084,+0.997
1636364160,+3.42,+16.193, +9.092,+0.997
1636364220,+3.42,+16.201, +9.094,+0.997
1636364280,+3.42,+16.219, +9.080,+0.997
1636364340,+3.42,+16.210, +9.093,+0.998
1636364400,+3.42,+16.201, +9.090,+0.998
1636364460,+3.42,+16.210, +9.080,+0.997
1636364520,+3.42,+16.193, +9.093,+0.997
1636364580,+3.42,+16.201, +9.076,+0.997
1636364640,+3.42,+16.201, +9.082,+0.997
1636364700,+3.42,+16.184, +9.113,+0.998
1636364760,+3.42,+16.193, +9.117,+0.997
1636364820,+3.42,+16.201, +9.118,+0.997
1636364880,+3.42,+16.193, +9.118,+0.997
1636364940,+3.42,+16.193, +9.118,+0.997
1636365000,+3.42,+16.193, +9.125,+0.997
1636365060,+3.42,+16.193, +9.107,+0.997
1636365120,+3.42,+16.201, +9.107,+0.998
1636365180,+3.42,+16.184, +9.102,+0.997
1636365240,+3.42,+16.184, +9.095,+0.997
1636365300,+3.42,+16.193, +9.107,+0.997
1636365360,+3.42,+16.176, +9.122,+0.998
1636365420,+3.42,+16.193, +9.112,+0.997
1636365480,+3.42,+16.176, +9.115,+0.997
1636365540,+3.42,+16.184, +9.130,+0.997
1636365600,+3.42,+16.176, +9.124,+0.997
1636365660,+3.42,+16.193, +9.093,+0.997
1636365720,+3.42,+16.193, +9.108,+0.997
1636365780,+3.42,+16.184, +9.105,+0.998
1636365840,+3.42,+16.184, +9.106,+0.997
1636365900,+3.42,+16.167, +9.111,+0.997
1636365960,+3.42,+16.167, +9.109,+0.997
1636366020,+3.42,+16.184, +9.081,+0.997
1636366080,+3.42,+16.176, +9.096,+0.997
1636366140,+3.42,+16.176, +9.110,+0.997
1636366200,+3.42,+16.176, +9.111,+0.997
1636366260,+3.42,+16.184, +9.101,+0.997
1636366320,+3.42,+16.167, +9.096,+0.997
1636366380,+3.42,+16.159, +9.083,+0.997
1636366440,+3.42,+16.167, +9.071,+0.997
1636366500,+3.42,+16.184, +9.058,+0.997
1636366560,+3.42,+16.159, +9.051,+0.997
1636366620,+3.42,+16.142, +9.056,+0.997
1636366680,+3.42,+16.142, +9.067,+0.997
1636366740,+3.42,+16.142, +9.083,+0.997
1636366800,+3.42,+16.150, +9.097,+0.997
1636366860,+3.42,+16.142, +9.105,+0.997
1636366920,+3.42,+16.142, +9.105,+0.997
1636366980,+3.42,+16.150, +9.112,+0.997
1636367040,+3.42,+16.133, +9.097,+0.997
1636367100,+3.42,+16.133, +9.092,+0.997
1636367160,+3.42,+16.133, +9.086,+0.997
1636367220,+3.42,+16.125, +9.073,+0.997
1636367280,+3.42,+16.125, +9.054,+0.997
1636367340,+3.42,+16.125, +9.043,+0.997
1636367400,+3.42,+16.116, +9.075,+0.997
1636367460,+3.42,+16.125, +9.067,+0.998
1636367520,+3.42,+16.133, +9.041,+0.997
1636367580,+3.42,+16.108, +9.058,+0.997
1636367640,+3.42,+16.142, +9.046,+0.997
1636367700,+3.42,+16.116, +9.065,+0.997
1636367760,+3.42,+16.108, +9.057,+0.997
1636367820,+3.42,+16.099, +9.027,+0.997
1636367880,+3.42,+16.108, +9.001,+0.997
1636367940,+3.42,+16.099, +9.017,+0.997
1636368000,+3.42,+16.116, +9.006,+0.997
1636368060,+3.42,+16.125, +8.974,+0.996
1636368120,+3.42,+16.116, +8.989,+0.997
1636368180,+3.42,+16.091, +8.999,+0.997
1636368240,+3.42,+16.082, +9.011,+0.997
1636368300,+3.42,+16.082, +9.013,+0.997
1636368360,+3.42,+16.099, +8.984,+0.997
1636368420,+3.42,+16.073, +8.996,+0.997
1636368480,+3.42,+16.108, +8.982,+0.997
1636368540,+3.42,+16.082, +9.004,+0.997
1636368600,+3.42,+16.091, +8.977,+0.997
1636368660,+3.42,+16.091, +8.968,+0.997
1636368720,+3.42,+16.099, +8.984,+0.997
1636368780,+3.42,+16.099, +8.969,+0.997
1636368840,+3.42,+16.091, +8.960,+0.997
1636368900,+3.42,+16.091, +8.960,+0.997
1636368960,+3.42,+16.091, +8.964,+0.997
1636369020,+3.42,+16.091, +8.956,+0.997
1636369080,+3.42,+16.065, +8.978,+0.997
1636369140,+3.42,+16.091, +8.961,+0.997
1636369200,+3.42,+16.091, +8.973,+0.997
1636369260,+3.42,+16.091, +8.975,+0.998
1636369320,+3.42,+16.082, +8.971,+0.997
1636369380,+3.42,+16.082, +8.958,+0.997
1636369440,+3.42,+16.082, +8.968,+0.997
1636369500,+3.42,+16.073, +8.968,+0.997
1636369560,+3.42,+16.073, +8.955,+0.997
1636369620,+3.42,+16.073, +8.954,+0.997
1636369680,+3.42,+16.065, +8.956,+0.997
1636369740,+3.42,+16.073, +8.952,+0.997
1636369800,+3.42,+16.082, +8.959,+0.998
1636369860,+3.42,+16.073, +8.951,+0.997
1636369920,+3.42,+16.073, +8.954,+0.997
1636369980,+3.42,+16.056, +8.952,+0.997
1636370040,+3.42,+16.056, +8.945,+0.997
1636370100,+3.42,+16.073, +8.949,+0.997
1636370160,+3.42,+16.048, +8.957,+0.997
1636370220,+3.42,+16.048, +8.940,+0.997
1636370280,+3.42,+16.065, +8.922,+0.997
1636370340,+3.42,+16.056, +8.930,+0.997
1636370400,+3.42,+16.056, +8.940,+0.997
1636370460,+3.42,+16.056, +8.921,+0.996
1636370520,+3.42,+16.056, +8.927,+0.997
1636370580,+3.42,+16.056, +8.925,+0.997
1636370640,+3.42,+16.039, +8.925,+0.997
1636370700,+3.42,+16.056, +8.929,+0.997
1636370760,+3.42,+16.039, +8.950,+0.997
1636370820,+3.42,+16.039, +8.963,+0.997
1636370880,+3.42,+16.039, +8.977,+0.997
1636370940,+3.42,+16.039, +8.969,+0.997
1636371000,+3.42,+16.039, +8.965,+0.997
1636371060,+3.42,+16.039, +8.973,+0.997
1636371120,+3.42,+16.022, +8.981,+0.997
1636371180,+3.42,+16.039, +8.989,+0.997
1636371240,+3.42,+16.031, +8.990,+0.997
1636371300,+3.42,+16.048, +8.942,+0.997
1636371360,+3.42,+16.031, +8.942,+0.997
1636371420,+3.42,+16.022, +8.941,+0.997
1636371480,+3.42,+16.039, +8.902,+0.997
1636371540,+3.42,+16.039, +8.900,+0.997
1636371600,+3.42,+16.031, +8.916,+0.997
1636371660,+3.42,+16.005, +8.934,+0.997
1636371720,+3.42,+16.022, +8.952,+0.997
1636371780,+3.42,+16.031, +8.956,+0.997
1636371840,+3.42,+16.022, +8.958,+0.997
1636371900,+3.42,+16.031, +8.952,+0.997
1636371960,+3.42,+16.022, +9.003,+0.997
1636372020,+3.42,+15.997, +9.026,+0.997
1636372080,+3.42,+16.022, +9.015,+0.997
1636372140,+3.42,+16.022, +9.011,+0.997
1636372200,+3.42,+16.022, +9.004,+0.997
1636372260,+3.42,+16.005, +9.001,+0.997
1636372320,+3.42,+16.014, +8.968,+0.997
1636372380,+3.42,+15.997, +8.960,+0.997
1636372440,+3.42,+16.005, +8.930,+0.996
1636372500,+3.42,+15.997, +8.944,+0.997
1636372560,+3.42,+15.979, +8.952,+0.997
1636372620,+3.42,+16.005, +8.931,+0.997
1636372680,+3.42,+15.997, +8.940,+0.997
1636372740,+3.42,+16.005, +8.921,+0.997
1636372800,+3.42,+15.997, +8.931,+0.997
1636372860,+3.42,+15.988, +8.920,+0.997
1636372920,+3.42,+15.979, +8.911,+0.997
1636372980,+3.42,+15.971, +8.897,+0.997
1636373040,+3.42,+15.962, +8.869,+0.997
1636373100,+3.42,+15.988, +8.846,+0.997
1636373160,+3.42,+15.971, +8.781,+0.996
1636373220,+3.42,+15.954, +8.742,+0.996
1636373280,+3.42,+15.954, +8.740,+0.996
1636373340,+3.42,+15.954, +8.714,+0.996
1636373400,+3.42,+15.954, +8.722,+0.996
1636373460,+3.42,+15.945, +8.722,+0.996
1636373520,+3.42,+15.945, +8.741,+0.996
1636373580,+3.42,+15.962, +8.756,+0.997
1636373640,+3.42,+15.954, +8.778,+0.997
1636373700,+3.42,+15.962, +8.765,+0.996
1636373760,+3.42,+15.954, +8.748,+0.996
1636373820,+3.42,+15.954, +8.727,+0.996
1636373880,+3.42,+15.954, +8.711,+0.996
1636373940,+3.42,+15.928, +8.723,+0.996
1636374000,+3.42,+15.937, +8.726,+0.996
1636374060,+3.42,+15.920, +8.747,+0.997
1636374120,+3.42,+15.928, +8.734,+0.996
1636374180,+3.42,+15.945, +8.734,+0.996
1636374240,+3.42,+15.937, +8.742,+0.997
1636374300,+3.42,+15.937, +8.752,+0.997
1636374360,+3.42,+15.945, +8.761,+0.997
1636374420,+3.42,+15.920, +8.770,+0.996
1636374480,+3.42,+15.945, +8.775,+0.997
1636374540,+3.42,+15.954, +8.775,+0.997
1636374600,+3.42,+15.962, +8.771,+0.997
1636374660,+3.42,+15.945, +8.767,+0.996
1636374720,+3.42,+15.954, +8.761,+0.997
1636374780,+3.42,+15.954, +8.762,+0.996
1636374840,+3.42,+15.962, +8.766,+0.997
1636374900,+3.42,+15.937, +8.783,+0.997
1636374960,+3.42,+15.954, +8.754,+0.996
1636375020,+3.42,+15.954, +8.753,+0.997
1636375080,+3.42,+15.945, +8.751,+0.997
1636375140,+3.42,+15.954, +8.747,+0.997
1636375200,+3.42,+15.928, +8.743,+0.996
1636375260,+3.42,+15.945, +8.742,+0.996
1636375320,+3.42,+15.920, +8.764,+0.997
1636375380,+3.42,+15.928, +8.768,+0.997
1636375440,+3.42,+15.920, +8.760,+0.996
1636375500,+3.42,+15.937, +8.760,+0.996
1636375560,+3.42,+15.928, +8.761,+0.996
1636375620,+3.42,+15.928, +8.769,+0.997
1636375680,+3.42,+15.911, +8.780,+0.997
1636375740,+3.42,+15.928, +8.762,+0.997
1636375800,+3.42,+15.920, +8.769,+0.997
1636375860,+3.42,+15.911, +8.754,+0.997
1636375920,+3.42,+15.920, +8.723,+0.996
1636375980,+3.42,+15.920, +8.718,+0.997
1636376040,+3.42,+15.928, +8.726,+0.997
1636376100,+3.42,+15.937, +8.734,+0.997
1636376160,+3.42,+15.928, +8.735,+0.997
1636376220,+3.42,+15.920, +8.752,+0.997
1636376280,+3.42,+15.920, +8.739,+0.997
1636376340,+3.42,+15.920, +8.707,+0.996
1636376400,+3.42,+15.911, +8.686,+0.996
1636376460,+3.42,+15.920, +8.680,+0.997
1636376520,+3.42,+15.885, +8.669,+0.997
1636376580,+3.42,+15.911, +8.624,+0.996
1636376640,+3.42,+15.894, +8.611,+0.996
1636376700,+3.42,+15.885, +8.614,+0.997
1636376760,+3.42,+15.877, +8.574,+0.996
1636376820,+3.42,+15.903, +8.566,+0.995
1636376880,+3.42,+15.885, +8.588,+0.996
1636376940,+3.42,+15.894, +8.612,+0.996
1636377000,+3.42,+15.920, +8.622,+0.996
1636377060,+3.42,+15.911, +8.615,+0.996
1636377120,+3.42,+15.868, +8.579,+0.996
1636377180,+3.42,+15.851, +8.556,+0.996
1636377240,+3.42,+15.851, +8.543,+0.996
1636377300,+3.42,+15.843, +8.520,+0.996
1636377360,+3.42,+15.834, +8.454,+0.996
1636377420,+3.42,+15.826, +8.424,+0.995
1636377480,+3.42,+15.808, +8.408,+0.995
1636377540,+3.42,+15.808, +8.396,+0.996
1636377600,+3.42,+15.834, +8.413,+0.996
1636377660,+3.42,+15.834, +8.433,+0.996
1636377720,+3.42,+15.808, +8.466,+0.996
1636377780,+3.42,+15.834, +8.388,+0.995
1636377840,+3.42,+15.817, +8.330,+0.995
1636377900,+3.42,+15.783, +8.282,+0.995
1636377960,+3.42,+15.783, +8.276,+0.995
1636378020,+3.42,+15.774, +8.287,+0.995
1636378080,+3.42,+15.783, +8.282,+0.995
1636378140,+3.42,+15.800, +8.270,+0.995
1636378200,+3.42,+15.791, +8.287,+0.995
1636378260,+3.42,+15.791, +8.260,+0.995
1636378320,+3.42,+15.774, +8.264,+0.995
1636378380,+3.42,+15.817, +8.296,+0.995
1636378440,+3.42,+15.826, +8.388,+0.996
1636378500,+3.42,+15.843, +8.424,+0.996
1636378560,+3.42,+15.826, +8.382,+0.996
1636378620,+3.42,+15.851, +8.369,+0.996
1636378680,+3.42,+15.834, +8.377,+0.997
1636378740,+3.42,+15.860, +8.415,+0.996
1636378800,+3.42,+15.877, +8.447,+0.996
1636378860,+3.42,+15.868, +8.471,+0.996
1636378920,+3.42,+15.868, +8.477,+0.997
1636378980,+3.42,+15.860, +8.467,+0.997
1636379040,+3.42,+15.868, +8.434,+0.997
1636379100,+3.42,+15.877, +8.395,+0.996
1636379160,+3.42,+15.851, +8.386,+0.996
1636379220,+3.42,+15.843, +8.359,+0.996
1636379280,+3.42,+15.851, +8.340,+0.996
1636379340,+3.42,+15.851, +8.337,+0.996
1636379400,+3.42,+15.860, +8.370,+0.996
1636379460,+3.42,+15.860, +8.397,+0.996
1636379520,+3.42,+15.877, +8.415,+0.996
1636379580,+3.42,+15.868, +8.415,+0.996
1636379640,+3.42,+15.851, +8.369,+0.996
1636379700,+3.42,+15.843, +8.332,+0.996
1636379760,+3.42,+15.834, +8.297,+0.996
1636379820,+3.42,+15.826, +8.294,+0.996
1636379880,+3.42,+15.817, +8.269,+0.996
1636379940,+3.42,+15.843, +8.281,+0.996
1636380000,+3.42,+15.851, +8.322,+0.996
1636380060,+3.42,+15.851, +8.359,+0.996
1636380120,+3.42,+15.877, +8.393,+0.997
1636380180,+3.42,+15.894, +8.412,+0.996
1636380240,+3.42,+15.868, +8.449,+0.997
1636380300,+3.42,+15.877, +8.462,+0.997
1636380360,+3.42,+15.868, +8.459,+0.996
1636380420,+3.42,+15.868, +8.467,+0.996
1636380480,+3.42,+15.877, +8.488,+0.997
1636380540,+3.42,+15.868, +8.498,+0.997
1636380600,+3.42,+15.885, +8.491,+0.996
1636380660,+3.42,+15.877, +8.488,+0.997
1636380720,+3.42,+15.885, +8.478,+0.996
1636380780,+3.42,+15.885, +8.471,+0.997
1636380840,+3.42,+15.868, +8.477,+0.997
1636380900,+3.42,+15.894, +8.474,+0.996
1636380960,+3.42,+15.885, +8.468,+0.997
1636381020,+3.42,+15.877, +8.448,+0.996
1636381080,+3.42,+15.868, +8.453,+0.996
1636381140,+3.42,+15.885, +8.465,+0.997
1636381200,+3.42,+15.877, +8.476,+0.997
1636381260,+3.42,+15.860, +8.491,+0.996
1636381320,+3.42,+15.868, +8.489,+0.996
1636381380,+3.42,+15.877, +8.485,+0.996
1636381440,+3.42,+15.877, +8.481,+0.996
1636381500,+3.42,+15.868, +8.489,+0.997
1636381560,+3.42,+15.860, +8.480,+0.996
1636381620,+3.42,+15.851, +8.481,+0.996
1636381680,+3.42,+15.860, +8.470,+0.996
1636381740,+3.42,+15.860, +8.453,+0.996
1636381800,+3.42,+15.851, +8.448,+0.996
1636381860,+3.42,+15.868, +8.441,+0.996
1636381920,+3.42,+15.868, +8.442,+0.996
1636381980,+3.42,+15.860, +8.454,+0.996
1636382040,+3.42,+15.860, +8.458,+0.997
1636382100,+3.42,+15.851, +8.466,+0.997
1636382160,+3.42,+15.877, +8.470,+0.996
1636382220,+3.42,+15.877, +8.486,+0.997
1636382280,+3.42,+15.877, +8.501,+0.997
1636382340,+3.42,+15.860, +8.501,+0.996
1636382400,+3.42,+15.860, +8.509,+0.997
1636382460,+3.42,+15.860, +8.522,+0.996
1636382520,+3.42,+15.851, +8.528,+0.996
1636382580,+3.42,+15.868, +8.520,+0.997
1636382640,+3.42,+15.860, +8.499,+0.996
1636382700,+3.42,+15.877, +8.506,+0.996
1636382760,+3.42,+15.868, +8.525,+0.997
1636382820,+3.42,+15.860, +8.512,+0.996
1636382880,+3.42,+15.877, +8.520,+0.997
1636382940,+3.42,+15.868, +8.526,+0.996
1636383000,+3.42,+15.877, +8.535,+0.996
1636383060,+3.42,+15.868, +8.541,+0.997
1636383120,+3.42,+15.877, +8.548,+0.996
1636383180,+3.42,+15.877, +8.555,+0.996
1636383240,+3.42,+15.877, +8.563,+0.996
1636383300,+3.42,+15.868, +8.581,+0.997
1636383360,+3.42,+15.877, +8.597,+0.997
1636383420,+3.42,+15.885, +8.586,+0.996
1636383480,+3.42,+15.894, +8.592,+0.996
1636383540,+3.42,+15.885, +8.602,+0.997
1636383600,+3.42,+15.911, +8.584,+0.996
1636383660,+3.42,+15.903, +8.605,+0.997
1636383720,+3.42,+15.903, +8.613,+0.997
1636383780,+3.42,+15.911, +8.612,+0.997
1636383840,+3.42,+15.911, +8.624,+0.996
1636383900,+3.42,+15.937, +8.616,+0.996
1636383960,+3.42,+15.911, +8.635,+0.997
1636384020,+3.42,+15.928, +8.629,+0.996
1636384080,+3.42,+15.928, +8.644,+0.997
1636384140,+3.42,+15.920, +8.645,+0.996
1636384200,+3.42,+15.937, +8.635,+0.996
1636384260,+3.42,+15.928, +8.647,+0.996
1636384320,+3.42,+15.945, +8.660,+0.997
1636384380,+3.42,+15.954, +8.648,+0.996
1636384440,+3.42,+15.954, +8.640,+0.997
1636384500,+3.42,+15.945, +8.608,+0.996
1636384560,+3.42,+15.945, +8.625,+0.997
1636384620,+3.42,+15.954, +8.639,+0.997
1636384680,+3.42,+15.945, +8.617,+0.997
1636384740,+3.42,+15.962, +8.446,+0.996
1636384800,+3.42,+15.962, +8.209,+0.997
1636384860,+3.42,+15.911, +8.041,+0.997
1636384920,+3.42,+15.903, +7.919,+0.996
1636384980,+3.42,+15.911, +7.877,+0.996
1636385040,+3.42,+15.911, +7.773,+0.996
1636385100,+3.42,+15.911, +7.732,+0.996
1636385160,+3.42,+15.894, +7.686,+0.995
1636385220,+3.42,+15.877, +7.672,+0.995
1636385280,+3.42,+15.877, +7.640,+0.995
1636385340,+3.42,+15.860, +7.629,+0.996
1636385400,+3.42,+15.843, +7.624,+0.996
1636385460,+3.42,+15.843, +7.660,+0.996
1636385520,+3.42,+15.868, +7.720,+0.996
1636385580,+3.42,+15.911, +7.801,+0.996
1636385640,+3.42,+15.920, +7.872,+0.996
1636385700,+3.42,+15.920, +7.889,+0.996
1636385760,+3.42,+15.920, +7.925,+0.996
1636385820,+3.42,+15.928, +7.881,+0.996
1636385880,+3.42,+15.920, +7.871,+0.996
1636385940,+3.42,+15.920, +7.900,+0.996
1636386000,+3.42,+15.903, +7.892,+0.996
1636386060,+3.42,+15.903, +7.907,+0.996
1636386120,+3.42,+15.937, +7.996,+0.996
1636386180,+3.42,+15.937, +8.075,+0.996
1636386240,+3.42,+15.903, +8.026,+0.996
1636386300,+3.42,+15.911, +7.989,+0.996
1636386360,+3.42,+15.877, +7.947,+0.996
1636386420,+3.42,+15.851, +7.933,+0.996
1636386480,+3.42,+15.877, +7.945,+0.996
1636386540,+3.42,+15.885, +8.026,+0.997
1636386600,+3.42,+15.868, +8.081,+0.997
1636386660,+3.42,+15.885, +8.087,+0.996
1636386720,+3.42,+15.877, +8.114,+0.996
1636386780,+3.42,+15.877, +8.145,+0.996
1636386840,+3.42,+15.860, +8.148,+0.997
1636386900,+3.42,+15.851, +8.136,+0.996
1636386960,+3.42,+15.834, +8.154,+0.996
1636387020,+3.42,+15.851, +8.190,+0.997
1636387080,+3.42,+15.894, +8.212,+0.997
1636387140,+3.42,+15.911, +8.214,+0.996
1636387200,+3.42,+15.911, +8.219,+0.996
1636387260,+3.42,+15.911, +8.213,+0.996
1636387320,+3.42,+15.911, +8.218,+0.996
1636387380,+3.42,+15.911, +8.222,+0.997
1636387440,+3.42,+15.928, +8.197,+0.996
1636387500,+3.42,+15.920, +8.198,+0.997
1636387560,+3.42,+15.885, +8.207,+0.997
1636387620,+3.42,+15.894, +8.186,+0.996
1636387680,+3.42,+15.903, +8.181,+0.996
1636387740,+3.42,+15.920, +8.201,+0.996
1636387800,+3.42,+15.894, +8.206,+0.996
1636387860,+3.42,+15.894, +8.210,+0.996
1636387920,+3.42,+15.903, +8.214,+0.996
1636387980,+3.42,+15.903, +8.291,+0.996
1636388040,+3.42,+15.937, +8.408,+0.996
1636388100,+3.42,+15.979, +8.513,+0.997
1636388160,+3.42,+16.005, +8.560,+0.997
1636388220,+3.42,+16.022, +8.559,+0.997
1636388280,+3.42,+16.031, +8.549,+0.997
1636388340,+3.42,+16.022, +8.549,+0.997
1636388400,+3.42,+16.031, +8.536,+0.997
1636388460,+3.42,+16.039, +8.588,+0.997
1636388520,+3.42,+16.065, +8.604,+0.997
1636388580,+3.42,+16.065, +8.584,+0.997
1636388640,+3.42,+16.065, +8.616,+0.996
1636388700,+3.42,+16.056, +8.559,+0.996
1636388760,+3.42,+16.014, +8.478,+0.997
1636388820,+3.42,+15.971, +8.432,+0.996
1636388880,+3.42,+16.022, +8.538,+0.997
1636388940,+3.42,+16.022, +8.580,+0.997
1636389000,+3.42,+16.022, +8.604,+0.997
1636389060,+3.42,+16.056, +8.640,+0.997
1636389120,+3.42,+16.048, +8.606,+0.997
1636389180,+3.42,+16.031, +8.560,+0.996
1636389240,+3.42,+16.022, +8.627,+0.997
1636389300,+3.42,+16.022, +8.596,+0.996
1636389360,+3.42,+16.048, +8.673,+0.997
1636389420,+3.42,+16.056, +8.676,+0.996
1636389480,+3.42,+16.056, +8.684,+0.997
1636389540,+3.42,+16.125, +8.775,+0.997
1636389600,+3.42,+16.142, +8.803,+0.997
1636389660,+3.42,+16.184, +8.830,+0.997
1636389720,+3.42,+16.219, +8.863,+0.997
1636389780,+3.42,+16.210, +8.839,+0.997
1636389840,+3.42,+16.201, +8.786,+0.997
1636389900,+3.42,+16.193, +8.790,+0.997
1636389960,+3.42,+16.133, +8.637,+0.996
1636390020,+3.42,+16.056, +8.593,+0.996
1636390080,+3.42,+16.082, +8.711,+0.996
1636390140,+3.42,+16.056, +8.604,+0.996
1636390200,+3.42,+16.005, +8.587,+0.996
1636390260,+3.42,+16.014, +8.671,+0.996
1636390320,+3.42,+16.082, +8.769,+0.997
1636390380,+3.42,+16.099, +8.758,+0.997
1636390440,+3.42,+16.116, +8.760,+0.997
1636390500,+3.42,+16.056, +8.676,+0.997
1636390560,+3.42,+16.056, +8.634,+0.996
1636390620,+3.42,+16.073, +8.737,+0.997
1636390680,+3.42,+16.073, +8.735,+0.996
1636390740,+3.42,+16.116, +8.833,+0.997
1636390800,+3.42,+16.150, +8.792,+0.996
1636390860,+3.42,+16.082, +8.725,+0.996
1636390920,+3.42,+16.108, +8.789,+0.997
1636390980,+3.42,+16.125, +8.856,+0.997
1636391040,+3.42,+16.159, +8.856,+0.997
1636391100,+3.42,+16.184, +8.858,+0.997
1636391160,+3.42,+16.201, +8.873,+0.997
1636391220,+3.42,+16.219, +8.880,+0.997
1636391280,+3.42,+16.201, +8.873,+0.997
1636391340,+3.42,+16.210, +8.857,+0.997
1636391400,+3.42,+16.201, +8.858,+0.996
1636391460,+3.42,+16.210, +8.875,+0.997
1636391520,+3.42,+16.210, +8.866,+0.997
1636391580,+3.42,+16.193, +8.857,+0.997
1636391640,+3.42,+16.176, +8.830,+0.997
1636391700,+3.42,+16.159, +8.829,+0.997
1636391760,+3.42,+16.159, +8.845,+0.997
1636391820,+3.42,+16.184, +8.858,+0.997
1636391880,+3.42,+16.176, +8.859,+0.997
1636391940,+3.42,+16.184, +8.830,+0.997
1636392000,+3.42,+16.150, +8.838,+0.997
1636392060,+3.42,+16.184, +8.825,+0.997
1636392120,+3.42,+16.150, +8.840,+0.997
1636392180,+3.42,+16.227, +8.946,+0.997
1636392240,+3.42,+16.236, +8.909,+0.997
1636392300,+3.42,+16.219, +8.809,+0.996
1636392360,+3.42,+16.176, +8.777,+0.996
1636392420,+3.42,+16.142, +8.781,+0.997
1636392480,+3.42,+16.116, +8.773,+0.996
1636392540,+3.42,+16.091, +8.755,+0.996
1636392600,+3.42,+16.082, +8.761,+0.996
1636392660,+3.42,+16.091, +8.750,+0.996
1636392720,+3.42,+16.082, +8.765,+0.997
1636392780,+3.42,+16.073, +8.774,+0.997
1636392840,+3.42,+16.073, +8.759,+0.996
1636392900,+3.42,+16.065, +8.758,+0.997
1636392960,+3.42,+16.056, +8.775,+0.996
1636393020,+3.42,+16.082, +8.779,+0.997
1636393080,+3.42,+16.073, +8.756,+0.997
1636393140,+3.42,+16.048, +8.731,+0.996
1636393200,+3.42,+16.065, +8.770,+0.997
1636393260,+3.42,+16.091, +8.785,+0.996
1636393320,+3.42,+16.082, +8.782,+0.997
1636393380,+3.42,+16.091, +8.792,+0.996
1636393440,+3.42,+16.091, +8.772,+0.997
1636393500,+3.42,+16.099, +8.792,+0.997
1636393560,+3.42,+16.116, +8.807,+0.996
1636393620,+3.42,+16.159, +8.852,+0.997
1636393680,+3.42,+16.184, +8.865,+0.997
1636393740,+3.42,+16.176, +8.832,+0.997
1636393800,+3.42,+16.184, +8.847,+0.997
1636393860,+3.42,+16.227, +8.891,+0.997
1636393920,+3.42,+16.244, +8.916,+0.997
1636393980,+3.42,+16.270, +8.924,+0.997
1636394040,+3.42,+16.304, +8.973,+0.997
1636394100,+3.42,+16.338, +8.967,+0.997
1636394160,+3.42,+16.312, +8.927,+0.997
1636394220,+3.42,+16.364, +9.007,+0.997
1636394280,+3.42,+16.381, +8.967,+0.997
1636394340,+3.42,+16.398, +8.989,+0.997
1636394400,+3.41,+16.457, +9.047,+0.997
1636394460,+3.41,+16.466, +9.011,+0.997
1636394520,+3.41,+16.474, +9.057,+0.997
1636394580,+3.41,+16.534, +9.049,+0.997
1636394640,+3.41,+16.559, +9.079,+0.998
1636394700,+3.41,+16.585, +9.067,+0.997
1636394760,+3.41,+16.610, +9.071,+0.997
1636394820,+3.41,+16.619, +9.087,+0.997
1636394880,+3.41,+16.619, +9.097,+0.998
1636394940,+3.41,+16.644, +9.093,+0.998
1636395000,+3.41,+16.644, +9.072,+0.997
1636395060,+3.41,+16.661, +9.091,+0.998
1636395120,+3.41,+16.661, +9.101,+0.998
1636395180,+3.41,+16.704, +9.099,+0.998
1636395240,+3.41,+16.704, +9.100,+0.997
1636395300,+3.41,+16.704, +9.093,+0.998
1636395360,+3.41,+16.687, +9.086,+0.997
1636395420,+3.41,+16.678, +9.063,+0.998
1636395480,+3.41,+16.636, +9.085,+0.997
1636395540,+3.41,+16.678, +9.099,+0.998
1636395600,+3.41,+16.687, +9.113,+0.998
1636395660,+3.41,+16.695, +9.111,+0.998
1636395720,+3.41,+16.670, +9.091,+0.997
1636395780,+3.41,+16.678, +9.087,+0.997
1636395840,+3.41,+16.670, +3.383,+0.928
1636395900,+3.41,+16.661, +3.211,+0.945
1636395960,+3.41,+16.661, +3.347,+0.950
1636396020,+3.41,+16.644, +3.513,+0.956
1636396080,+3.41,+16.636, +3.714,+0.959
1636396140,+3.41,+16.653, +3.913,+0.963
1636396200,+3.41,+16.644, +4.103,+0.967
1636396260,+3.41,+16.619, +4.294,+0.971
1636396320,+3.41,+16.576, +4.981,+0.976
1636396380,+3.41,+16.559, +6.990,+0.975
1636396440,+3.41,+16.585, +7.271,+0.978
1636396500,+3.41,+16.593, +7.545,+0.983
1636396560,+3.41,+16.653, +7.775,+0.986
1636396620,+3.41,+16.713, +8.034,+0.989
1636396680,+3.41,+16.644, +8.344,+0.994
1636396740,+3.41,+16.576, +8.420,+0.995
1636396800,+3.41,+16.568, +8.550,+0.996
1636396860,+3.41,+16.551, +8.667,+0.997
1636396920,+3.41,+16.568, +8.706,+0.997
1636396980,+3.41,+16.585, +8.819,+0.998
1636397040,+3.41,+16.610, +8.878,+0.997
1636397100,+3.41,+16.619, +8.840,+0.997
1636397160,+3.41,+16.576, +8.777,+0.997
1636397220,+3.41,+16.559, +8.811,+0.997
1636397280,+3.41,+16.508, +8.768,+0.997
1636397340,+3.41,+16.457, +8.763,+0.997
1636397400,+3.41,+16.449, +8.794,+0.997
1636397460,+3.42,+16.432, +8.800,+0.996
1636397520,+3.42,+16.398, +8.788,+0.997
1636397580,+3.42,+16.398, +8.818,+0.997
1636397640,+3.42,+16.381, +8.823,+0.997
1636397700,+3.42,+16.355, +8.819,+0.997
1636397760,+3.42,+16.338, +8.849,+0.997
1636397820,+3.42,+16.381, +8.874,+0.997
1636397880,+3.42,+16.389, +8.892,+0.997
1636397940,+3.42,+16.389, +8.858,+0.997
1636398000,+3.42,+16.389, +8.897,+0.997
1636398060,+3.42,+16.440, +9.016,+0.997
1636398120,+3.41,+16.551, +9.060,+0.997
1636398180,+3.41,+16.585, +9.020,+0.997
1636398240,+3.41,+16.517, +8.927,+0.996
1636398300,+3.41,+16.568, +9.023,+0.997
1636398360,+3.41,+16.644, +9.092,+0.997
1636398420,+3.41,+16.670, +9.053,+0.997
1636398480,+3.41,+16.687, +9.055,+0.997
1636398540,+3.41,+16.738, +9.118,+0.997
1636398600,+3.41,+16.738, +9.083,+0.998
1636398660,+3.41,+16.764, +9.093,+0.998
1636398720,+3.41,+16.806, +9.117,+0.997
1636398780,+3.42,+16.857, +9.145,+0.998
1636398840,+3.42,+16.882, +9.148,+0.998
1636398900,+3.42,+16.925, +9.173,+0.998
1636398960,+3.42,+16.950, +9.188,+0.998
1636399020,+3.42,+16.993, +9.213,+0.997
1636399080,+3.42,+17.018, +9.235,+0.998
1636399140,+3.42,+17.044, +9.270,+0.997
1636399200,+3.42,+17.052, +9.278,+0.997
1636399260,+3.42,+17.069, +9.262,+0.998
1636399320,+3.42,+17.061, +9.247,+0.998
1636399380,+3.42,+17.052, +9.261,+0.998
1636399440,+3.42,+17.078, +9.261,+0.998
1636399500,+3.42,+17.069, +9.238,+0.997
1636399560,+3.42,+17.078, +9.275,+0.998
1636399620,+3.42,+17.044, +9.207,+0.998
1636399680,+3.42,+16.950, +9.047,+0.997
1636399740,+3.42,+16.882, +9.049,+0.998
1636399800,+3.42,+16.840, +9.007,+0.997
1636399860,+3.42,+16.831, +9.109,+0.997
1636399920,+3.41,+16.772, +8.949,+0.997
1636399980,+3.41,+16.704, +8.900,+0.997
1636400040,+3.41,+16.644, +8.867,+0.996
1636400100,+3.41,+16.619, +8.867,+0.997
1636400160,+3.41,+16.585, +1.154,+0.963
1636400220,+3.41,+16.576, +1.294,+0.977
1636400280,+3.41,+16.525, +1.572,+0.985
1636400340,+3.41,+16.466, +1.806,+0.988
1636400400,+3.42,+16.423, +1.975,+0.991
1636400460,+3.42,+16.406, +2.143,+0.992
1636400520,+3.42,+16.398, +2.299,+0.993
1636400580,+3.42,+16.372, +2.451,+0.994
1636400640,+3.42,+16.346, +2.596,+0.994
1636400700,+3.42,+16.329, +2.730,+0.994
1636400760,+3.42,+16.321, +2.875,+0.995
1636400820,+3.42,+16.304, +3.023,+0.995
1636400880,+3.42,+16.295, +3.164,+0.995
1636400940,+3.42,+16.261, +3.306,+0.995
1636401000,+3.42,+16.253, +3.436,+0.995
1636401060,+3.42,+16.270, +3.544,+0.995
1636401120,+3.42,+16.270, +3.658,+0.996
1636401180,+3.42,+16.278, +3.774,+0.996
1636401240,+3.42,+16.270, +3.897,+0.996
1636401300,+3.42,+16.278, +4.002,+0.996
1636401360,+3.42,+16.278, +4.101,+0.996
1636401420,+3.42,+16.287, +4.208,+0.996
1636401480,+3.42,+16.321, +4.306,+0.996
1636401540,+3.42,+16.346, +4.400,+0.996
1636401600,+3.42,+16.355, +4.509,+0.996
1636401660,+3.42,+16.381, +4.603,+0.996
1636401720,+3.42,+16.389, +4.705,+0.996
1636401780,+3.42,+16.415, +4.811,+0.996
1636401840,+3.42,+16.432, +4.924,+0.997
1636401900,+3.42,+16.440, +5.020,+0.997
1636401960,+3.42,+16.466, +5.108,+0.997
1636402020,+3.42,+16.449, +5.189,+0.997
1636402080,+3.42,+16.440, +5.266,+0.997
1636402140,+3.42,+16.457, +5.330,+0.997
1636402200,+3.42,+16.449, +5.403,+0.997
1636402260,+3.42,+16.449, +5.482,+0.997
1636402320,+3.42,+16.457, +5.558,+0.997
1636402380,+3.42,+16.491, +5.630,+0.997
1636402440,+3.41,+16.517, +5.703,+0.997
1636402500,+3.41,+16.525, +5.773,+0.997
1636402560,+3.41,+16.568, +5.839,+0.997
1636402620,+3.41,+16.568, +5.900,+0.997
1636402680,+3.41,+16.593, +5.970,+0.997
1636402740,+3.41,+16.627, +6.054,+0.997
1636402800,+3.41,+16.610, +6.156,+0.997
1636402860,+3.41,+16.610, +6.250,+0.997
1636402920,+3.41,+16.755, +6.312,+0.997
1636402980,+3.42,+16.874, +6.364,+0.997
1636403040,+3.41,+16.789, +6.443,+0.997
1636403100,+3.41,+16.713, +6.521,+0.998
1636403160,+3.41,+16.747, +6.587,+0.997
1636403220,+3.41,+16.764, +6.648,+0.997
