7450-162132
OS REV: 1.05 Sensor Cal: 1626366653
Time (sec),  BV (Volts),  T (deg C),  DO (mg/l),  Q ()
1636391640,+3.52,+18.324, +9.145,+0.974
1636392240,+3.52,+18.333, +9.233,+0.974
1636392840,+3.52,+18.307, +9.169,+0.974
1636393440,+3.51,+18.400, +9.278,+0.974
1636394040,+3.51,+18.400, +9.291,+0.974
1636394640,+3.51,+18.383, +9.199,+0.974
1636395240,+3.51,+18.383, +9.211,+0.975
1636395840,+3.51,+18.400, +9.236,+0.974
1636396440,+3.51,+18.392, +9.228,+0.975
1636397040,+3.51,+18.434, +9.276,+0.974
1636397640,+3.51,+18.408, +9.149,+0.974
1636398240,+3.51,+18.434, +9.258,+0.975
1636398840,+3.51,+18.459, +9.266,+0.974
1636399440,+3.51,+18.459, +9.329,+0.974
1636400040,+3.51,+18.484, +9.289,+0.974
1636400640,+3.51,+18.509, +9.396,+0.974
1636401240,+3.51,+18.518, +9.411,+0.974
1636401840,+3.51,+18.509, +9.423,+0.974
1636402440,+3.51,+18.543, +9.425,+0.975
1636403040,+3.51,+18.535, +9.379,+0.975
1636403640,+3.51,+18.526, +9.411,+0.974
1636404240,+3.51,+18.535, +9.390,+0.975
1636404840,+3.51,+18.568, +9.330,+0.974
1636405440,+3.51,+18.535, +9.343,+0.974
1636406040,+3.51,+18.560, +9.361,+0.974
1636406640,+3.51,+18.551, +9.363,+0.974
1636407240,+3.51,+18.568, +9.341,+0.974
1636407840,+3.51,+18.560, +9.336,+0.974
1636408440,+3.51,+18.551, +9.265,+0.974
1636409040,+3.51,+18.543, +9.286,+0.974
1636409640,+3.51,+18.543, +9.320,+0.974
1636410240,+3.51,+18.535, +9.288,+0.974
1636410840,+3.51,+18.560, +9.277,+0.973
1636411440,+3.51,+18.535, +9.299,+0.974
1636412040,+3.51,+18.551, +9.254,+0.974
1636412640,+3.51,+18.535, +9.266,+0.974
1636413240,+3.51,+18.535, +9.272,+0.974
1636413840,+3.51,+18.526, +9.272,+0.975
1636414440,+3.51,+18.526, +9.248,+0.974
1636415040,+3.51,+18.518, +9.234,+0.974
1636415640,+3.51,+18.526, +9.239,+0.974
1636416240,+3.51,+18.535, +9.221,+0.974
1636416840,+3.51,+18.560, +9.219,+0.974
1636417440,+3.51,+18.543, +9.222,+0.974
1636418040,+3.51,+18.526, +9.228,+0.974
1636418640,+3.51,+18.543, +9.214,+0.974
1636419240,+3.51,+18.535, +9.221,+0.974
1636419840,+3.51,+18.535, +9.200,+0.974
1636420440,+3.51,+18.526, +9.193,+0.973
1636421040,+3.51,+18.535, +9.188,+0.974
1636421640,+3.51,+18.518, +9.197,+0.974
1636422240,+3.51,+18.518, +9.189,+0.975
1636422840,+3.51,+18.509, +9.169,+0.974
1636423440,+3.51,+18.518, +9.155,+0.974
1636424040,+3.51,+18.484, +9.178,+0.974
1636424640,+3.51,+18.493, +9.171,+0.974
1636425240,+3.51,+18.493, +9.163,+0.974
1636425840,+3.51,+18.484, +9.152,+0.974
1636426440,+3.51,+18.476, +9.151,+0.974
1636427040,+3.51,+18.467, +9.154,+0.974
1636427640,+3.51,+18.467, +9.127,+0.975
1636428240,+3.51,+18.476, +9.120,+0.975
1636428840,+3.51,+18.467, +9.113,+0.974
1636429440,+3.51,+18.467, +9.088,+0.975
1636430040,+3.51,+18.467, +9.092,+0.974
1636430640,+3.51,+18.459, +9.091,+0.974
1636431240,+3.51,+18.459, +9.077,+0.975
1636431840,+3.51,+18.425, +9.079,+0.974
1636432440,+3.51,+18.442, +9.063,+0.974
1636433040,+3.51,+18.434, +9.054,+0.974
1636433640,+3.51,+18.434, +9.036,+0.974
1636434240,+3.51,+18.434, +9.019,+0.974
1636434840,+3.51,+18.425, +8.978,+0.974
1636435440,+3.51,+18.400, +8.890,+0.974
1636436040,+3.51,+18.400, +8.889,+0.975
1636436640,+3.51,+18.400, +8.826,+0.974
1636437240,+3.51,+18.400, +8.656,+0.974
1636437840,+3.51,+18.392, +8.646,+0.974
1636438440,+3.51,+18.383, +8.505,+0.974
1636439040,+3.51,+18.358, +8.435,+0.974
1636439640,+3.51,+18.375, +8.261,+0.975
1636440240,+3.51,+18.375, +8.319,+0.974
1636440840,+3.51,+18.358, +7.902,+0.974
1636441440,+3.51,+18.358, +7.741,+0.974
1636442040,+3.51,+18.366, +7.625,+0.974
1636442640,+3.51,+18.333, +7.611,+0.974
1636443240,+3.51,+18.350, +7.604,+0.974
1636443840,+3.51,+18.333, +7.544,+0.974
1636444440,+3.51,+18.358, +7.539,+0.974
1636445040,+3.51,+18.333, +7.491,+0.974
1636445640,+3.51,+18.341, +7.453,+0.974
1636446240,+3.51,+18.333, +7.446,+0.974
1636446840,+3.51,+18.333, +7.404,+0.974
1636447440,+3.51,+18.341, +7.392,+0.974
1636448040,+3.51,+18.324, +7.402,+0.974
1636448640,+3.51,+18.333, +7.408,+0.974
1636449240,+3.51,+18.333, +7.410,+0.974
1636449840,+3.51,+18.324, +7.418,+0.974
1636450440,+3.52,+18.316, +7.428,+0.974
1636451040,+3.51,+18.341, +7.425,+0.974
1636451640,+3.51,+18.333, +7.432,+0.974
1636452240,+3.51,+18.341, +7.426,+0.974
1636452840,+3.51,+18.333, +7.420,+0.974
1636453440,+3.51,+18.333, +7.411,+0.974
1636454040,+3.51,+18.324, +7.414,+0.974
1636454640,+3.51,+18.307, +7.426,+0.974
1636455240,+3.51,+18.307, +7.439,+0.974
1636455840,+3.51,+18.316, +7.442,+0.974
1636456440,+3.51,+18.299, +7.434,+0.974
1636457040,+3.52,+18.307, +7.440,+0.974
1636457640,+3.51,+18.307, +7.447,+0.974
1636458240,+3.51,+18.324, +7.452,+0.974
1636458840,+3.51,+18.324, +7.444,+0.974
1636459440,+3.51,+18.324, +7.457,+0.974
1636460040,+3.52,+18.316, +7.451,+0.974
1636460640,+3.51,+18.307, +7.438,+0.974
1636461240,+3.51,+18.341, +7.421,+0.974
1636461840,+3.52,+18.316, +7.435,+0.974
1636462440,+3.51,+18.333, +7.455,+0.974
1636463040,+3.52,+18.324, +7.469,+0.974
1636463640,+3.52,+18.316, +7.476,+0.974
1636464240,+3.51,+18.324, +7.526,+0.974
1636464840,+3.51,+18.316, +7.509,+0.974
1636465440,+3.51,+18.324, +7.542,+0.974
1636466040,+3.51,+18.324, +7.512,+0.974
1636466640,+3.51,+18.333, +7.555,+0.973
1636467240,+3.51,+18.333, +7.551,+0.974
1636467840,+3.51,+18.324, +7.522,+0.974
1636468440,+3.51,+18.333, +7.599,+0.974
1636469040,+3.51,+18.366, +7.636,+0.974
1636469640,+3.51,+18.350, +7.681,+0.974
1636470240,+3.51,+18.358, +7.647,+0.974
1636470840,+3.51,+18.358, +7.675,+0.973
1636471440,+3.51,+18.358, +7.725,+0.974
1636472040,+3.51,+18.392, +7.694,+0.974
1636472640,+3.51,+18.383, +7.743,+0.974
1636473240,+3.51,+18.392, +7.706,+0.974
1636473840,+3.51,+18.392, +7.727,+0.973
1636474440,+3.51,+18.417, +7.751,+0.974
1636475040,+3.51,+18.425, +7.733,+0.973
1636475640,+3.51,+18.434, +7.784,+0.974
1636476240,+3.51,+18.442, +7.857,+0.974
1636476840,+3.51,+18.467, +7.843,+0.974
1636477440,+3.51,+18.467, +7.919,+0.974
1636478040,+3.51,+18.501, +7.996,+0.974
