7450-999280
OS REV: 1.05 Sensor Cal: 1624980208
Time (sec),  BV (Volts),  T (deg C),  DO (mg/l),  Q ()
1636478640,+3.51,+18.656, +9.728,+0.907
1636479240,+3.51,+18.639, +9.731,+0.907
1636479840,+3.51,+18.639, +9.729,+0.907
1636480440,+3.51,+18.639, +9.725,+0.907
1636481040,+3.51,+18.648, +9.748,+0.907
1636481640,+3.51,+18.631, +9.752,+0.908
1636482240,+3.51,+18.673, +9.851,+0.908
1636482840,+3.51,+18.673, +9.826,+0.907
1636483440,+3.51,+18.698, +9.903,+0.907
1636484040,+3.51,+18.690, +9.846,+0.907
1636484640,+3.51,+18.723, +9.938,+0.907
1636485240,+3.51,+18.748, +9.961,+0.908
1636485840,+3.51,+18.757, +9.926,+0.907
1636486440,+3.51,+18.774, +9.972,+0.907
1636487040,+3.51,+18.790, +9.983,+0.907
1636487640,+3.51,+18.807,+10.000,+0.907
1636488240,+3.51,+18.799,+10.032,+0.908
1636488840,+3.51,+18.824,+10.025,+0.908
1636489440,+3.51,+18.824,+10.006,+0.908
1636490040,+3.51,+18.841,+10.038,+0.908
1636490640,+3.51,+18.841, +9.994,+0.907
1636491240,+3.51,+18.841,+10.020,+0.908
1636491840,+3.51,+18.866,+10.048,+0.908
1636492440,+3.51,+18.874,+10.067,+0.908
1636493040,+3.51,+19.403,+10.030,+0.909
1636493640,+3.51,+19.922, +9.850,+0.909
1636494240,+3.52,+20.098, +9.603,+0.908
1636494840,+3.51,+20.224, +8.878,+0.905
