7450-121548
OS REV: 1.05 Sensor Cal: 1626366865
Time (sec),  BV (Volts),  T (deg C),  DO (mg/l),  Q ()
1636230900,+3.53,+21.507, +9.376,+0.947
1636231500,+3.53,+20.922, +9.433,+0.947
1636232100,+3.53,+20.462, +9.471,+0.948
1636232700,+3.53,+20.353, +9.428,+0.947
1636233300,+3.53,+20.420, +9.367,+0.948
1636233900,+3.53,+19.398,+11.191,+0.948
1636234500,+3.53,+18.332,+11.516,+0.950
1636235100,+3.53,+18.290,+11.529,+0.950
1636235700,+3.53,+18.265,+11.597,+0.950
1636236300,+3.53,+18.265,+11.625,+0.950
1636236900,+3.53,+18.282,+11.672,+0.951
1636237500,+3.53,+18.357,+11.712,+0.950
1636238100,+3.53,+18.315,+11.715,+0.950
1636238700,+3.53,+18.324,+11.765,+0.951
1636239300,+3.53,+18.340,+11.699,+0.950
1636239900,+3.53,+18.366,+11.727,+0.950
1636240500,+3.53,+18.425,+11.764,+0.950
1636241100,+3.53,+18.483,+11.871,+0.950
1636241700,+3.53,+18.441,+11.685,+0.951
1636242300,+3.53,+18.509,+11.705,+0.950
1636242900,+3.53,+18.576,+11.797,+0.950
1636243500,+3.53,+18.525,+11.682,+0.950
1636244100,+3.53,+18.500,+11.742,+0.950
1636244700,+3.53,+18.467,+11.629,+0.950
1636245300,+3.53,+18.475,+11.727,+0.951
1636245900,+3.53,+18.450,+11.690,+0.950
1636246500,+3.53,+18.441,+11.703,+0.950
1636247100,+3.53,+18.416,+11.682,+0.949
1636247700,+3.53,+18.399,+11.573,+0.950
1636248300,+3.53,+18.374,+11.576,+0.950
1636248900,+3.53,+18.366,+11.636,+0.950
1636249500,+3.53,+18.374,+11.633,+0.950
1636250100,+3.53,+18.357,+11.617,+0.950
1636250700,+3.53,+18.357,+11.597,+0.950
1636251300,+3.53,+18.374,+11.574,+0.949
1636251900,+3.53,+18.366,+11.581,+0.950
1636252500,+3.53,+18.340,+11.587,+0.950
1636253100,+3.53,+18.315,+11.553,+0.949
1636253700,+3.53,+18.332,+11.545,+0.949
1636254300,+3.53,+18.298,+11.549,+0.950
1636254900,+3.53,+18.315,+11.529,+0.950
1636255500,+3.53,+18.307,+11.503,+0.950
1636256100,+3.53,+18.307,+11.469,+0.950
1636256700,+3.53,+18.298,+11.449,+0.950
1636257300,+3.53,+18.307,+11.387,+0.950
1636257900,+3.53,+18.332,+11.368,+0.949
1636258500,+3.53,+18.357,+11.356,+0.949
1636259100,+3.53,+18.408,+11.335,+0.949
1636259700,+3.53,+18.349,+11.341,+0.949
1636260300,+3.53,+18.366,+11.317,+0.949
1636260900,+3.53,+18.366,+11.281,+0.949
1636261500,+3.53,+18.340,+11.215,+0.948
1636262100,+3.53,+18.298,+11.202,+0.948
1636262700,+3.53,+18.265,+11.177,+0.948
1636263300,+3.53,+18.265,+11.176,+0.949
1636263900,+3.53,+18.273,+11.112,+0.949
1636264500,+3.53,+18.290,+11.029,+0.949
1636265100,+3.53,+18.290,+11.057,+0.948
1636265700,+3.53,+18.265,+11.088,+0.949
1636266300,+3.53,+18.265,+11.046,+0.948
1636266900,+3.53,+18.231,+11.060,+0.948
1636267500,+3.53,+18.248,+11.067,+0.949
1636268100,+3.53,+18.256,+11.165,+0.949
1636268700,+3.53,+18.307,+11.153,+0.949
1636269300,+3.53,+18.290,+11.166,+0.949
1636269900,+3.53,+18.265,+11.116,+0.949
1636270500,+3.53,+18.324,+11.160,+0.949
1636271100,+3.53,+18.298,+11.109,+0.948
1636271700,+3.53,+18.332,+11.203,+0.950
1636272300,+3.53,+18.265,+11.119,+0.948
1636272900,+3.52,+18.282,+11.176,+0.949
1636273500,+3.53,+18.265,+11.153,+0.949
1636274100,+3.53,+18.273,+11.148,+0.949
1636274700,+3.53,+18.265,+11.138,+0.949
1636275300,+3.53,+18.265,+11.141,+0.949
1636275900,+3.53,+18.239,+11.126,+0.949
1636276500,+3.53,+18.223,+11.117,+0.948
1636277100,+3.53,+18.231,+11.135,+0.949
1636277700,+3.53,+18.239,+11.142,+0.949
1636278300,+3.52,+18.248,+11.161,+0.949
1636278900,+3.53,+18.265,+11.131,+0.948
1636279500,+3.52,+18.282,+11.138,+0.949
1636280100,+3.52,+18.256,+11.157,+0.949
1636280700,+3.52,+18.273,+11.192,+0.949
1636281300,+3.52,+18.265,+11.176,+0.948
1636281900,+3.52,+18.265,+11.153,+0.948
1636282500,+3.52,+18.248,+11.135,+0.948
1636283100,+3.52,+18.239,+11.117,+0.949
1636283700,+3.52,+18.239,+11.101,+0.948
1636284300,+3.52,+18.223,+11.092,+0.949
1636284900,+3.52,+18.197,+11.084,+0.949
1636285500,+3.52,+18.197,+11.090,+0.949
1636286100,+3.52,+18.189,+11.065,+0.948
1636286700,+3.52,+18.189,+11.064,+0.948
1636287300,+3.52,+18.180,+11.042,+0.947
1636287900,+3.52,+18.138,+11.077,+0.948
1636288500,+3.52,+18.155,+11.065,+0.949
1636289100,+3.52,+18.130,+11.053,+0.949
1636289700,+3.52,+18.122,+11.043,+0.948
1636290300,+3.52,+18.105,+11.066,+0.949
1636290900,+3.52,+18.096,+11.035,+0.949
1636291500,+3.52,+18.071,+11.047,+0.949
1636292100,+3.52,+18.046,+11.035,+0.948
1636292700,+3.52,+18.037,+11.044,+0.949
1636293300,+3.52,+18.037,+11.032,+0.947
1636293900,+3.52,+18.012,+11.095,+0.948
1636294500,+3.52,+18.012,+11.080,+0.948
1636295100,+3.52,+18.004,+11.089,+0.949
1636295700,+3.52,+18.012,+11.096,+0.949
1636296300,+3.52,+17.995,+11.092,+0.948
1636296900,+3.52,+18.020,+11.213,+0.949
1636297500,+3.52,+18.020,+11.190,+0.948
1636298100,+3.52,+18.004,+11.228,+0.949
1636298700,+3.52,+18.012,+11.241,+0.948
1636299300,+3.52,+18.054,+11.324,+0.949
1636299900,+3.52,+18.046,+11.305,+0.949
1636300500,+3.52,+18.054,+11.305,+0.949
1636301100,+3.52,+18.079,+11.346,+0.948
1636301700,+3.52,+18.079,+11.318,+0.948
1636302300,+3.52,+18.105,+11.358,+0.948
1636302900,+3.52,+18.088,+11.371,+0.949
1636303500,+3.52,+18.079,+11.350,+0.948
1636304100,+3.52,+18.096,+11.380,+0.948
1636304700,+3.52,+18.105,+11.407,+0.949
1636305300,+3.52,+18.122,+11.425,+0.949
1636305900,+3.52,+18.138,+11.419,+0.948
1636306500,+3.52,+18.172,+11.511,+0.949
1636307100,+3.52,+18.172,+11.493,+0.949
1636307700,+3.52,+18.164,+11.525,+0.949
1636308300,+3.52,+18.155,+11.443,+0.949
1636308900,+3.52,+18.164,+11.449,+0.949
1636309500,+3.52,+18.155,+11.434,+0.949
1636310100,+3.52,+18.147,+11.542,+0.949
1636310700,+3.52,+18.164,+11.510,+0.949
1636311300,+3.52,+18.164,+11.563,+0.949
1636311900,+3.52,+18.197,+11.630,+0.950
1636312500,+3.52,+18.248,+11.644,+0.948
1636313100,+3.52,+18.248,+11.629,+0.949
1636313700,+3.52,+18.391,+11.788,+0.949
1636314300,+3.52,+18.450,+11.713,+0.949
1636314900,+3.52,+18.357,+11.467,+0.949
1636315500,+3.52,+18.391,+11.759,+0.950
1636316100,+3.52,+18.382,+11.665,+0.949
1636316700,+3.52,+18.433,+11.653,+0.948
1636317300,+3.52,+18.425,+11.721,+0.949
