7450-121548
OS REV: 1.05 Sensor Cal: 1626366865
Time (sec),  BV (Volts),  T (deg C),  DO (mg/l),  Q ()
1636317900,+3.52,+18.408,+11.715,+0.949
1636318500,+3.52,+18.433,+11.645,+0.949
1636319100,+3.52,+18.433,+11.644,+0.948
1636319700,+3.52,+18.450,+11.581,+0.948
1636320300,+3.52,+18.450,+11.617,+0.950
1636320900,+3.52,+18.441,+11.572,+0.949
1636321500,+3.52,+18.433,+11.513,+0.949
1636322100,+3.52,+18.399,+11.451,+0.948
1636322700,+3.52,+18.382,+11.305,+0.948
1636323300,+3.52,+18.450,+11.373,+0.949
1636323900,+3.52,+18.467,+11.368,+0.949
1636324500,+3.52,+18.483,+11.301,+0.948
1636325100,+3.52,+18.492,+11.299,+0.949
1636325700,+3.52,+18.492,+11.281,+0.948
1636326300,+3.52,+18.458,+11.265,+0.948
1636326900,+3.52,+18.458,+11.251,+0.949
1636327500,+3.52,+18.467,+11.183,+0.948
1636328100,+3.52,+18.441,+11.158,+0.948
1636328700,+3.52,+18.416,+11.186,+0.949
1636329300,+3.52,+18.416,+11.164,+0.949
1636329900,+3.52,+18.416,+11.141,+0.949
1636330500,+3.52,+18.382,+11.109,+0.947
1636331100,+3.52,+18.391,+11.080,+0.948
1636331700,+3.52,+18.399,+11.078,+0.949
1636332300,+3.52,+18.374,+11.063,+0.948
1636332900,+3.52,+18.366,+11.058,+0.949
1636333500,+3.52,+18.340,+11.013,+0.947
1636334100,+3.52,+18.349,+10.953,+0.947
1636334700,+3.52,+18.324,+11.025,+0.948
1636335300,+3.52,+18.282,+11.009,+0.948
1636335900,+3.52,+18.265,+10.996,+0.948
1636336500,+3.52,+18.282,+10.977,+0.947
1636337100,+3.52,+18.239,+10.960,+0.948
1636337700,+3.52,+18.239,+10.960,+0.948
1636338300,+3.52,+18.239,+10.963,+0.949
1636338900,+3.52,+18.206,+10.912,+0.948
1636339500,+3.52,+18.206,+10.871,+0.948
1636340100,+3.52,+18.189,+10.812,+0.947
1636340700,+3.52,+18.172,+10.766,+0.948
1636341300,+3.52,+18.155,+10.753,+0.948
1636341900,+3.52,+18.138,+10.652,+0.948
1636342500,+3.52,+18.122,+10.672,+0.947
1636343100,+3.52,+18.113,+10.682,+0.948
1636343700,+3.52,+18.079,+10.587,+0.947
1636344300,+3.52,+18.079,+10.555,+0.947
1636344900,+3.52,+18.054,+10.572,+0.947
1636345500,+3.52,+18.029,+10.507,+0.947
1636346100,+3.52,+18.020,+10.496,+0.947
1636346700,+3.52,+18.012,+10.398,+0.947
1636347300,+3.52,+17.978,+10.389,+0.947
1636347900,+3.52,+17.995,+10.375,+0.947
1636348500,+3.52,+17.978,+10.362,+0.947
1636349100,+3.52,+17.978,+10.351,+0.947
1636349700,+3.52,+17.953,+10.342,+0.946
1636350300,+3.52,+17.911,+10.368,+0.947
1636350900,+3.52,+17.911,+10.347,+0.946
1636351500,+3.52,+17.894,+10.366,+0.947
1636352100,+3.52,+17.886,+10.377,+0.946
1636352700,+3.52,+17.877,+10.383,+0.947
1636353300,+3.52,+17.869,+10.363,+0.947
1636353900,+3.51,+17.852,+10.373,+0.947
1636354500,+3.51,+17.835,+10.398,+0.947
1636355100,+3.51,+17.818,+10.399,+0.948
1636355700,+3.51,+17.810,+10.355,+0.946
1636356300,+3.51,+17.818,+10.388,+0.947
1636356900,+3.51,+17.751,+10.403,+0.947
1636357500,+3.51,+17.734,+10.397,+0.946
1636358100,+3.51,+17.717,+10.402,+0.947
1636358700,+3.51,+17.717,+10.382,+0.946
1636359300,+3.51,+17.708,+10.407,+0.946
1636359900,+3.51,+17.675,+10.450,+0.947
1636360500,+3.51,+17.683,+10.466,+0.946
1636361100,+3.51,+17.666,+10.482,+0.947
1636361700,+3.51,+17.675,+10.478,+0.947
1636362300,+3.51,+17.675,+10.474,+0.946
1636362900,+3.51,+17.641,+10.472,+0.946
1636363500,+3.51,+17.658,+10.474,+0.947
1636364100,+3.51,+17.666,+10.471,+0.947
1636364700,+3.51,+17.666,+10.428,+0.947
1636365300,+3.51,+17.641,+10.405,+0.947
1636365900,+3.51,+17.616,+10.351,+0.946
1636366500,+3.51,+17.616,+10.323,+0.947
1636367100,+3.51,+17.599,+10.278,+0.946
1636367700,+3.51,+17.590,+10.245,+0.946
1636368300,+3.51,+17.616,+10.203,+0.946
1636368900,+3.51,+17.599,+10.195,+0.947
1636369500,+3.51,+17.582,+10.188,+0.947
1636370100,+3.51,+17.582,+10.159,+0.947
1636370700,+3.51,+17.565,+10.136,+0.946
1636371300,+3.51,+17.565,+10.136,+0.947
1636371900,+3.51,+17.565,+10.124,+0.947
1636372500,+3.51,+17.582,+10.102,+0.947
1636373100,+3.51,+17.556,+10.108,+0.946
1636373700,+3.51,+17.548,+10.092,+0.947
1636374300,+3.51,+17.548,+10.085,+0.947
1636374900,+3.51,+17.540,+10.098,+0.947
1636375500,+3.51,+17.523,+10.102,+0.946
1636376100,+3.51,+17.523,+10.073,+0.947
1636376700,+3.51,+17.506,+10.065,+0.946
1636377300,+3.51,+17.497,+10.059,+0.946
1636377900,+3.51,+17.480,+10.096,+0.947
1636378500,+3.51,+17.472,+10.082,+0.946
1636379100,+3.51,+17.480,+10.069,+0.946
1636379700,+3.51,+17.455,+10.062,+0.946
1636380300,+3.51,+17.472,+10.085,+0.946
1636380900,+3.51,+17.480,+10.065,+0.946
1636381500,+3.51,+17.480,+10.059,+0.946
1636382100,+3.51,+17.480,+10.085,+0.946
1636382700,+3.51,+17.480,+10.101,+0.946
1636383300,+3.51,+17.514,+10.110,+0.947
1636383900,+3.51,+17.531,+10.116,+0.946
1636384500,+3.51,+17.548,+10.087,+0.946
1636385100,+3.51,+17.565,+10.117,+0.946
1636385700,+3.51,+17.556,+10.114,+0.946
1636386300,+3.51,+17.582,+10.091,+0.947
1636386900,+3.51,+17.599,+10.098,+0.946
1636387500,+3.51,+17.607,+10.157,+0.947
1636388100,+3.51,+17.616,+10.144,+0.946
1636388700,+3.51,+17.666,+10.129,+0.946
1636389300,+3.51,+17.632,+10.144,+0.946
1636389900,+3.51,+17.708,+10.125,+0.947
1636390500,+3.51,+17.708,+10.100,+0.946
1636391100,+3.51,+17.725,+10.092,+0.946
1636391700,+3.51,+17.776,+10.090,+0.946
1636392300,+3.51,+17.759,+10.081,+0.946
1636392900,+3.51,+17.793,+10.099,+0.946
1636393500,+3.51,+17.793,+10.105,+0.946
1636394100,+3.51,+17.801,+10.104,+0.946
1636394700,+3.51,+17.827,+10.112,+0.947
1636395300,+3.51,+17.810,+10.114,+0.946
1636395900,+3.51,+17.835,+10.132,+0.946
1636396500,+3.51,+17.928,+10.146,+0.947
1636397100,+3.52,+17.961,+10.121,+0.946
1636397700,+3.52,+17.945,+10.126,+0.946
1636398300,+3.52,+17.987,+10.119,+0.946
1636398900,+3.52,+17.978,+10.142,+0.946
1636399500,+3.52,+17.987,+10.132,+0.946
1636400100,+3.52,+18.037,+10.151,+0.947
1636400700,+3.52,+17.995,+10.160,+0.946
1636401300,+3.52,+18.012,+10.180,+0.947
1636401900,+3.51,+18.079,+10.170,+0.946
1636402500,+3.52,+18.063,+10.188,+0.946
1636403100,+3.52,+18.096,+10.173,+0.946
1636403700,+3.52,+18.105,+10.166,+0.946
1636404300,+3.52,+18.096,+10.148,+0.946
