7450-667163
OS REV: 1.05 Sensor Cal: 1615486377
Time (sec),  BV (Volts),  T (deg C),  DO (mg/l),  Q ()
1636489620,+3.42,+18.175, +9.195,+0.957
1636489680,+3.42,+18.192, +9.208,+0.957
1636489740,+3.42,+18.200, +9.210,+0.957
1636489800,+3.42,+18.217, +9.200,+0.957
1636489860,+3.42,+18.217, +9.235,+0.958
1636489920,+3.42,+18.234, +9.220,+0.957
1636489980,+3.42,+18.225, +9.203,+0.957
1636490040,+3.42,+18.209, +9.204,+0.957
1636490100,+3.42,+18.217, +9.192,+0.957
1636490160,+3.42,+18.234, +9.185,+0.957
1636490220,+3.42,+18.234, +9.184,+0.957
1636490280,+3.42,+18.251, +9.212,+0.957
1636490340,+3.42,+18.225, +9.217,+0.957
1636490400,+3.42,+18.209, +9.211,+0.957
1636490460,+3.42,+18.209, +9.221,+0.957
1636490520,+3.42,+18.225, +9.214,+0.957
1636490580,+3.42,+18.209, +9.202,+0.957
1636490640,+3.42,+18.217, +9.211,+0.957
1636490700,+3.42,+18.200, +9.208,+0.957
1636490760,+3.42,+18.192, +9.228,+0.957
1636490820,+3.42,+18.200, +9.250,+0.957
1636490880,+3.42,+18.209, +9.253,+0.957
1636490940,+3.42,+18.225, +9.244,+0.957
1636491000,+3.42,+18.209, +9.249,+0.958
1636491060,+3.42,+18.225, +9.240,+0.958
1636491120,+3.42,+18.209, +9.241,+0.957
1636491180,+3.42,+18.192, +9.258,+0.957
1636491240,+3.42,+18.200, +9.241,+0.957
1636491300,+3.42,+18.183, +9.246,+0.957
1636491360,+3.42,+18.183, +9.262,+0.957
1636491420,+3.42,+18.183, +9.264,+0.957
1636491480,+3.42,+18.192, +9.264,+0.957
1636491540,+3.42,+18.192, +9.277,+0.958
1636491600,+3.42,+18.200, +9.291,+0.957
1636491660,+3.42,+18.209, +9.297,+0.958
1636491720,+3.42,+18.183, +9.265,+0.957
1636491780,+3.42,+18.192, +9.271,+0.958
1636491840,+3.42,+18.183, +9.282,+0.957
1636491900,+3.42,+18.183, +9.276,+0.957
1636491960,+3.42,+18.175, +9.283,+0.958
1636492020,+3.42,+18.183, +9.278,+0.957
1636492080,+3.42,+18.200, +9.275,+0.957
1636492140,+3.42,+18.192, +9.286,+0.958
1636492200,+3.42,+18.192, +9.265,+0.957
1636492260,+3.42,+18.200, +9.283,+0.957
1636492320,+3.42,+18.200, +9.276,+0.957
1636492380,+3.42,+18.200, +9.278,+0.958
1636492440,+3.42,+18.200, +9.265,+0.957
1636492500,+3.42,+18.209, +9.277,+0.957
1636492560,+3.42,+18.225, +9.278,+0.957
1636492620,+3.42,+18.242, +9.292,+0.958
1636492680,+3.42,+18.225, +9.291,+0.958
1636492740,+3.42,+18.225, +9.285,+0.957
1636492800,+3.42,+18.217, +9.287,+0.957
1636492860,+3.42,+18.225, +9.307,+0.958
1636492920,+3.42,+18.268, +9.301,+0.957
1636492980,+3.42,+18.284, +9.298,+0.957
1636493040,+3.42,+18.276, +9.313,+0.958
1636493100,+3.42,+18.276, +9.320,+0.957
1636493160,+3.42,+18.284, +9.365,+0.958
1636493220,+3.42,+18.318, +9.425,+0.959
1636493280,+3.42,+18.318, +9.426,+0.957
1636493340,+3.42,+18.352, +9.434,+0.958
1636493400,+3.42,+18.369, +9.463,+0.958
1636493460,+3.42,+18.419, +9.499,+0.957
1636493520,+3.42,+18.428, +9.545,+0.958
1636493580,+3.42,+18.428, +9.532,+0.958
1636493640,+3.42,+18.436, +9.610,+0.958
1636493700,+3.42,+18.470, +9.623,+0.957
1636493760,+3.42,+18.453, +9.616,+0.958
1636493820,+3.42,+18.428, +9.636,+0.957
1636493880,+3.42,+18.436, +9.626,+0.957
1636493940,+3.42,+18.453, +9.595,+0.957
1636494000,+3.42,+18.402, +9.602,+0.957
1636494060,+3.42,+18.419, +9.589,+0.958
1636494120,+3.42,+18.419, +9.567,+0.957
1636494180,+3.42,+18.419, +9.554,+0.958
1636494240,+3.42,+18.411, +9.565,+0.958
1636494300,+3.42,+18.428, +9.574,+0.957
1636494360,+3.42,+18.444, +9.593,+0.958
1636494420,+3.42,+18.444, +9.590,+0.957
1636494480,+3.42,+18.453, +9.577,+0.958
1636494540,+3.42,+18.461, +9.567,+0.957
1636494600,+3.42,+18.453, +9.557,+0.958
1636494660,+3.42,+18.461, +9.529,+0.957
1636494720,+3.42,+18.453, +9.630,+0.958
1636494780,+3.42,+18.444, +9.637,+0.958
1636494840,+3.42,+18.428, +9.612,+0.957
1636494900,+3.42,+18.453, +9.588,+0.958
1636494960,+3.42,+18.478, +9.570,+0.957
1636495020,+3.42,+18.478, +9.597,+0.958
1636495080,+3.42,+18.461, +9.618,+0.958
1636495140,+3.42,+18.461, +9.653,+0.958
1636495200,+3.42,+18.453, +9.662,+0.958
1636495260,+3.42,+18.470, +9.652,+0.958
1636495320,+3.42,+18.478, +9.632,+0.958
1636495380,+3.42,+18.495, +9.608,+0.958
1636495440,+3.42,+18.495, +9.588,+0.957
1636495500,+3.42,+18.495, +9.565,+0.957
1636495560,+3.42,+18.486, +9.612,+0.958
1636495620,+3.42,+18.461, +9.639,+0.958
1636495680,+3.42,+18.486, +9.704,+0.957
1636495740,+3.42,+18.486, +9.753,+0.958
1636495800,+3.42,+18.470, +9.763,+0.957
1636495860,+3.42,+18.503, +9.789,+0.958
1636495920,+3.42,+18.495, +8.972,+0.958
1636495980,+3.42,+18.512, +8.998,+0.957
1636496040,+3.42,+18.663, +8.963,+0.958
1636496100,+3.42,+19.184, +9.276,+0.958
1636496160,+3.42,+19.570, +9.303,+0.958
1636496220,+3.42,+19.805, +9.282,+0.959
1636496280,+3.42,+20.006, +9.259,+0.959
1636496340,+3.42,+20.140, +9.241,+0.959
1636496400,+3.42,+20.232, +9.241,+0.959
1636496460,+3.42,+20.333, +9.233,+0.960
1636496520,+3.42,+20.383, +9.201,+0.958
1636496580,+3.42,+20.425, +9.186,+0.958
1636496640,+3.42,+20.433, +9.178,+0.959
1636496700,+3.42,+20.483, +9.167,+0.959
1636496760,+3.42,+20.500, +9.169,+0.959
1636496820,+3.42,+20.525, +9.171,+0.959
1636496880,+3.42,+20.559, +9.165,+0.959
1636496940,+3.42,+20.576, +9.156,+0.958
1636497000,+3.42,+20.592, +9.193,+0.959
1636497060,+3.42,+20.626, +9.190,+0.959
1636497120,+3.42,+20.659, +9.195,+0.959
1636497180,+3.42,+20.668, +9.199,+0.959
1636497240,+3.42,+20.668, +9.192,+0.959
1636497300,+3.42,+20.709, +9.181,+0.959
1636497360,+3.42,+20.718, +9.189,+0.959
1636497420,+3.42,+20.726, +9.161,+0.958
1636497480,+3.42,+20.751, +9.154,+0.959
1636497540,+3.42,+20.760, +9.139,+0.959
1636497600,+3.42,+20.760, +9.113,+0.958
1636497660,+3.42,+20.768, +9.107,+0.958
1636497720,+3.42,+20.768, +9.107,+0.959
1636497780,+3.42,+20.760, +9.107,+0.959
1636497840,+3.42,+20.751, +9.108,+0.959
1636497900,+3.42,+20.768, +9.089,+0.959
1636497960,+3.42,+20.760, +9.085,+0.958
1636498020,+3.42,+20.768, +9.099,+0.959
1636498080,+3.42,+20.760, +9.111,+0.958
1636498140,+3.42,+20.760, +8.919,+0.958
1636498200,+3.42,+20.509, +8.569,+0.957
1636498260,+3.42,+20.308, +8.655,+0.961
