7450-667163
OS REV: 1.05 Sensor Cal: 1615486377
Time (sec),  BV (Volts),  T (deg C),  DO (mg/l),  Q ()
1636316820,+3.43,+18.023, +9.128,+0.956
1636316880,+3.43,+18.023, +9.114,+0.955
1636316940,+3.43,+18.006, +9.142,+0.956
1636317000,+3.43,+17.998, +9.137,+0.955
1636317060,+3.43,+17.964, +9.168,+0.956
1636317120,+3.43,+17.964, +9.124,+0.955
1636317180,+3.42,+17.888, +9.122,+0.956
1636317240,+3.42,+17.880, +9.136,+0.956
1636317300,+3.42,+17.863, +9.153,+0.956
1636317360,+3.43,+17.896, +9.176,+0.957
1636317420,+3.42,+17.905, +9.175,+0.956
1636317480,+3.43,+17.939, +9.168,+0.956
1636317540,+3.43,+17.947, +9.177,+0.957
1636317600,+3.43,+17.947, +9.178,+0.956
1636317660,+3.43,+17.981, +9.155,+0.956
1636317720,+3.43,+17.989, +9.151,+0.956
1636317780,+3.43,+17.998, +9.139,+0.956
1636317840,+3.43,+17.989, +9.155,+0.956
1636317900,+3.43,+17.998, +9.145,+0.956
1636317960,+3.43,+18.006, +9.149,+0.956
1636318020,+3.43,+18.006, +9.144,+0.956
1636318080,+3.43,+18.015, +9.144,+0.956
1636318140,+3.43,+18.015, +9.162,+0.956
1636318200,+3.43,+18.006, +9.173,+0.956
1636318260,+3.43,+18.015, +9.183,+0.956
1636318320,+3.43,+18.015, +9.182,+0.956
1636318380,+3.43,+18.006, +9.186,+0.956
1636318440,+3.43,+18.023, +9.189,+0.956
1636318500,+3.43,+18.023, +9.194,+0.956
1636318560,+3.43,+18.006, +9.194,+0.956
1636318620,+3.43,+18.031, +9.208,+0.957
1636318680,+3.43,+18.031, +9.205,+0.956
1636318740,+3.43,+18.040, +9.202,+0.956
1636318800,+3.43,+17.998, +9.166,+0.956
1636318860,+3.43,+18.031, +9.215,+0.957
1636318920,+3.43,+18.015, +9.117,+0.955
1636318980,+3.43,+17.922, +9.135,+0.956
1636319040,+3.42,+17.812, +9.086,+0.956
1636319100,+3.42,+17.829, +9.147,+0.956
1636319160,+3.42,+17.812, +9.160,+0.956
1636319220,+3.42,+17.846, +9.196,+0.956
1636319280,+3.42,+17.871, +9.188,+0.956
1636319340,+3.42,+17.871, +9.185,+0.956
1636319400,+3.42,+17.863, +9.200,+0.956
1636319460,+3.42,+17.913, +9.189,+0.956
1636319520,+3.43,+17.905, +9.206,+0.957
1636319580,+3.42,+17.888, +9.209,+0.956
1636319640,+3.43,+17.922, +9.194,+0.956
1636319700,+3.43,+17.930, +9.186,+0.956
1636319760,+3.43,+17.905, +9.208,+0.956
1636319820,+3.42,+17.896, +9.210,+0.956
1636319880,+3.43,+17.930, +9.210,+0.956
1636319940,+3.42,+17.905, +9.235,+0.956
1636320000,+3.43,+17.930, +9.237,+0.956
1636320060,+3.43,+17.956, +9.256,+0.957
1636320120,+3.43,+17.972, +9.251,+0.956
1636320180,+3.43,+17.981, +9.239,+0.956
1636320240,+3.43,+18.006, +9.232,+0.956
1636320300,+3.43,+17.989, +9.248,+0.956
1636320360,+3.43,+18.006, +9.237,+0.955
1636320420,+3.43,+18.015, +9.258,+0.956
1636320480,+3.43,+18.015, +9.283,+0.957
1636320540,+3.43,+18.023, +9.286,+0.956
1636320600,+3.43,+18.040, +9.284,+0.956
1636320660,+3.43,+18.023, +9.272,+0.956
1636320720,+3.43,+18.031, +9.272,+0.956
1636320780,+3.43,+18.023, +9.307,+0.956
1636320840,+3.43,+18.040, +9.308,+0.956
1636320900,+3.43,+18.040, +9.319,+0.956
1636320960,+3.43,+18.048, +9.338,+0.956
1636321020,+3.43,+18.065, +9.370,+0.956
1636321080,+3.43,+18.057, +9.386,+0.956
1636321140,+3.43,+18.057, +9.434,+0.957
1636321200,+3.43,+18.074, +9.499,+0.956
1636321260,+3.43,+18.091, +9.549,+0.956
1636321320,+3.43,+18.074, +9.600,+0.957
1636321380,+3.43,+18.065, +9.606,+0.956
1636321440,+3.43,+18.065, +9.664,+0.956
1636321500,+3.43,+18.099, +9.627,+0.956
1636321560,+3.43,+18.065, +9.633,+0.957
1636321620,+3.43,+18.099, +9.638,+0.957
1636321680,+3.43,+18.074, +9.629,+0.957
1636321740,+3.43,+18.057, +9.620,+0.957
1636321800,+3.43,+18.048, +9.620,+0.957
1636321860,+3.43,+18.065, +9.633,+0.957
1636321920,+3.43,+18.074, +9.623,+0.956
1636321980,+3.43,+18.074, +9.620,+0.956
1636322040,+3.43,+18.048, +9.625,+0.956
1636322100,+3.43,+18.082, +9.609,+0.957
1636322160,+3.43,+18.065, +9.566,+0.956
1636322220,+3.43,+18.065, +9.495,+0.956
1636322280,+3.43,+18.057, +9.472,+0.956
1636322340,+3.43,+18.048, +9.458,+0.956
1636322400,+3.43,+18.082, +9.440,+0.956
1636322460,+3.43,+18.107, +9.439,+0.957
1636322520,+3.43,+18.107, +9.428,+0.956
1636322580,+3.43,+18.116, +9.414,+0.956
1636322640,+3.43,+18.099, +9.391,+0.957
1636322700,+3.43,+18.107, +9.392,+0.957
1636322760,+3.43,+18.124, +9.405,+0.957
1636322820,+3.43,+18.099, +9.397,+0.956
1636322880,+3.43,+18.074, +9.412,+0.956
1636322940,+3.43,+18.057, +9.448,+0.957
1636323000,+3.43,+18.057, +9.464,+0.956
1636323060,+3.43,+18.040, +9.478,+0.957
1636323120,+3.43,+18.031, +9.475,+0.956
1636323180,+3.43,+18.031, +9.460,+0.957
1636323240,+3.43,+17.989, +9.445,+0.957
1636323300,+3.43,+17.981, +9.438,+0.957
1636323360,+3.43,+17.972, +9.468,+0.957
1636323420,+3.43,+17.972, +9.431,+0.956
1636323480,+3.43,+17.947, +9.434,+0.957
1636323540,+3.43,+17.947, +9.384,+0.957
1636323600,+3.43,+17.956, +9.344,+0.956
1636323660,+3.43,+17.964, +9.231,+0.956
1636323720,+3.43,+17.972, +9.159,+0.956
1636323780,+3.43,+17.972, +9.171,+0.956
1636323840,+3.43,+17.989, +9.158,+0.956
1636323900,+3.43,+17.981, +9.190,+0.957
1636323960,+3.43,+17.981, +9.203,+0.957
1636324020,+3.43,+17.998, +9.211,+0.957
1636324080,+3.43,+18.015, +9.224,+0.956
1636324140,+3.43,+18.006, +9.242,+0.957
1636324200,+3.43,+17.981, +9.204,+0.956
1636324260,+3.43,+17.972, +9.193,+0.957
1636324320,+3.43,+17.981, +9.188,+0.957
1636324380,+3.43,+17.947, +9.180,+0.957
1636324440,+3.43,+17.939, +9.130,+0.956
1636324500,+3.43,+17.922, +9.131,+0.957
1636324560,+3.43,+17.896, +9.170,+0.956
1636324620,+3.42,+17.922, +9.171,+0.956
1636324680,+3.43,+17.922, +9.181,+0.957
1636324740,+3.42,+17.905, +9.239,+0.957
1636324800,+3.43,+17.930, +9.250,+0.956
1636324860,+3.43,+17.905, +9.278,+0.957
1636324920,+3.42,+17.905, +9.227,+0.957
1636324980,+3.42,+17.896, +9.178,+0.956
1636325040,+3.42,+17.888, +9.132,+0.957
1636325100,+3.42,+17.880, +9.113,+0.956
1636325160,+3.42,+17.880, +9.108,+0.956
1636325220,+3.42,+17.863, +9.136,+0.957
1636325280,+3.42,+17.863, +9.143,+0.957
1636325340,+3.42,+17.854, +9.163,+0.957
1636325400,+3.42,+17.829, +9.157,+0.956
1636325460,+3.42,+17.820, +9.171,+0.957
1636325520,+3.42,+17.812, +9.202,+0.957
1636325580,+3.42,+17.837, +9.258,+0.956
1636325640,+3.42,+17.829, +9.275,+0.956
1636325700,+3.42,+17.820, +9.319,+0.957
1636325760,+3.42,+17.804, +9.353,+0.957
1636325820,+3.42,+17.829, +9.387,+0.957
1636325880,+3.42,+17.795, +9.476,+0.957
1636325940,+3.42,+17.804, +9.525,+0.957
1636326000,+3.42,+17.812, +9.546,+0.957
1636326060,+3.42,+17.770, +9.550,+0.956
1636326120,+3.42,+17.770, +9.562,+0.957
1636326180,+3.42,+17.761, +9.474,+0.956
1636326240,+3.42,+17.728, +9.431,+0.957
1636326300,+3.42,+17.702, +9.428,+0.957
1636326360,+3.42,+17.694, +9.450,+0.957
1636326420,+3.42,+17.711, +9.452,+0.956
1636326480,+3.42,+17.702, +9.511,+0.957
1636326540,+3.42,+17.668, +9.526,+0.957
1636326600,+3.42,+17.652, +9.549,+0.957
1636326660,+3.42,+17.668, +9.510,+0.956
1636326720,+3.42,+17.668, +9.443,+0.957
1636326780,+3.42,+17.660, +9.351,+0.957
1636326840,+3.42,+17.668, +9.261,+0.956
1636326900,+3.42,+17.677, +9.187,+0.957
1636326960,+3.42,+17.668, +9.071,+0.956
1636327020,+3.42,+17.677, +9.036,+0.957
1636327080,+3.42,+17.652, +8.984,+0.957
1636327140,+3.42,+17.660, +8.913,+0.956
1636327200,+3.42,+17.575, +8.987,+0.956
1636327260,+3.42,+17.567, +9.005,+0.956
1636327320,+3.42,+17.508, +9.054,+0.956
1636327380,+3.42,+17.482, +9.099,+0.957
1636327440,+3.42,+17.482, +9.047,+0.956
1636327500,+3.42,+17.440, +9.017,+0.956
1636327560,+3.43,+17.398, +9.047,+0.957
1636327620,+3.43,+17.372, +9.043,+0.956
1636327680,+3.43,+17.364, +9.041,+0.956
1636327740,+3.43,+17.305, +9.000,+0.956
1636327800,+3.43,+17.212, +9.108,+0.957
1636327860,+3.43,+17.212, +9.111,+0.956
1636327920,+3.43,+17.178, +9.111,+0.956
1636327980,+3.43,+17.195, +9.095,+0.956
1636328040,+3.43,+17.237, +9.065,+0.956
1636328100,+3.43,+17.237, +9.052,+0.956
1636328160,+3.43,+17.237, +9.029,+0.956
1636328220,+3.43,+17.237, +9.010,+0.957
1636328280,+3.43,+17.262, +8.981,+0.956
1636328340,+3.43,+17.288, +8.974,+0.957
1636328400,+3.43,+17.313, +8.958,+0.956
1636328460,+3.43,+17.330, +8.935,+0.956
1636328520,+3.43,+17.389, +8.875,+0.957
1636328580,+3.43,+17.415, +8.830,+0.957
1636328640,+3.43,+17.432, +8.802,+0.956
1636328700,+3.42,+17.466, +8.781,+0.957
1636328760,+3.42,+17.466, +8.762,+0.956
1636328820,+3.42,+17.499, +8.742,+0.957
1636328880,+3.42,+17.508, +8.737,+0.957
1636328940,+3.42,+17.508, +8.715,+0.956
1636329000,+3.42,+17.499, +8.718,+0.956
1636329060,+3.42,+17.525, +8.712,+0.957
1636329120,+3.42,+17.499, +8.706,+0.956
1636329180,+3.42,+17.466, +8.740,+0.957
1636329240,+3.42,+17.499, +8.729,+0.956
1636329300,+3.42,+17.525, +8.729,+0.957
1636329360,+3.42,+17.508, +8.719,+0.957
1636329420,+3.42,+17.516, +8.715,+0.957
1636329480,+3.42,+17.525, +8.705,+0.956
1636329540,+3.42,+17.533, +8.699,+0.957
1636329600,+3.42,+17.533, +8.671,+0.957
1636329660,+3.42,+17.491, +8.679,+0.957
1636329720,+3.42,+17.499, +8.725,+0.956
1636329780,+3.42,+17.499, +8.740,+0.957
1636329840,+3.42,+17.508, +8.759,+0.956
1636329900,+3.42,+17.474, +8.821,+0.957
1636329960,+3.42,+17.474, +8.856,+0.957
1636330020,+3.42,+17.525, +8.848,+0.956
1636330080,+3.42,+17.542, +8.826,+0.957
1636330140,+3.42,+17.584, +8.799,+0.957
1636330200,+3.42,+17.601, +8.784,+0.957
1636330260,+3.42,+17.635, +8.768,+0.957
1636330320,+3.42,+17.618, +8.750,+0.957
1636330380,+3.42,+17.626, +8.769,+0.957
1636330440,+3.42,+17.643, +8.786,+0.957
1636330500,+3.42,+17.643, +8.804,+0.957
1636330560,+3.42,+17.635, +8.811,+0.957
1636330620,+3.42,+17.609, +8.874,+0.957
1636330680,+3.42,+17.592, +8.936,+0.957
1636330740,+3.42,+17.618, +8.964,+0.957
1636330800,+3.42,+17.609, +8.967,+0.956
1636330860,+3.42,+17.601, +8.976,+0.956
1636330920,+3.42,+17.584, +9.023,+0.957
1636330980,+3.42,+17.575, +9.020,+0.956
1636331040,+3.42,+17.542, +9.023,+0.956
1636331100,+3.42,+17.508, +9.034,+0.957
1636331160,+3.42,+17.491, +9.018,+0.957
1636331220,+3.42,+17.533, +8.899,+0.957
1636331280,+3.42,+17.542, +8.856,+0.957
1636331340,+3.42,+17.525, +8.826,+0.956
1636331400,+3.42,+17.550, +8.813,+0.957
1636331460,+3.42,+17.559, +8.782,+0.956
1636331520,+3.42,+17.550, +8.785,+0.957
1636331580,+3.42,+17.550, +8.770,+0.957
1636331640,+3.42,+17.516, +8.782,+0.957
1636331700,+3.42,+17.516, +8.794,+0.957
1636331760,+3.42,+17.516, +8.828,+0.957
1636331820,+3.42,+17.516, +8.830,+0.956
1636331880,+3.42,+17.508, +8.859,+0.956
1636331940,+3.42,+17.499, +8.888,+0.957
1636332000,+3.42,+17.525, +8.929,+0.957
1636332060,+3.42,+17.542, +9.003,+0.957
1636332120,+3.42,+17.550, +9.071,+0.957
1636332180,+3.42,+17.592, +9.234,+0.957
1636332240,+3.42,+17.601, +9.262,+0.956
1636332300,+3.42,+17.609, +9.281,+0.957
1636332360,+3.42,+17.618, +9.250,+0.957
1636332420,+3.42,+17.618, +9.201,+0.957
1636332480,+3.42,+17.618, +9.129,+0.957
1636332540,+3.42,+17.609, +9.082,+0.956
1636332600,+3.42,+17.584, +9.051,+0.956
1636332660,+3.42,+17.592, +9.025,+0.957
1636332720,+3.42,+17.584, +8.998,+0.957
1636332780,+3.42,+17.575, +8.975,+0.956
1636332840,+3.42,+17.575, +8.964,+0.957
1636332900,+3.42,+17.559, +8.953,+0.956
1636332960,+3.42,+17.550, +8.944,+0.956
1636333020,+3.42,+17.550, +8.950,+0.957
1636333080,+3.42,+17.550, +8.929,+0.957
1636333140,+3.42,+17.559, +8.897,+0.957
1636333200,+3.42,+17.550, +8.858,+0.956
1636333260,+3.42,+17.550, +8.857,+0.957
1636333320,+3.42,+17.516, +8.845,+0.957
1636333380,+3.42,+17.525, +8.822,+0.956
1636333440,+3.42,+17.482, +8.845,+0.957
1636333500,+3.42,+17.474, +8.861,+0.957
1636333560,+3.42,+17.457, +8.865,+0.956
1636333620,+3.42,+17.474, +8.846,+0.956
1636333680,+3.42,+17.457, +8.830,+0.956
1636333740,+3.42,+17.474, +8.860,+0.957
1636333800,+3.42,+17.432, +8.868,+0.957
1636333860,+3.42,+17.466, +8.868,+0.957
1636333920,+3.42,+17.440, +8.914,+0.956
1636333980,+3.42,+17.440, +8.906,+0.956
1636334040,+3.42,+17.449, +8.987,+0.957
1636334100,+3.42,+17.474, +8.993,+0.956
1636334160,+3.42,+17.466, +8.981,+0.956
1636334220,+3.42,+17.474, +9.016,+0.957
1636334280,+3.42,+17.491, +9.060,+0.957
1636334340,+3.42,+17.499, +9.039,+0.956
1636334400,+3.42,+17.491, +9.054,+0.956
1636334460,+3.42,+17.491, +9.086,+0.956
1636334520,+3.42,+17.491, +9.135,+0.957
1636334580,+3.42,+17.508, +9.157,+0.957
1636334640,+3.42,+17.508, +9.148,+0.957
1636334700,+3.42,+17.499, +9.171,+0.957
1636334760,+3.42,+17.491, +9.223,+0.957
1636334820,+3.42,+17.508, +9.257,+0.957
1636334880,+3.42,+17.516, +9.253,+0.957
1636334940,+3.42,+17.482, +9.113,+0.956
1636335000,+3.42,+17.499, +9.150,+0.957
1636335060,+3.42,+17.499, +9.176,+0.956
1636335120,+3.42,+17.491, +9.205,+0.957
1636335180,+3.42,+17.491, +9.213,+0.957
1636335240,+3.42,+17.474, +9.220,+0.956
1636335300,+3.42,+17.449, +9.236,+0.957
1636335360,+3.42,+17.457, +9.198,+0.956
1636335420,+3.42,+17.457, +9.155,+0.956
1636335480,+3.42,+17.457, +9.132,+0.957
1636335540,+3.42,+17.440, +9.137,+0.957
1636335600,+3.42,+17.440, +9.144,+0.956
1636335660,+3.42,+17.457, +9.133,+0.957
1636335720,+3.42,+17.432, +9.119,+0.957
1636335780,+3.42,+17.440, +9.090,+0.956
1636335840,+3.42,+17.423, +9.094,+0.956
1636335900,+3.42,+17.398, +9.121,+0.956
1636335960,+3.42,+17.398, +9.129,+0.956
1636336020,+3.42,+17.406, +9.116,+0.956
1636336080,+3.43,+17.381, +9.141,+0.957
1636336140,+3.42,+17.381, +9.128,+0.957
1636336200,+3.43,+17.381, +9.117,+0.956
1636336260,+3.43,+17.389, +9.118,+0.957
1636336320,+3.43,+17.381, +9.115,+0.957
1636336380,+3.43,+17.389, +9.104,+0.956
1636336440,+3.43,+17.356, +9.124,+0.957
1636336500,+3.43,+17.364, +9.109,+0.956
1636336560,+3.43,+17.372, +9.102,+0.956
1636336620,+3.43,+17.356, +9.115,+0.957
1636336680,+3.43,+17.330, +9.112,+0.956
1636336740,+3.43,+17.347, +9.108,+0.956
1636336800,+3.43,+17.339, +9.111,+0.957
1636336860,+3.43,+17.330, +9.101,+0.956
1636336920,+3.43,+17.330, +9.097,+0.956
1636336980,+3.43,+17.322, +9.094,+0.956
1636337040,+3.43,+17.330, +9.096,+0.957
1636337100,+3.43,+17.330, +9.084,+0.956
1636337160,+3.43,+17.330, +9.097,+0.957
1636337220,+3.43,+17.313, +9.091,+0.956
1636337280,+3.43,+17.313, +9.092,+0.956
1636337340,+3.43,+17.322, +9.091,+0.956
1636337400,+3.43,+17.305, +9.119,+0.957
1636337460,+3.43,+17.288, +9.106,+0.956
1636337520,+3.43,+17.313, +9.101,+0.956
1636337580,+3.43,+17.296, +9.100,+0.956
1636337640,+3.43,+17.262, +9.119,+0.957
1636337700,+3.43,+17.271, +9.104,+0.956
1636337760,+3.43,+17.262, +9.116,+0.957
1636337820,+3.43,+17.271, +9.113,+0.957
1636337880,+3.43,+17.279, +9.090,+0.956
1636337940,+3.43,+17.262, +9.102,+0.957
1636338000,+3.43,+17.254, +9.089,+0.956
1636338060,+3.43,+17.245, +9.100,+0.956
1636338120,+3.43,+17.254, +9.090,+0.956
1636338180,+3.43,+17.254, +9.095,+0.956
1636338240,+3.43,+17.245, +9.103,+0.957
1636338300,+3.43,+17.271, +9.101,+0.957
1636338360,+3.43,+17.262, +9.101,+0.957
1636338420,+3.43,+17.237, +9.105,+0.957
1636338480,+3.43,+17.237, +9.105,+0.957
1636338540,+3.43,+17.220, +9.093,+0.956
1636338600,+3.43,+17.203, +9.101,+0.956
1636338660,+3.43,+17.203, +9.100,+0.956
1636338720,+3.43,+17.203, +9.103,+0.957
1636338780,+3.43,+17.203, +9.093,+0.956
1636338840,+3.43,+17.229, +9.086,+0.956
1636338900,+3.43,+17.195, +9.112,+0.957
1636338960,+3.43,+17.195, +9.106,+0.957
1636339020,+3.43,+17.203, +9.079,+0.956
1636339080,+3.43,+17.186, +9.096,+0.957
1636339140,+3.43,+17.195, +9.092,+0.956
1636339200,+3.43,+17.178, +9.111,+0.956
1636339260,+3.43,+17.186, +9.118,+0.957
1636339320,+3.43,+17.186, +9.110,+0.956
1636339380,+3.43,+17.195, +9.105,+0.957
1636339440,+3.43,+17.169, +9.110,+0.957
1636339500,+3.43,+17.186, +9.090,+0.956
1636339560,+3.43,+17.178, +9.096,+0.956
1636339620,+3.43,+17.161, +9.097,+0.957
1636339680,+3.43,+17.152, +9.096,+0.956
1636339740,+3.43,+17.169, +9.091,+0.956
1636339800,+3.43,+17.169, +9.081,+0.956
1636339860,+3.43,+17.169, +9.083,+0.956
1636339920,+3.43,+17.135, +9.098,+0.957
1636339980,+3.43,+17.135, +9.100,+0.957
1636340040,+3.43,+17.144, +9.088,+0.957
1636340100,+3.43,+17.135, +9.090,+0.957
1636340160,+3.43,+17.127, +9.086,+0.956
1636340220,+3.43,+17.127, +9.090,+0.957
1636340280,+3.43,+17.118, +9.091,+0.956
1636340340,+3.43,+17.118, +9.090,+0.956
1636340400,+3.43,+17.118, +9.083,+0.956
1636340460,+3.43,+17.093, +9.095,+0.956
1636340520,+3.43,+17.093, +9.118,+0.958
1636340580,+3.43,+17.110, +9.094,+0.956
1636340640,+3.43,+17.110, +9.104,+0.957
1636340700,+3.43,+17.110, +9.088,+0.956
1636340760,+3.43,+17.101, +9.086,+0.956
1636340820,+3.43,+17.101, +9.100,+0.957
1636340880,+3.43,+17.110, +9.088,+0.956
1636340940,+3.43,+17.101, +9.098,+0.957
1636341000,+3.43,+17.101, +9.071,+0.956
1636341060,+3.43,+17.110, +9.071,+0.956
1636341120,+3.43,+17.101, +9.088,+0.956
1636341180,+3.43,+17.084, +9.109,+0.957
1636341240,+3.43,+17.101, +9.097,+0.957
1636341300,+3.43,+17.084, +9.110,+0.957
1636341360,+3.43,+17.076, +9.105,+0.957
1636341420,+3.43,+17.068, +9.108,+0.957
1636341480,+3.43,+17.076, +9.109,+0.957
1636341540,+3.43,+17.076, +9.097,+0.956
1636341600,+3.43,+17.051, +9.111,+0.956
1636341660,+3.43,+17.051, +9.125,+0.957
1636341720,+3.43,+17.042, +9.132,+0.957
1636341780,+3.43,+17.034, +9.146,+0.956
1636341840,+3.43,+17.059, +9.127,+0.956
1636341900,+3.43,+17.051, +9.129,+0.957
1636341960,+3.43,+17.034, +9.128,+0.956
1636342020,+3.43,+17.051, +9.122,+0.957
1636342080,+3.43,+17.042, +9.117,+0.956
1636342140,+3.43,+17.034, +9.119,+0.957
1636342200,+3.43,+17.017, +9.120,+0.956
1636342260,+3.43,+17.025, +9.123,+0.956
1636342320,+3.43,+17.008, +9.135,+0.957
1636342380,+3.43,+17.025, +9.122,+0.956
1636342440,+3.43,+17.008, +9.125,+0.956
1636342500,+3.43,+17.008, +9.125,+0.957
1636342560,+3.43,+16.983, +9.124,+0.956
1636342620,+3.43,+17.000, +9.108,+0.956
1636342680,+3.43,+16.974, +9.134,+0.957
1636342740,+3.43,+16.983, +9.126,+0.957
1636342800,+3.43,+16.983, +9.114,+0.956
1636342860,+3.43,+16.974, +9.122,+0.957
1636342920,+3.43,+16.957, +9.118,+0.956
1636342980,+3.43,+16.991, +9.103,+0.957
1636343040,+3.43,+16.991, +9.105,+0.957
1636343100,+3.43,+16.966, +9.099,+0.956
1636343160,+3.43,+16.957, +9.119,+0.957
1636343220,+3.43,+16.957, +9.117,+0.957
1636343280,+3.43,+16.957, +9.116,+0.956
1636343340,+3.43,+16.949, +9.122,+0.957
1636343400,+3.43,+16.957, +9.115,+0.956
1636343460,+3.43,+16.940, +9.110,+0.956
1636343520,+3.43,+16.940, +9.122,+0.957
1636343580,+3.43,+16.949, +9.120,+0.957
1636343640,+3.43,+16.940, +9.120,+0.956
1636343700,+3.43,+16.949, +9.123,+0.957
1636343760,+3.43,+16.949, +9.127,+0.957
1636343820,+3.43,+16.949, +9.121,+0.957
1636343880,+3.43,+16.940, +9.128,+0.957
1636343940,+3.43,+16.940, +9.126,+0.956
1636344000,+3.43,+16.940, +9.136,+0.957
1636344060,+3.43,+16.940, +9.113,+0.956
1636344120,+3.43,+16.949, +9.120,+0.957
1636344180,+3.43,+16.949, +9.107,+0.956
1636344240,+3.43,+16.915, +9.135,+0.957
1636344300,+3.43,+16.923, +9.119,+0.957
1636344360,+3.43,+16.932, +9.109,+0.956
1636344420,+3.43,+16.923, +9.107,+0.956
1636344480,+3.43,+16.932, +9.107,+0.956
1636344540,+3.43,+16.923, +9.112,+0.956
1636344600,+3.43,+16.940, +9.108,+0.956
1636344660,+3.43,+16.932, +9.106,+0.956
1636344720,+3.43,+16.923, +9.097,+0.956
1636344780,+3.43,+16.923, +9.102,+0.957
1636344840,+3.43,+16.923, +9.099,+0.956
1636344900,+3.43,+16.932, +9.095,+0.956
1636344960,+3.43,+16.923, +9.097,+0.956
1636345020,+3.43,+16.906, +9.105,+0.956
1636345080,+3.43,+16.915, +9.092,+0.956
1636345140,+3.43,+16.923, +9.097,+0.957
1636345200,+3.43,+16.898, +9.092,+0.956
1636345260,+3.43,+16.898, +9.098,+0.956
1636345320,+3.43,+16.898, +9.102,+0.956
1636345380,+3.43,+16.906, +9.094,+0.956
1636345440,+3.43,+16.898, +9.093,+0.956
1636345500,+3.43,+16.872, +9.111,+0.957
1636345560,+3.43,+16.872, +9.115,+0.957
1636345620,+3.43,+16.881, +9.100,+0.956
1636345680,+3.43,+16.872, +9.096,+0.956
1636345740,+3.43,+16.872, +9.109,+0.957
1636345800,+3.43,+16.864, +9.104,+0.957
1636345860,+3.43,+16.864, +9.092,+0.956
1636345920,+3.43,+16.864, +9.095,+0.956
1636345980,+3.43,+16.864, +9.088,+0.956
1636346040,+3.43,+16.872, +9.083,+0.956
1636346100,+3.43,+16.864, +9.078,+0.956
1636346160,+3.43,+16.864, +9.096,+0.957
1636346220,+3.43,+16.855, +9.096,+0.957
1636346280,+3.43,+16.864, +9.087,+0.957
1636346340,+3.43,+16.847, +9.087,+0.956
1636346400,+3.43,+16.847, +9.083,+0.956
1636346460,+3.43,+16.838, +9.078,+0.956
1636346520,+3.43,+16.855, +9.073,+0.956
1636346580,+3.43,+16.821, +9.091,+0.956
1636346640,+3.43,+16.847, +9.076,+0.957
1636346700,+3.43,+16.847, +9.067,+0.956
1636346760,+3.43,+16.855, +9.068,+0.956
1636346820,+3.43,+16.838, +9.066,+0.956
1636346880,+3.43,+16.821, +9.065,+0.956
1636346940,+3.43,+16.830, +9.040,+0.957
1636347000,+3.43,+16.830, +9.034,+0.957
1636347060,+3.43,+16.830, +9.040,+0.957
1636347120,+3.43,+16.821, +9.032,+0.956
1636347180,+3.43,+16.813, +9.027,+0.956
1636347240,+3.43,+16.830, +9.002,+0.956
1636347300,+3.43,+16.830, +8.983,+0.956
1636347360,+3.43,+16.830, +8.963,+0.956
1636347420,+3.43,+16.838, +8.950,+0.957
1636347480,+3.43,+16.830, +8.937,+0.956
1636347540,+3.43,+16.838, +8.927,+0.957
1636347600,+3.42,+16.804, +8.933,+0.956
1636347660,+3.43,+16.830, +8.925,+0.956
1636347720,+3.43,+16.813, +8.927,+0.956
1636347780,+3.43,+16.830, +8.921,+0.957
1636347840,+3.43,+16.830, +8.915,+0.957
1636347900,+3.43,+16.813, +8.914,+0.956
1636347960,+3.43,+16.838, +8.891,+0.956
1636348020,+3.42,+16.804, +8.898,+0.957
1636348080,+3.43,+16.813, +8.896,+0.957
1636348140,+3.42,+16.821, +8.894,+0.956
1636348200,+3.42,+16.804, +8.902,+0.957
1636348260,+3.43,+16.830, +8.903,+0.956
1636348320,+3.43,+16.813, +8.923,+0.956
1636348380,+3.43,+16.821, +8.921,+0.957
1636348440,+3.43,+16.821, +8.901,+0.956
1636348500,+3.43,+16.821, +8.906,+0.957
1636348560,+3.42,+16.813, +8.895,+0.956
1636348620,+3.43,+16.804, +8.892,+0.956
1636348680,+3.42,+16.821, +8.901,+0.956
1636348740,+3.42,+16.813, +8.916,+0.956
1636348800,+3.43,+16.813, +8.926,+0.956
1636348860,+3.42,+16.804, +8.938,+0.957
1636348920,+3.42,+16.804, +8.940,+0.957
1636348980,+3.43,+16.821, +8.940,+0.957
1636349040,+3.43,+16.821, +8.935,+0.956
1636349100,+3.43,+16.830, +8.934,+0.956
1636349160,+3.43,+16.830, +8.934,+0.957
1636349220,+3.43,+16.821, +8.942,+0.957
1636349280,+3.42,+16.813, +8.953,+0.957
1636349340,+3.43,+16.830, +8.952,+0.956
1636349400,+3.43,+16.847, +8.954,+0.957
1636349460,+3.43,+16.855, +8.955,+0.957
1636349520,+3.43,+16.847, +8.952,+0.956
1636349580,+3.43,+16.872, +8.936,+0.956
1636349640,+3.43,+16.872, +8.934,+0.956
1636349700,+3.43,+16.872, +8.937,+0.956
1636349760,+3.43,+16.864, +8.939,+0.956
1636349820,+3.43,+16.872, +8.943,+0.957
1636349880,+3.43,+16.847, +8.955,+0.957
1636349940,+3.43,+16.872, +8.925,+0.956
1636350000,+3.43,+16.881, +8.938,+0.957
1636350060,+3.43,+16.881, +8.936,+0.956
1636350120,+3.43,+16.864, +8.944,+0.956
1636350180,+3.43,+16.872, +8.945,+0.957
1636350240,+3.43,+16.872, +8.929,+0.956
1636350300,+3.43,+16.872, +8.920,+0.957
1636350360,+3.43,+16.881, +8.933,+0.957
1636350420,+3.43,+16.881, +8.929,+0.957
1636350480,+3.43,+16.864, +8.935,+0.957
1636350540,+3.43,+16.872, +8.942,+0.957
1636350600,+3.43,+16.889, +8.935,+0.957
1636350660,+3.43,+16.872, +8.929,+0.956
1636350720,+3.43,+16.881, +8.934,+0.957
1636350780,+3.43,+16.898, +8.923,+0.957
1636350840,+3.43,+16.881, +8.923,+0.957
1636350900,+3.43,+16.889, +8.912,+0.956
1636350960,+3.43,+16.872, +8.917,+0.956
1636351020,+3.43,+16.889, +8.912,+0.957
1636351080,+3.43,+16.889, +8.902,+0.956
1636351140,+3.43,+16.864, +8.911,+0.957
1636351200,+3.43,+16.855, +8.908,+0.956
1636351260,+3.43,+16.864, +8.902,+0.957
1636351320,+3.43,+16.855, +8.905,+0.957
1636351380,+3.43,+16.838, +8.912,+0.957
1636351440,+3.43,+16.838, +8.905,+0.956
1636351500,+3.43,+16.838, +8.909,+0.956
1636351560,+3.43,+16.838, +8.908,+0.956
1636351620,+3.43,+16.838, +8.902,+0.956
1636351680,+3.43,+16.830, +8.903,+0.956
1636351740,+3.43,+16.838, +8.908,+0.957
1636351800,+3.43,+16.838, +8.907,+0.957
1636351860,+3.43,+16.838, +8.904,+0.957
1636351920,+3.43,+16.847, +8.888,+0.956
1636351980,+3.43,+16.847, +8.889,+0.957
1636352040,+3.43,+16.847, +8.893,+0.957
1636352100,+3.43,+16.847, +8.881,+0.956
1636352160,+3.43,+16.821, +8.892,+0.956
1636352220,+3.43,+16.838, +8.883,+0.956
1636352280,+3.43,+16.821, +8.885,+0.957
1636352340,+3.42,+16.813, +8.892,+0.957
1636352400,+3.42,+16.813, +8.886,+0.957
1636352460,+3.42,+16.821, +8.878,+0.957
1636352520,+3.43,+16.813, +8.886,+0.957
1636352580,+3.42,+16.821, +8.889,+0.957
1636352640,+3.42,+16.830, +8.877,+0.956
1636352700,+3.43,+16.830, +8.879,+0.956
1636352760,+3.42,+16.804, +8.896,+0.956
1636352820,+3.43,+16.821, +8.901,+0.956
1636352880,+3.42,+16.830, +8.907,+0.957
1636352940,+3.43,+16.830, +8.908,+0.956
1636353000,+3.43,+16.830, +8.915,+0.957
1636353060,+3.43,+16.830, +8.912,+0.956
1636353120,+3.43,+16.838, +8.912,+0.957
1636353180,+3.43,+16.847, +8.901,+0.957
1636353240,+3.43,+16.847, +8.898,+0.957
1636353300,+3.43,+16.830, +8.900,+0.957
1636353360,+3.43,+16.830, +8.891,+0.957
1636353420,+3.43,+16.830, +8.890,+0.957
1636353480,+3.43,+16.821, +8.893,+0.957
1636353540,+3.42,+16.838, +8.875,+0.956
1636353600,+3.42,+16.813, +8.884,+0.956
1636353660,+3.42,+16.821, +8.876,+0.956
1636353720,+3.42,+16.821, +8.879,+0.956
1636353780,+3.42,+16.813, +8.874,+0.956
1636353840,+3.42,+16.821, +8.874,+0.957
1636353900,+3.42,+16.804, +8.870,+0.956
1636353960,+3.42,+16.804, +8.873,+0.957
1636354020,+3.42,+16.813, +8.853,+0.956
1636354080,+3.42,+16.796, +8.865,+0.956
1636354140,+3.42,+16.796, +8.856,+0.956
1636354200,+3.42,+16.804, +8.869,+0.957
1636354260,+3.42,+16.779, +8.868,+0.956
1636354320,+3.42,+16.796, +8.855,+0.956
1636354380,+3.42,+16.779, +8.861,+0.956
1636354440,+3.42,+16.779, +8.856,+0.956
1636354500,+3.42,+16.779, +8.853,+0.956
1636354560,+3.42,+16.770, +8.863,+0.957
1636354620,+3.42,+16.779, +8.841,+0.956
1636354680,+3.42,+16.770, +8.840,+0.956
1636354740,+3.42,+16.770, +8.840,+0.956
1636354800,+3.42,+16.762, +8.847,+0.956
1636354860,+3.42,+16.770, +8.836,+0.956
1636354920,+3.42,+16.762, +8.837,+0.956
1636354980,+3.42,+16.736, +8.848,+0.957
1636355040,+3.42,+16.745, +8.836,+0.956
1636355100,+3.42,+16.736, +8.838,+0.956
1636355160,+3.42,+16.728, +8.834,+0.956
1636355220,+3.42,+16.736, +8.828,+0.956
1636355280,+3.42,+16.719, +8.852,+0.957
1636355340,+3.42,+16.736, +8.833,+0.957
1636355400,+3.42,+16.736, +8.830,+0.957
1636355460,+3.42,+16.711, +8.833,+0.956
1636355520,+3.42,+16.711, +8.838,+0.957
1636355580,+3.42,+16.711, +8.834,+0.957
1636355640,+3.42,+16.694, +8.812,+0.956
1636355700,+3.42,+16.694, +8.817,+0.957
1636355760,+3.42,+16.685, +8.815,+0.957
1636355820,+3.42,+16.677, +8.809,+0.956
1636355880,+3.42,+16.685, +8.811,+0.957
1636355940,+3.42,+16.660, +8.810,+0.956
1636356000,+3.42,+16.668, +8.785,+0.956
1636356060,+3.42,+16.643, +8.786,+0.956
1636356120,+3.42,+16.660, +8.787,+0.956
1636356180,+3.42,+16.660, +8.786,+0.956
1636356240,+3.42,+16.651, +8.792,+0.956
1636356300,+3.42,+16.626, +8.796,+0.957
1636356360,+3.42,+16.626, +8.787,+0.956
1636356420,+3.42,+16.600, +8.779,+0.956
1636356480,+3.42,+16.626, +8.761,+0.956
1636356540,+3.42,+16.600, +8.782,+0.957
1636356600,+3.42,+16.617, +8.778,+0.957
1636356660,+3.42,+16.609, +8.768,+0.956
1636356720,+3.42,+16.609, +8.783,+0.956
1636356780,+3.42,+16.609, +8.781,+0.956
1636356840,+3.42,+16.600, +8.767,+0.956
1636356900,+3.42,+16.600, +8.748,+0.956
1636356960,+3.42,+16.592, +8.749,+0.956
1636357020,+3.42,+16.575, +8.758,+0.957
1636357080,+3.42,+16.575, +8.766,+0.956
1636357140,+3.42,+16.583, +8.759,+0.956
1636357200,+3.42,+16.566, +8.750,+0.957
1636357260,+3.42,+16.566, +8.742,+0.956
1636357320,+3.42,+16.566, +8.748,+0.957
1636357380,+3.42,+16.566, +8.733,+0.956
1636357440,+3.42,+16.558, +8.738,+0.957
1636357500,+3.42,+16.549, +8.737,+0.956
1636357560,+3.42,+16.532, +8.749,+0.956
1636357620,+3.42,+16.549, +8.737,+0.956
1636357680,+3.42,+16.524, +8.740,+0.957
1636357740,+3.42,+16.532, +8.719,+0.956
1636357800,+3.42,+16.524, +8.722,+0.956
1636357860,+3.42,+16.507, +8.732,+0.957
1636357920,+3.42,+16.524, +8.712,+0.956
1636357980,+3.42,+16.515, +8.714,+0.956
1636358040,+3.42,+16.498, +8.718,+0.957
1636358100,+3.42,+16.498, +8.712,+0.956
1636358160,+3.42,+16.498, +8.713,+0.956
1636358220,+3.42,+16.490, +8.713,+0.956
1636358280,+3.42,+16.490, +8.715,+0.956
1636358340,+3.42,+16.473, +8.720,+0.956
1636358400,+3.42,+16.481, +8.710,+0.956
1636358460,+3.42,+16.456, +8.708,+0.956
1636358520,+3.42,+16.464, +8.705,+0.956
1636358580,+3.42,+16.464, +8.685,+0.956
1636358640,+3.42,+16.456, +8.661,+0.956
1636358700,+3.42,+16.456, +8.648,+0.957
1636358760,+3.42,+16.456, +8.625,+0.956
1636358820,+3.42,+16.447, +8.621,+0.957
1636358880,+3.42,+16.447, +8.621,+0.957
1636358940,+3.42,+16.430, +8.615,+0.956
1636359000,+3.42,+16.430, +8.614,+0.957
1636359060,+3.42,+16.439, +8.600,+0.956
1636359120,+3.42,+16.439, +8.592,+0.957
1636359180,+3.42,+16.447, +8.582,+0.956
1636359240,+3.42,+16.439, +8.580,+0.956
1636359300,+3.42,+16.422, +8.585,+0.956
1636359360,+3.42,+16.405, +8.590,+0.956
1636359420,+3.42,+16.405, +8.596,+0.956
1636359480,+3.42,+16.413, +8.583,+0.956
1636359540,+3.42,+16.405, +8.588,+0.957
1636359600,+3.42,+16.405, +8.577,+0.956
1636359660,+3.42,+16.405, +8.573,+0.956
1636359720,+3.42,+16.396, +8.570,+0.956
1636359780,+3.42,+16.379, +8.584,+0.957
1636359840,+3.42,+16.371, +8.577,+0.956
1636359900,+3.42,+16.396, +8.569,+0.956
1636359960,+3.42,+16.405, +8.565,+0.957
1636360020,+3.42,+16.388, +8.566,+0.957
1636360080,+3.42,+16.405, +8.544,+0.956
1636360140,+3.42,+16.388, +8.554,+0.957
1636360200,+3.42,+16.388, +8.538,+0.956
1636360260,+3.42,+16.388, +8.533,+0.956
1636360320,+3.42,+16.379, +8.531,+0.957
1636360380,+3.42,+16.362, +8.518,+0.956
1636360440,+3.42,+16.337, +8.526,+0.957
1636360500,+3.42,+16.345, +8.505,+0.956
1636360560,+3.42,+16.320, +8.521,+0.957
1636360620,+3.42,+16.311, +8.514,+0.956
1636360680,+3.42,+16.303, +8.512,+0.956
1636360740,+3.42,+16.303, +8.512,+0.956
1636360800,+3.42,+16.311, +8.516,+0.956
1636360860,+3.42,+16.303, +8.519,+0.956
1636360920,+3.42,+16.311, +8.515,+0.956
1636360980,+3.42,+16.294, +8.530,+0.957
1636361040,+3.42,+16.303, +8.507,+0.956
1636361100,+3.42,+16.303, +8.504,+0.956
1636361160,+3.42,+16.294, +8.501,+0.956
1636361220,+3.42,+16.311, +8.494,+0.956
1636361280,+3.42,+16.277, +8.518,+0.957
1636361340,+3.42,+16.285, +8.500,+0.956
1636361400,+3.42,+16.277, +8.503,+0.956
1636361460,+3.42,+16.268, +8.500,+0.956
1636361520,+3.42,+16.285, +8.486,+0.957
1636361580,+3.42,+16.294, +8.469,+0.956
1636361640,+3.42,+16.285, +8.476,+0.957
1636361700,+3.42,+16.285, +8.468,+0.956
1636361760,+3.42,+16.294, +8.456,+0.957
1636361820,+3.42,+16.268, +8.454,+0.956
1636361880,+3.42,+16.268, +8.454,+0.956
1636361940,+3.42,+16.251, +8.462,+0.957
1636362000,+3.42,+16.268, +8.444,+0.956
1636362060,+3.42,+16.260, +8.451,+0.957
1636362120,+3.42,+16.251, +8.452,+0.956
1636362180,+3.42,+16.260, +8.439,+0.956
1636362240,+3.42,+16.260, +8.437,+0.956
1636362300,+3.42,+16.243, +8.442,+0.956
1636362360,+3.42,+16.243, +8.450,+0.957
1636362420,+3.42,+16.260, +8.424,+0.956
1636362480,+3.42,+16.243, +8.440,+0.957
1636362540,+3.42,+16.226, +8.436,+0.957
1636362600,+3.42,+16.234, +8.428,+0.957
1636362660,+3.42,+16.226, +8.424,+0.957
1636362720,+3.42,+16.234, +8.412,+0.956
1636362780,+3.42,+16.243, +8.400,+0.956
1636362840,+3.42,+16.217, +8.410,+0.957
1636362900,+3.42,+16.234, +8.402,+0.956
1636362960,+3.42,+16.251, +8.395,+0.957
1636363020,+3.42,+16.243, +8.383,+0.956
1636363080,+3.42,+16.251, +8.387,+0.956
1636363140,+3.42,+16.243, +8.391,+0.956
1636363200,+3.42,+16.243, +8.381,+0.956
1636363260,+3.42,+16.234, +8.389,+0.957
1636363320,+3.42,+16.234, +8.380,+0.956
1636363380,+3.42,+16.226, +8.374,+0.956
1636363440,+3.42,+16.234, +8.361,+0.956
1636363500,+3.42,+16.226, +8.368,+0.956
1636363560,+3.42,+16.200, +8.371,+0.956
1636363620,+3.42,+16.226, +8.348,+0.956
1636363680,+3.42,+16.226, +8.335,+0.956
1636363740,+3.42,+16.217, +8.323,+0.956
1636363800,+3.42,+16.226, +8.327,+0.956
1636363860,+3.42,+16.209, +8.339,+0.956
1636363920,+3.42,+16.217, +8.327,+0.956
1636363980,+3.42,+16.209, +8.329,+0.957
1636364040,+3.42,+16.192, +8.304,+0.956
1636364100,+3.42,+16.192, +8.302,+0.956
1636364160,+3.42,+16.200, +8.321,+0.957
1636364220,+3.42,+16.217, +8.317,+0.956
1636364280,+3.42,+16.192, +8.339,+0.957
1636364340,+3.42,+16.200, +8.326,+0.956
1636364400,+3.42,+16.200, +8.318,+0.956
1636364460,+3.42,+16.183, +8.331,+0.956
1636364520,+3.42,+16.200, +8.327,+0.956
1636364580,+3.42,+16.200, +8.332,+0.956
1636364640,+3.42,+16.209, +8.335,+0.956
1636364700,+3.42,+16.192, +8.334,+0.956
1636364760,+3.42,+16.192, +8.337,+0.956
1636364820,+3.42,+16.183, +8.330,+0.956
1636364880,+3.42,+16.192, +8.316,+0.956
1636364940,+3.43,+16.183, +8.306,+0.956
1636365000,+3.42,+16.183, +8.310,+0.956
1636365060,+3.43,+16.183, +8.303,+0.956
1636365120,+3.42,+16.183, +8.304,+0.956
1636365180,+3.43,+16.175, +8.305,+0.956
1636365240,+3.42,+16.166, +8.304,+0.956
1636365300,+3.42,+16.166, +8.313,+0.957
1636365360,+3.42,+16.166, +8.312,+0.956
1636365420,+3.42,+16.166, +8.304,+0.956
1636365480,+3.42,+16.149, +8.314,+0.956
1636365540,+3.42,+16.166, +8.295,+0.956
1636365600,+3.42,+16.149, +8.288,+0.956
1636365660,+3.42,+16.149, +8.276,+0.956
1636365720,+3.43,+16.166, +8.269,+0.956
1636365780,+3.43,+16.149, +8.275,+0.956
1636365840,+3.42,+16.158, +8.279,+0.956
1636365900,+3.42,+16.166, +8.274,+0.956
1636365960,+3.42,+16.149, +8.275,+0.956
1636366020,+3.42,+16.166, +8.268,+0.956
1636366080,+3.42,+16.175, +8.260,+0.956
1636366140,+3.42,+16.166, +8.263,+0.956
1636366200,+3.42,+16.158, +8.263,+0.956
1636366260,+3.42,+16.158, +8.267,+0.956
1636366320,+3.42,+16.166, +8.261,+0.956
1636366380,+3.43,+16.149, +8.261,+0.956
1636366440,+3.42,+16.149, +8.262,+0.957
1636366500,+3.42,+16.149, +8.250,+0.956
1636366560,+3.42,+16.158, +8.245,+0.957
1636366620,+3.42,+16.149, +8.239,+0.956
1636366680,+3.42,+16.141, +8.240,+0.956
1636366740,+3.43,+16.141, +8.235,+0.956
1636366800,+3.42,+16.158, +8.221,+0.956
1636366860,+3.42,+16.141, +8.229,+0.957
1636366920,+3.42,+16.141, +8.218,+0.956
1636366980,+3.42,+16.141, +8.206,+0.956
1636367040,+3.42,+16.141, +8.188,+0.956
1636367100,+3.42,+16.132, +8.167,+0.956
1636367160,+3.43,+16.132, +8.143,+0.956
1636367220,+3.43,+16.123, +8.135,+0.956
1636367280,+3.43,+16.115, +8.130,+0.956
1636367340,+3.42,+16.123, +8.123,+0.956
1636367400,+3.42,+16.106, +8.143,+0.956
1636367460,+3.43,+16.106, +8.151,+0.956
1636367520,+3.43,+16.098, +8.168,+0.956
1636367580,+3.43,+16.098, +8.193,+0.957
1636367640,+3.42,+16.123, +8.195,+0.957
1636367700,+3.43,+16.098, +8.193,+0.956
1636367760,+3.42,+16.098, +8.192,+0.956
1636367820,+3.42,+16.098, +8.187,+0.956
1636367880,+3.43,+16.098, +8.171,+0.957
1636367940,+3.43,+16.106, +8.152,+0.956
1636368000,+3.43,+16.106, +8.169,+0.957
1636368060,+3.42,+16.098, +8.173,+0.956
1636368120,+3.43,+16.072, +8.188,+0.957
1636368180,+3.42,+16.106, +8.181,+0.957
1636368240,+3.42,+16.106, +8.170,+0.956
1636368300,+3.42,+16.089, +8.166,+0.956
1636368360,+3.43,+16.089, +8.145,+0.956
1636368420,+3.42,+16.089, +8.155,+0.956
1636368480,+3.43,+16.081, +8.189,+0.956
1636368540,+3.43,+16.064, +8.212,+0.957
1636368600,+3.43,+16.081, +8.200,+0.956
1636368660,+3.42,+16.072, +8.184,+0.956
1636368720,+3.43,+16.064, +8.177,+0.956
1636368780,+3.42,+16.081, +8.182,+0.956
1636368840,+3.43,+16.089, +8.202,+0.956
1636368900,+3.43,+16.064, +8.216,+0.956
1636368960,+3.42,+16.081, +8.224,+0.956
1636369020,+3.43,+16.072, +8.235,+0.957
1636369080,+3.43,+16.072, +8.229,+0.956
1636369140,+3.43,+16.081, +8.222,+0.956
1636369200,+3.42,+16.064, +8.223,+0.956
1636369260,+3.42,+16.072, +8.212,+0.957
1636369320,+3.43,+16.072, +8.193,+0.956
1636369380,+3.42,+16.055, +8.201,+0.957
1636369440,+3.42,+16.072, +8.191,+0.956
1636369500,+3.43,+16.064, +8.187,+0.956
1636369560,+3.43,+16.081, +8.182,+0.956
1636369620,+3.43,+16.064, +8.191,+0.956
1636369680,+3.43,+16.064, +8.196,+0.956
1636369740,+3.43,+16.064, +8.202,+0.957
1636369800,+3.43,+16.038, +8.203,+0.957
1636369860,+3.43,+16.038, +8.195,+0.956
1636369920,+3.43,+16.030, +8.196,+0.956
1636369980,+3.43,+16.038, +8.192,+0.956
1636370040,+3.43,+16.030, +8.191,+0.957
1636370100,+3.43,+16.047, +8.182,+0.956
1636370160,+3.43,+16.030, +8.186,+0.956
1636370220,+3.43,+16.055, +8.181,+0.957
1636370280,+3.43,+16.047, +8.167,+0.956
1636370340,+3.43,+16.047, +8.153,+0.956
1636370400,+3.43,+16.047, +8.149,+0.956
1636370460,+3.43,+16.038, +8.158,+0.956
1636370520,+3.43,+16.021, +8.151,+0.956
1636370580,+3.43,+16.021, +8.160,+0.956
1636370640,+3.43,+16.021, +8.160,+0.956
1636370700,+3.43,+16.030, +8.153,+0.956
1636370760,+3.43,+16.038, +8.142,+0.956
1636370820,+3.43,+16.047, +8.140,+0.956
1636370880,+3.43,+16.030, +8.142,+0.956
1636370940,+3.43,+16.038, +8.147,+0.956
1636371000,+3.43,+16.012, +8.174,+0.957
1636371060,+3.43,+16.021, +8.168,+0.956
1636371120,+3.43,+16.021, +8.172,+0.956
1636371180,+3.43,+16.030, +8.169,+0.956
1636371240,+3.43,+16.021, +8.161,+0.956
1636371300,+3.43,+16.030, +8.153,+0.956
1636371360,+3.42,+16.047, +8.137,+0.957
1636371420,+3.43,+16.021, +8.129,+0.956
1636371480,+3.43,+16.004, +8.138,+0.957
1636371540,+3.43,+16.012, +8.152,+0.957
1636371600,+3.43,+16.012, +8.136,+0.956
1636371660,+3.43,+15.995, +8.134,+0.956
1636371720,+3.43,+16.004, +8.152,+0.956
1636371780,+3.43,+16.004, +8.154,+0.956
1636371840,+3.43,+16.012, +8.175,+0.956
1636371900,+3.43,+15.961, +8.207,+0.957
1636371960,+3.43,+15.987, +8.211,+0.957
1636372020,+3.43,+15.978, +8.212,+0.956
1636372080,+3.43,+15.978, +8.219,+0.956
1636372140,+3.43,+15.978, +8.219,+0.956
1636372200,+3.43,+15.970, +8.219,+0.956
1636372260,+3.43,+15.970, +8.225,+0.956
1636372320,+3.43,+15.961, +8.229,+0.956
1636372380,+3.43,+15.987, +8.223,+0.956
1636372440,+3.43,+15.978, +8.226,+0.956
1636372500,+3.43,+15.953, +8.241,+0.957
1636372560,+3.43,+15.970, +8.231,+0.957
1636372620,+3.43,+15.970, +8.227,+0.956
1636372680,+3.43,+15.970, +8.233,+0.956
1636372740,+3.43,+15.961, +8.237,+0.956
1636372800,+3.43,+15.970, +8.234,+0.957
1636372860,+3.43,+15.978, +8.220,+0.957
1636372920,+3.42,+15.961, +8.207,+0.956
1636372980,+3.43,+15.978, +8.196,+0.956
1636373040,+3.43,+15.978, +8.189,+0.956
1636373100,+3.43,+15.961, +8.201,+0.956
1636373160,+3.42,+15.970, +8.194,+0.956
1636373220,+3.43,+15.970, +8.199,+0.956
1636373280,+3.43,+15.970, +8.193,+0.956
1636373340,+3.43,+15.961, +8.189,+0.956
1636373400,+3.43,+15.953, +8.187,+0.956
1636373460,+3.43,+15.961, +8.179,+0.956
1636373520,+3.43,+15.953, +8.160,+0.956
1636373580,+3.43,+15.961, +8.149,+0.956
1636373640,+3.43,+15.961, +8.151,+0.957
1636373700,+3.43,+15.944, +8.151,+0.957
1636373760,+3.43,+15.970, +8.128,+0.956
1636373820,+3.43,+15.944, +8.131,+0.956
1636373880,+3.43,+15.944, +8.111,+0.956
1636373940,+3.43,+15.961, +8.093,+0.956
1636374000,+3.43,+15.944, +8.100,+0.956
1636374060,+3.43,+15.936, +8.097,+0.956
1636374120,+3.43,+15.953, +8.098,+0.956
1636374180,+3.43,+15.927, +8.095,+0.957
1636374240,+3.43,+15.953, +8.054,+0.956
1636374300,+3.43,+15.944, +8.051,+0.956
1636374360,+3.43,+15.936, +8.067,+0.956
1636374420,+3.43,+15.936, +8.072,+0.956
1636374480,+3.43,+15.936, +8.083,+0.957
1636374540,+3.43,+15.936, +8.101,+0.957
1636374600,+3.43,+15.936, +8.096,+0.956
1636374660,+3.43,+15.927, +8.089,+0.956
1636374720,+3.43,+15.944, +8.061,+0.956
1636374780,+3.43,+15.927, +8.043,+0.956
1636374840,+3.43,+15.927, +8.031,+0.956
1636374900,+3.43,+15.927, +8.043,+0.956
1636374960,+3.43,+15.927, +8.055,+0.956
1636375020,+3.43,+15.919, +8.054,+0.957
1636375080,+3.43,+15.919, +8.044,+0.956
1636375140,+3.43,+15.910, +8.037,+0.956
1636375200,+3.43,+15.919, +8.027,+0.956
1636375260,+3.43,+15.927, +8.046,+0.957
1636375320,+3.43,+15.910, +8.050,+0.956
1636375380,+3.43,+15.910, +8.040,+0.956
1636375440,+3.43,+15.893, +8.062,+0.956
1636375500,+3.43,+15.884, +8.071,+0.956
1636375560,+3.43,+15.901, +8.068,+0.956
1636375620,+3.43,+15.893, +8.072,+0.956
1636375680,+3.43,+15.901, +8.069,+0.956
1636375740,+3.43,+15.893, +8.082,+0.956
1636375800,+3.43,+15.893, +8.096,+0.956
1636375860,+3.43,+15.910, +8.090,+0.957
1636375920,+3.43,+15.893, +8.090,+0.956
1636375980,+3.43,+15.901, +8.082,+0.956
1636376040,+3.43,+15.893, +8.083,+0.956
1636376100,+3.43,+15.893, +8.073,+0.956
1636376160,+3.43,+15.910, +8.072,+0.956
1636376220,+3.43,+15.901, +8.072,+0.956
1636376280,+3.43,+15.893, +8.073,+0.956
1636376340,+3.43,+15.910, +8.076,+0.957
1636376400,+3.43,+15.884, +8.072,+0.956
1636376460,+3.43,+15.910, +8.056,+0.956
1636376520,+3.43,+15.893, +8.054,+0.956
1636376580,+3.43,+15.884, +8.057,+0.957
1636376640,+3.43,+15.910, +8.051,+0.957
1636376700,+3.43,+15.901, +8.034,+0.956
1636376760,+3.43,+15.910, +8.035,+0.956
1636376820,+3.43,+15.919, +8.024,+0.956
1636376880,+3.43,+15.901, +8.029,+0.956
1636376940,+3.43,+15.910, +8.022,+0.956
1636377000,+3.43,+15.893, +8.021,+0.956
1636377060,+3.43,+15.910, +8.023,+0.956
1636377120,+3.43,+15.901, +8.024,+0.956
1636377180,+3.43,+15.876, +8.042,+0.956
1636377240,+3.43,+15.876, +8.044,+0.956
1636377300,+3.43,+15.893, +8.041,+0.956
1636377360,+3.43,+15.893, +8.044,+0.956
1636377420,+3.43,+15.884, +8.055,+0.957
1636377480,+3.43,+15.867, +8.049,+0.956
1636377540,+3.43,+15.867, +8.053,+0.956
1636377600,+3.43,+15.876, +8.043,+0.956
1636377660,+3.43,+15.884, +8.051,+0.956
1636377720,+3.43,+15.884, +8.042,+0.957
1636377780,+3.43,+15.893, +8.018,+0.956
1636377840,+3.43,+15.910, +8.002,+0.956
1636377900,+3.43,+15.910, +7.971,+0.956
1636377960,+3.43,+15.901, +7.941,+0.956
1636378020,+3.43,+15.901, +7.932,+0.956
1636378080,+3.43,+15.893, +7.951,+0.957
1636378140,+3.43,+15.901, +7.971,+0.956
1636378200,+3.43,+15.884, +7.981,+0.956
1636378260,+3.43,+15.884, +7.978,+0.956
1636378320,+3.43,+15.884, +7.983,+0.956
1636378380,+3.43,+15.893, +8.004,+0.956
1636378440,+3.43,+15.893, +8.026,+0.956
1636378500,+3.43,+15.884, +8.036,+0.956
1636378560,+3.43,+15.876, +8.026,+0.956
1636378620,+3.43,+15.876, +8.016,+0.956
1636378680,+3.43,+15.867, +8.014,+0.956
1636378740,+3.43,+15.867, +8.016,+0.956
1636378800,+3.43,+15.876, +8.021,+0.956
1636378860,+3.43,+15.884, +8.010,+0.956
1636378920,+3.43,+15.876, +8.021,+0.956
1636378980,+3.43,+15.893, +8.009,+0.956
1636379040,+3.43,+15.876, +8.024,+0.956
1636379100,+3.43,+15.876, +8.028,+0.956
1636379160,+3.42,+15.876, +8.018,+0.956
1636379220,+3.42,+15.893, +8.013,+0.956
1636379280,+3.43,+15.901, +8.004,+0.956
1636379340,+3.43,+15.910, +7.992,+0.956
1636379400,+3.43,+15.884, +7.985,+0.956
1636379460,+3.43,+15.910, +7.994,+0.956
1636379520,+3.42,+15.884, +8.014,+0.956
1636379580,+3.43,+15.910, +8.020,+0.956
1636379640,+3.43,+15.901, +8.022,+0.956
1636379700,+3.43,+15.893, +8.011,+0.956
1636379760,+3.43,+15.901, +8.013,+0.956
1636379820,+3.43,+15.893, +8.015,+0.956
1636379880,+3.43,+15.901, +8.007,+0.956
1636379940,+3.43,+15.901, +8.014,+0.956
1636380000,+3.43,+15.919, +8.007,+0.956
1636380060,+3.42,+15.901, +8.014,+0.956
1636380120,+3.43,+15.919, +8.013,+0.956
1636380180,+3.43,+15.919, +8.018,+0.956
1636380240,+3.43,+15.901, +8.040,+0.956
1636380300,+3.43,+15.901, +8.045,+0.956
1636380360,+3.43,+15.919, +8.046,+0.956
1636380420,+3.43,+15.901, +8.051,+0.956
1636380480,+3.43,+15.910, +8.056,+0.956
1636380540,+3.43,+15.919, +8.069,+0.956
1636380600,+3.43,+15.901, +8.067,+0.956
1636380660,+3.43,+15.919, +8.068,+0.956
1636380720,+3.43,+15.910, +8.079,+0.956
1636380780,+3.43,+15.927, +8.076,+0.956
1636380840,+3.43,+15.919, +8.115,+0.956
1636380900,+3.43,+15.927, +8.119,+0.956
1636380960,+3.43,+15.927, +8.120,+0.956
1636381020,+3.43,+15.927, +8.131,+0.956
1636381080,+3.43,+15.944, +8.134,+0.956
1636381140,+3.43,+15.927, +8.138,+0.956
1636381200,+3.42,+15.927, +8.130,+0.956
1636381260,+3.43,+15.936, +8.103,+0.956
1636381320,+3.42,+15.944, +8.104,+0.956
1636381380,+3.42,+15.936, +8.123,+0.956
1636381440,+3.42,+15.944, +8.141,+0.956
1636381500,+3.43,+15.927, +8.138,+0.956
1636381560,+3.42,+15.944, +8.122,+0.956
1636381620,+3.43,+15.944, +8.116,+0.956
1636381680,+3.42,+15.953, +8.123,+0.956
1636381740,+3.42,+15.944, +8.120,+0.956
1636381800,+3.42,+15.953, +8.136,+0.956
1636381860,+3.42,+15.953, +8.132,+0.955
1636381920,+3.42,+15.944, +8.144,+0.956
1636381980,+3.42,+15.970, +8.129,+0.956
1636382040,+3.43,+15.970, +8.140,+0.956
1636382100,+3.42,+15.970, +8.142,+0.956
1636382160,+3.42,+15.953, +8.140,+0.956
1636382220,+3.42,+15.953, +8.138,+0.956
1636382280,+3.42,+15.961, +8.136,+0.956
1636382340,+3.43,+15.970, +8.150,+0.956
1636382400,+3.42,+16.012, +8.162,+0.957
1636382460,+3.42,+15.978, +8.158,+0.955
1636382520,+3.42,+15.987, +8.160,+0.956
1636382580,+3.42,+15.987, +8.153,+0.956
1636382640,+3.42,+15.995, +8.150,+0.956
1636382700,+3.42,+15.987, +8.158,+0.956
1636382760,+3.42,+15.987, +8.157,+0.956
1636382820,+3.42,+15.995, +8.156,+0.956
1636382880,+3.42,+15.987, +8.143,+0.956
1636382940,+3.42,+15.987, +8.124,+0.956
1636383000,+3.42,+15.987, +8.134,+0.957
1636383060,+3.42,+15.978, +8.144,+0.956
1636383120,+3.42,+15.961, +8.149,+0.956
1636383180,+3.42,+15.970, +8.144,+0.956
1636383240,+3.42,+15.995, +8.151,+0.956
1636383300,+3.42,+15.995, +8.145,+0.956
1636383360,+3.42,+15.987, +8.150,+0.956
1636383420,+3.42,+15.987, +8.138,+0.956
1636383480,+3.42,+15.978, +8.131,+0.956
1636383540,+3.42,+15.978, +8.135,+0.956
1636383600,+3.42,+15.978, +8.145,+0.956
1636383660,+3.42,+15.961, +8.147,+0.956
1636383720,+3.42,+15.978, +8.148,+0.956
1636383780,+3.42,+15.987, +8.150,+0.956
1636383840,+3.42,+15.987, +8.156,+0.956
1636383900,+3.42,+15.995, +8.149,+0.956
1636383960,+3.42,+15.978, +8.154,+0.956
1636384020,+3.42,+15.995, +8.137,+0.956
1636384080,+3.42,+15.995, +8.146,+0.956
1636384140,+3.42,+16.012, +8.145,+0.956
1636384200,+3.42,+16.004, +8.130,+0.955
1636384260,+3.42,+16.004, +8.159,+0.956
1636384320,+3.42,+16.021, +8.165,+0.956
1636384380,+3.42,+16.012, +8.171,+0.956
1636384440,+3.42,+16.012, +8.182,+0.956
1636384500,+3.42,+16.004, +8.191,+0.956
1636384560,+3.42,+16.030, +8.191,+0.956
1636384620,+3.42,+16.021, +8.198,+0.956
1636384680,+3.42,+16.004, +8.202,+0.956
1636384740,+3.42,+16.021, +8.205,+0.956
1636384800,+3.42,+16.030, +8.203,+0.956
1636384860,+3.42,+16.038, +8.208,+0.956
1636384920,+3.42,+16.030, +8.220,+0.956
1636384980,+3.42,+16.047, +8.225,+0.956
1636385040,+3.42,+16.081, +8.213,+0.955
1636385100,+3.42,+16.081, +8.224,+0.956
1636385160,+3.42,+16.072, +8.233,+0.956
1636385220,+3.42,+16.098, +8.233,+0.956
1636385280,+3.42,+16.081, +8.250,+0.956
1636385340,+3.42,+16.106, +8.228,+0.955
1636385400,+3.42,+16.123, +8.234,+0.956
1636385460,+3.42,+16.106, +8.244,+0.956
1636385520,+3.42,+16.115, +8.250,+0.956
1636385580,+3.42,+16.123, +8.254,+0.956
1636385640,+3.42,+16.149, +8.261,+0.956
1636385700,+3.42,+16.149, +8.260,+0.956
1636385760,+3.42,+16.166, +8.258,+0.956
1636385820,+3.42,+16.158, +8.260,+0.956
1636385880,+3.42,+16.175, +8.270,+0.956
1636385940,+3.42,+16.158, +8.265,+0.956
1636386000,+3.42,+16.175, +8.266,+0.956
1636386060,+3.42,+16.158, +8.279,+0.956
1636386120,+3.42,+16.158, +8.296,+0.956
1636386180,+3.42,+16.175, +8.289,+0.956
1636386240,+3.42,+16.200, +8.288,+0.956
1636386300,+3.42,+16.166, +8.296,+0.956
1636386360,+3.42,+16.183, +8.303,+0.956
1636386420,+3.42,+16.166, +8.284,+0.956
1636386480,+3.42,+16.175, +8.279,+0.956
1636386540,+3.42,+16.200, +8.287,+0.956
1636386600,+3.42,+16.226, +8.308,+0.956
1636386660,+3.42,+16.243, +8.301,+0.956
1636386720,+3.42,+16.251, +8.320,+0.956
1636386780,+3.42,+16.277, +8.310,+0.956
1636386840,+3.42,+16.251, +8.328,+0.956
1636386900,+3.42,+16.251, +8.336,+0.956
1636386960,+3.42,+16.294, +8.346,+0.956
1636387020,+3.42,+16.328, +8.350,+0.956
1636387080,+3.42,+16.337, +8.356,+0.956
1636387140,+3.42,+16.362, +8.349,+0.956
1636387200,+3.42,+16.362, +8.344,+0.956
1636387260,+3.42,+16.345, +8.356,+0.956
1636387320,+3.42,+16.362, +8.360,+0.956
1636387380,+3.42,+16.354, +8.349,+0.956
1636387440,+3.42,+16.328, +8.355,+0.956
1636387500,+3.42,+16.345, +8.361,+0.956
1636387560,+3.42,+16.354, +8.364,+0.956
1636387620,+3.42,+16.345, +8.366,+0.956
1636387680,+3.42,+16.345, +8.359,+0.956
1636387740,+3.42,+16.337, +8.364,+0.956
1636387800,+3.42,+16.328, +8.385,+0.956
1636387860,+3.42,+16.320, +8.397,+0.956
1636387920,+3.42,+16.311, +8.394,+0.956
1636387980,+3.42,+16.320, +8.399,+0.956
1636388040,+3.42,+16.337, +8.401,+0.956
1636388100,+3.42,+16.320, +8.409,+0.956
1636388160,+3.42,+16.328, +8.411,+0.956
1636388220,+3.42,+16.320, +8.421,+0.956
1636388280,+3.42,+16.337, +8.427,+0.956
1636388340,+3.42,+16.354, +8.430,+0.956
1636388400,+3.42,+16.337, +8.426,+0.956
1636388460,+3.42,+16.345, +8.437,+0.957
1636388520,+3.42,+16.345, +8.440,+0.956
1636388580,+3.42,+16.345, +8.443,+0.956
1636388640,+3.42,+16.345, +8.447,+0.956
1636388700,+3.42,+16.354, +8.450,+0.956
1636388760,+3.42,+16.337, +8.462,+0.956
1636388820,+3.42,+16.354, +8.455,+0.956
1636388880,+3.42,+16.354, +8.458,+0.956
1636388940,+3.42,+16.362, +8.475,+0.957
1636389000,+3.42,+16.354, +8.465,+0.956
1636389060,+3.42,+16.362, +8.473,+0.956
1636389120,+3.42,+16.362, +8.474,+0.956
1636389180,+3.42,+16.371, +8.467,+0.956
1636389240,+3.42,+16.388, +8.473,+0.956
1636389300,+3.42,+16.379, +8.485,+0.956
1636389360,+3.42,+16.396, +8.495,+0.957
1636389420,+3.42,+16.379, +8.487,+0.956
1636389480,+3.42,+16.405, +8.477,+0.956
1636389540,+3.42,+16.405, +8.489,+0.956
1636389600,+3.42,+16.413, +8.496,+0.956
1636389660,+3.42,+16.405, +8.497,+0.956
1636389720,+3.42,+16.422, +8.502,+0.956
1636389780,+3.42,+16.430, +8.508,+0.956
1636389840,+3.42,+16.422, +8.508,+0.956
1636389900,+3.42,+16.430, +8.518,+0.957
1636389960,+3.42,+16.430, +8.506,+0.956
1636390020,+3.42,+16.430, +8.505,+0.956
1636390080,+3.42,+16.456, +8.511,+0.956
1636390140,+3.42,+16.447, +8.529,+0.956
1636390200,+3.42,+16.447, +8.524,+0.956
1636390260,+3.42,+16.456, +8.523,+0.956
1636390320,+3.42,+16.464, +8.526,+0.956
1636390380,+3.42,+16.447, +8.532,+0.956
1636390440,+3.42,+16.473, +8.531,+0.956
1636390500,+3.42,+16.464, +8.518,+0.956
1636390560,+3.42,+16.447, +8.536,+0.956
1636390620,+3.42,+16.447, +8.527,+0.956
1636390680,+3.42,+16.464, +8.529,+0.956
1636390740,+3.42,+16.473, +8.538,+0.956
1636390800,+3.42,+16.473, +8.530,+0.956
1636390860,+3.42,+16.473, +8.549,+0.956
1636390920,+3.42,+16.481, +8.553,+0.956
1636390980,+3.42,+16.490, +8.566,+0.957
1636391040,+3.42,+16.498, +8.542,+0.956
1636391100,+3.42,+16.524, +8.558,+0.956
1636391160,+3.42,+16.524, +8.547,+0.956
1636391220,+3.42,+16.515, +8.563,+0.956
1636391280,+3.42,+16.532, +8.557,+0.956
1636391340,+3.42,+16.541, +8.554,+0.956
1636391400,+3.42,+16.541, +8.573,+0.956
1636391460,+3.42,+16.532, +8.567,+0.956
1636391520,+3.42,+16.549, +8.571,+0.956
1636391580,+3.42,+16.532, +8.577,+0.956
1636391640,+3.42,+16.541, +8.558,+0.956
1636391700,+3.42,+16.549, +8.585,+0.956
1636391760,+3.42,+16.541, +8.595,+0.956
1636391820,+3.42,+16.558, +8.599,+0.957
1636391880,+3.42,+16.558, +8.593,+0.956
1636391940,+3.42,+16.558, +8.605,+0.956
1636392000,+3.42,+16.566, +8.613,+0.956
1636392060,+3.42,+16.558, +8.594,+0.956
1636392120,+3.42,+16.558, +8.630,+0.956
1636392180,+3.42,+16.566, +8.614,+0.956
1636392240,+3.42,+16.549, +8.605,+0.956
1636392300,+3.42,+16.583, +8.614,+0.956
1636392360,+3.42,+16.566, +8.635,+0.956
1636392420,+3.42,+16.583, +8.627,+0.956
1636392480,+3.42,+16.575, +8.620,+0.956
1636392540,+3.42,+16.583, +8.624,+0.956
1636392600,+3.42,+16.609, +8.643,+0.956
1636392660,+3.42,+16.600, +8.635,+0.955
1636392720,+3.42,+16.626, +8.625,+0.956
1636392780,+3.42,+16.617, +8.637,+0.956
1636392840,+3.42,+16.643, +8.644,+0.956
1636392900,+3.42,+16.643, +8.659,+0.956
1636392960,+3.42,+16.634, +8.646,+0.956
1636393020,+3.42,+16.660, +8.654,+0.956
1636393080,+3.42,+16.660, +8.671,+0.956
1636393140,+3.42,+16.660, +8.660,+0.956
1636393200,+3.42,+16.660, +8.677,+0.956
1636393260,+3.42,+16.634, +8.678,+0.956
1636393320,+3.42,+16.651, +8.694,+0.956
1636393380,+3.42,+16.668, +8.694,+0.956
1636393440,+3.42,+16.668, +8.685,+0.955
1636393500,+3.42,+16.660, +8.699,+0.956
1636393560,+3.42,+16.651, +8.700,+0.957
1636393620,+3.42,+16.668, +8.696,+0.956
1636393680,+3.42,+16.677, +8.698,+0.956
1636393740,+3.42,+16.677, +8.682,+0.955
1636393800,+3.42,+16.677, +8.683,+0.956
1636393860,+3.42,+16.677, +8.689,+0.956
1636393920,+3.42,+16.677, +8.672,+0.956
1636393980,+3.42,+16.702, +8.659,+0.956
1636394040,+3.42,+16.711, +8.659,+0.956
1636394100,+3.42,+16.702, +8.649,+0.956
1636394160,+3.42,+16.702, +8.636,+0.955
1636394220,+3.42,+16.719, +8.621,+0.956
1636394280,+3.42,+16.728, +8.626,+0.955
1636394340,+3.42,+16.736, +8.635,+0.956
1636394400,+3.42,+16.728, +8.635,+0.956
1636394460,+3.42,+16.762, +8.628,+0.956
1636394520,+3.42,+16.736, +8.637,+0.956
1636394580,+3.42,+16.745, +8.647,+0.956
1636394640,+3.42,+16.736, +8.678,+0.956
1636394700,+3.42,+16.745, +8.635,+0.955
1636394760,+3.42,+16.762, +8.635,+0.956
1636394820,+3.42,+16.770, +8.650,+0.956
1636394880,+3.42,+16.762, +8.648,+0.956
1636394940,+3.42,+16.770, +8.662,+0.956
1636395000,+3.42,+16.779, +8.661,+0.956
1636395060,+3.42,+16.770, +8.674,+0.956
1636395120,+3.42,+16.762, +8.687,+0.956
1636395180,+3.42,+16.787, +8.668,+0.956
1636395240,+3.42,+16.779, +8.670,+0.956
1636395300,+3.42,+16.779, +8.673,+0.956
1636395360,+3.42,+16.787, +8.664,+0.956
1636395420,+3.42,+16.779, +8.681,+0.956
1636395480,+3.42,+16.787, +8.677,+0.956
1636395540,+3.42,+16.787, +8.699,+0.956
1636395600,+3.42,+16.779, +8.707,+0.956
1636395660,+3.42,+16.787, +8.715,+0.956
1636395720,+3.42,+16.796, +8.721,+0.956
1636395780,+3.42,+16.830, +8.692,+0.956
1636395840,+3.42,+16.838, +8.681,+0.956
1636395900,+3.42,+16.830, +8.703,+0.956
1636395960,+3.42,+16.838, +8.705,+0.956
1636396020,+3.42,+16.847, +8.665,+0.956
1636396080,+3.42,+16.847, +8.702,+0.956
1636396140,+3.42,+16.855, +8.697,+0.956
1636396200,+3.42,+16.872, +8.686,+0.956
1636396260,+3.42,+16.881, +8.679,+0.956
1636396320,+3.42,+16.906, +8.684,+0.956
1636396380,+3.42,+16.889, +8.687,+0.956
1636396440,+3.42,+16.915, +8.691,+0.956
1636396500,+3.42,+16.932, +8.679,+0.955
1636396560,+3.42,+16.940, +8.695,+0.956
1636396620,+3.42,+16.940, +8.690,+0.956
1636396680,+3.42,+16.940, +8.711,+0.956
1636396740,+3.42,+16.940, +8.711,+0.956
1636396800,+3.42,+16.957, +8.724,+0.956
1636396860,+3.42,+16.949, +8.730,+0.956
1636396920,+3.42,+16.974, +8.724,+0.956
1636396980,+3.42,+16.966, +8.723,+0.956
1636397040,+3.42,+16.966, +8.716,+0.956
1636397100,+3.42,+16.974, +8.745,+0.956
1636397160,+3.42,+16.983, +8.732,+0.956
1636397220,+3.42,+17.000, +8.723,+0.956
1636397280,+3.42,+17.008, +8.736,+0.956
1636397340,+3.42,+17.017, +8.735,+0.956
1636397400,+3.42,+17.017, +8.744,+0.956
1636397460,+3.42,+17.034, +8.745,+0.956
1636397520,+3.42,+17.042, +8.733,+0.956
1636397580,+3.42,+17.059, +8.745,+0.956
1636397640,+3.42,+17.051, +8.755,+0.956
1636397700,+3.42,+17.068, +8.750,+0.956
1636397760,+3.42,+17.093, +8.756,+0.956
1636397820,+3.42,+17.101, +8.745,+0.956
1636397880,+3.42,+17.084, +8.742,+0.955
1636397940,+3.42,+17.110, +8.762,+0.956
1636398000,+3.42,+17.110, +8.742,+0.955
1636398060,+3.42,+17.101, +8.763,+0.956
1636398120,+3.42,+17.101, +8.765,+0.956
1636398180,+3.42,+17.101, +8.747,+0.956
1636398240,+3.42,+17.110, +8.750,+0.956
1636398300,+3.42,+17.093, +8.757,+0.956
1636398360,+3.42,+17.093, +8.756,+0.956
1636398420,+3.42,+17.110, +8.755,+0.956
1636398480,+3.42,+17.110, +8.746,+0.956
1636398540,+3.42,+17.127, +8.748,+0.956
1636398600,+3.42,+17.118, +8.740,+0.956
1636398660,+3.42,+17.144, +8.740,+0.956
1636398720,+3.42,+17.144, +8.752,+0.956
1636398780,+3.42,+17.169, +8.748,+0.956
1636398840,+3.42,+17.195, +8.737,+0.956
1636398900,+3.42,+17.178, +8.740,+0.956
1636398960,+3.42,+17.212, +8.735,+0.956
1636399020,+3.42,+17.220, +8.744,+0.956
1636399080,+3.42,+17.203, +8.777,+0.956
1636399140,+3.42,+17.220, +8.789,+0.956
1636399200,+3.42,+17.229, +8.797,+0.956
1636399260,+3.42,+17.245, +8.790,+0.956
1636399320,+3.42,+17.237, +8.810,+0.956
1636399380,+3.42,+17.271, +8.822,+0.956
1636399440,+3.42,+17.271, +8.827,+0.956
1636399500,+3.42,+17.296, +8.837,+0.956
1636399560,+3.42,+17.305, +8.831,+0.956
1636399620,+3.42,+17.313, +8.899,+0.956
1636399680,+3.42,+17.313, +8.922,+0.956
1636399740,+3.42,+17.313, +8.857,+0.956
1636399800,+3.42,+17.347, +8.854,+0.956
1636399860,+3.42,+17.364, +8.855,+0.956
1636399920,+3.42,+17.381, +8.854,+0.956
1636399980,+3.42,+17.347, +8.929,+0.956
1636400040,+3.42,+17.364, +8.896,+0.956
1636400100,+3.42,+17.398, +8.852,+0.956
1636400160,+3.42,+17.415, +8.855,+0.956
1636400220,+3.42,+17.406, +8.877,+0.956
1636400280,+3.42,+17.406, +8.887,+0.956
1636400340,+3.42,+17.415, +8.908,+0.956
1636400400,+3.42,+17.415, +8.937,+0.956
1636400460,+3.42,+17.406, +8.959,+0.956
1636400520,+3.42,+17.432, +8.970,+0.956
1636400580,+3.42,+17.449, +8.974,+0.956
1636400640,+3.42,+17.432, +8.960,+0.956
1636400700,+3.42,+17.432, +8.984,+0.956
1636400760,+3.42,+17.440, +8.992,+0.957
1636400820,+3.42,+17.432, +8.996,+0.956
1636400880,+3.42,+17.457, +9.015,+0.956
1636400940,+3.42,+17.466, +9.027,+0.956
1636401000,+3.42,+17.491, +9.043,+0.956
1636401060,+3.42,+17.499, +9.044,+0.956
1636401120,+3.42,+17.516, +9.030,+0.956
1636401180,+3.42,+17.491, +9.023,+0.956
1636401240,+3.42,+17.525, +9.032,+0.955
1636401300,+3.42,+17.533, +9.052,+0.956
1636401360,+3.42,+17.533, +9.048,+0.956
1636401420,+3.42,+17.542, +9.037,+0.956
1636401480,+3.42,+17.542, +9.038,+0.956
1636401540,+3.42,+17.516, +9.054,+0.956
1636401600,+3.42,+17.542, +9.045,+0.956
1636401660,+3.42,+17.559, +9.037,+0.956
1636401720,+3.42,+17.575, +9.018,+0.956
1636401780,+3.42,+17.559, +9.018,+0.956
1636401840,+3.42,+17.575, +9.022,+0.956
1636401900,+3.42,+17.592, +8.996,+0.956
1636401960,+3.42,+17.592, +9.006,+0.956
1636402020,+3.42,+17.584, +9.011,+0.956
1636402080,+3.42,+17.592, +9.016,+0.956
1636402140,+3.42,+17.592, +9.014,+0.956
1636402200,+3.42,+17.601, +9.018,+0.956
1636402260,+3.42,+17.592, +9.000,+0.956
1636402320,+3.42,+17.609, +9.000,+0.956
1636402380,+3.42,+17.609, +8.969,+0.956
1636402440,+3.42,+17.609, +8.995,+0.956
1636402500,+3.42,+17.609, +8.986,+0.956
1636402560,+3.42,+17.626, +8.989,+0.956
1636402620,+3.42,+17.618, +8.998,+0.956
1636402680,+3.42,+17.626, +8.999,+0.956
1636402740,+3.42,+17.652, +8.988,+0.957
1636402800,+3.42,+17.626, +9.010,+0.957
1636402860,+3.42,+17.635, +9.007,+0.956
1636402920,+3.42,+17.635, +8.997,+0.956
1636402980,+3.42,+17.626, +8.998,+0.956
1636403040,+3.42,+17.626, +9.007,+0.956
1636403100,+3.42,+17.643, +8.999,+0.956
1636403160,+3.42,+17.626, +9.016,+0.956
