7450-667163
OS REV: 1.05 Sensor Cal: 1615486377
Time (sec),  BV (Volts),  T (deg C),  DO (mg/l),  Q ()
1636403220,+3.42,+17.626, +9.017,+0.956
1636403280,+3.42,+17.635, +9.013,+0.956
1636403340,+3.42,+17.643, +9.007,+0.956
1636403400,+3.42,+17.652, +9.011,+0.956
1636403460,+3.42,+17.643, +9.023,+0.957
1636403520,+3.42,+17.652, +9.021,+0.956
1636403580,+3.42,+17.660, +9.008,+0.957
1636403640,+3.42,+17.668, +9.008,+0.956
1636403700,+3.42,+17.643, +9.008,+0.956
1636403760,+3.42,+17.677, +9.009,+0.957
1636403820,+3.42,+17.677, +9.000,+0.956
1636403880,+3.42,+17.677, +8.999,+0.956
1636403940,+3.42,+17.685, +9.009,+0.957
1636404000,+3.42,+17.677, +9.002,+0.956
1636404060,+3.42,+17.694, +9.014,+0.956
1636404120,+3.42,+17.719, +9.010,+0.956
1636404180,+3.42,+17.719, +9.015,+0.956
1636404240,+3.42,+17.728, +9.011,+0.956
1636404300,+3.42,+17.728, +9.025,+0.957
1636404360,+3.42,+17.736, +9.019,+0.956
1636404420,+3.42,+17.728, +9.015,+0.956
1636404480,+3.42,+17.744, +9.015,+0.956
1636404540,+3.42,+17.744, +9.030,+0.957
1636404600,+3.42,+17.728, +9.034,+0.956
1636404660,+3.42,+17.753, +9.014,+0.956
1636404720,+3.42,+17.770, +9.021,+0.957
1636404780,+3.42,+17.795, +9.000,+0.956
1636404840,+3.42,+17.804, +9.011,+0.957
1636404900,+3.42,+17.778, +9.021,+0.957
1636404960,+3.42,+17.804, +9.024,+0.956
1636405020,+3.42,+17.804, +9.023,+0.956
1636405080,+3.42,+17.795, +9.036,+0.956
1636405140,+3.42,+17.812, +9.050,+0.957
1636405200,+3.42,+17.787, +9.045,+0.956
1636405260,+3.42,+17.787, +9.047,+0.957
1636405320,+3.42,+17.787, +9.041,+0.957
1636405380,+3.42,+17.795, +9.030,+0.956
1636405440,+3.42,+17.804, +9.042,+0.956
1636405500,+3.42,+17.804, +9.048,+0.957
1636405560,+3.42,+17.812, +9.055,+0.957
1636405620,+3.42,+17.804, +9.083,+0.957
1636405680,+3.42,+17.812, +9.093,+0.957
1636405740,+3.42,+17.820, +9.084,+0.956
1636405800,+3.42,+17.820, +9.089,+0.956
1636405860,+3.42,+17.829, +9.088,+0.957
1636405920,+3.42,+17.846, +9.090,+0.957
1636405980,+3.42,+17.863, +9.085,+0.956
1636406040,+3.42,+17.846, +9.110,+0.957
1636406100,+3.42,+17.854, +9.113,+0.957
1636406160,+3.42,+17.837, +9.109,+0.956
1636406220,+3.42,+17.846, +9.108,+0.956
1636406280,+3.42,+17.863, +9.108,+0.957
1636406340,+3.42,+17.846, +9.102,+0.956
1636406400,+3.42,+17.829, +9.114,+0.957
1636406460,+3.42,+17.829, +9.128,+0.957
1636406520,+3.42,+17.854, +9.112,+0.957
1636406580,+3.42,+17.846, +9.118,+0.956
1636406640,+3.42,+17.888, +9.097,+0.957
1636406700,+3.42,+17.854, +9.101,+0.956
1636406760,+3.42,+17.854, +9.091,+0.956
1636406820,+3.42,+17.863, +9.093,+0.957
1636406880,+3.42,+17.863, +9.077,+0.956
1636406940,+3.42,+17.871, +9.072,+0.957
1636407000,+3.42,+17.854, +9.064,+0.956
1636407060,+3.42,+17.854, +9.047,+0.956
1636407120,+3.42,+17.837, +9.057,+0.957
1636407180,+3.42,+17.829, +9.045,+0.956
1636407240,+3.42,+17.795, +9.040,+0.956
1636407300,+3.42,+17.804, +9.046,+0.956
1636407360,+3.42,+17.804, +9.053,+0.956
1636407420,+3.42,+17.804, +9.058,+0.957
1636407480,+3.42,+17.804, +9.058,+0.957
1636407540,+3.42,+17.804, +9.069,+0.957
1636407600,+3.42,+17.787, +9.068,+0.957
1636407660,+3.42,+17.770, +9.073,+0.957
1636407720,+3.42,+17.820, +9.016,+0.957
1636407780,+3.42,+17.854, +8.955,+0.957
1636407840,+3.42,+17.888, +8.894,+0.956
1636407900,+3.42,+17.922, +8.896,+0.957
1636407960,+3.42,+17.930, +8.988,+0.957
1636408020,+3.42,+17.981, +9.033,+0.957
1636408080,+3.42,+17.981, +9.030,+0.956
1636408140,+3.42,+17.981, +9.069,+0.957
1636408200,+3.42,+17.998, +9.038,+0.957
1636408260,+3.42,+17.989, +9.082,+0.957
1636408320,+3.42,+18.006, +9.131,+0.957
1636408380,+3.42,+18.023, +9.183,+0.957
1636408440,+3.42,+18.015, +9.181,+0.957
1636408500,+3.42,+18.006, +9.154,+0.957
1636408560,+3.42,+18.015, +9.187,+0.957
1636408620,+3.42,+18.015, +9.164,+0.956
1636408680,+3.42,+18.031, +9.161,+0.956
1636408740,+3.42,+18.023, +9.175,+0.957
1636408800,+3.42,+18.006, +9.175,+0.957
1636408860,+3.42,+18.023, +9.154,+0.956
1636408920,+3.42,+18.023, +9.138,+0.957
1636408980,+3.42,+18.031, +9.125,+0.957
1636409040,+3.42,+18.031, +9.134,+0.957
1636409100,+3.42,+18.040, +9.161,+0.957
1636409160,+3.42,+18.074, +9.212,+0.957
1636409220,+3.42,+18.082, +9.140,+0.957
1636409280,+3.42,+18.048, +9.077,+0.957
1636409340,+3.42,+18.040, +9.118,+0.957
1636409400,+3.42,+18.023, +9.075,+0.957
1636409460,+3.42,+18.023, +9.061,+0.957
1636409520,+3.42,+17.998, +9.043,+0.957
1636409580,+3.42,+18.006, +9.077,+0.957
1636409640,+3.42,+17.998, +9.126,+0.957
1636409700,+3.42,+18.006, +9.153,+0.957
1636409760,+3.42,+18.006, +9.125,+0.957
1636409820,+3.42,+17.989, +9.131,+0.957
1636409880,+3.42,+17.981, +9.104,+0.957
1636409940,+3.42,+17.956, +9.077,+0.957
1636410000,+3.42,+17.989, +9.080,+0.958
1636410060,+3.42,+17.947, +9.046,+0.957
1636410120,+3.42,+17.930, +9.038,+0.957
1636410180,+3.42,+17.913, +9.027,+0.957
1636410240,+3.42,+17.930, +9.008,+0.957
1636410300,+3.42,+17.896, +9.026,+0.957
1636410360,+3.42,+17.913, +9.042,+0.957
1636410420,+3.42,+17.896, +9.066,+0.957
1636410480,+3.42,+17.896, +9.052,+0.957
1636410540,+3.42,+17.888, +9.083,+0.957
1636410600,+3.42,+17.905, +9.111,+0.956
1636410660,+3.42,+17.939, +9.171,+0.957
1636410720,+3.42,+17.913, +9.175,+0.957
1636410780,+3.42,+17.922, +9.257,+0.957
1636410840,+3.42,+17.930, +9.181,+0.957
1636410900,+3.42,+17.956, +9.242,+0.957
1636410960,+3.42,+17.981, +9.199,+0.957
1636411020,+3.42,+17.981, +9.225,+0.957
1636411080,+3.42,+17.989, +9.230,+0.957
1636411140,+3.42,+17.998, +9.216,+0.957
1636411200,+3.42,+17.972, +9.199,+0.957
1636411260,+3.42,+18.023, +9.224,+0.956
1636411320,+3.42,+18.023, +9.293,+0.957
1636411380,+3.42,+18.023, +9.273,+0.957
1636411440,+3.42,+18.048, +9.325,+0.956
1636411500,+3.42,+18.048, +9.318,+0.958
1636411560,+3.42,+18.091, +9.310,+0.957
1636411620,+3.42,+18.091, +9.322,+0.957
1636411680,+3.42,+18.099, +9.359,+0.957
1636411740,+3.42,+18.107, +9.342,+0.957
1636411800,+3.42,+18.107, +9.353,+0.957
1636411860,+3.42,+18.133, +9.367,+0.957
1636411920,+3.42,+18.116, +9.343,+0.956
1636411980,+3.42,+18.124, +9.353,+0.957
1636412040,+3.42,+18.124, +9.365,+0.957
1636412100,+3.42,+18.116, +9.378,+0.957
1636412160,+3.42,+18.116, +9.394,+0.957
1636412220,+3.42,+18.116, +9.384,+0.957
1636412280,+3.42,+18.116, +9.379,+0.957
1636412340,+3.42,+18.107, +9.385,+0.958
1636412400,+3.42,+18.116, +9.392,+0.957
1636412460,+3.42,+18.107, +9.399,+0.957
1636412520,+3.42,+18.099, +9.418,+0.957
1636412580,+3.42,+18.116, +9.426,+0.957
1636412640,+3.42,+18.091, +9.389,+0.957
1636412700,+3.42,+18.099, +9.377,+0.957
1636412760,+3.42,+18.074, +9.375,+0.957
1636412820,+3.42,+18.099, +9.354,+0.957
1636412880,+3.43,+18.074, +9.340,+0.957
1636412940,+3.42,+17.998, +9.253,+0.957
1636413000,+3.42,+17.998, +9.229,+0.957
1636413060,+3.42,+17.972, +9.189,+0.957
1636413120,+3.42,+17.947, +9.192,+0.957
1636413180,+3.42,+17.939, +9.145,+0.957
1636413240,+3.42,+17.905, +9.131,+0.957
1636413300,+3.42,+17.880, +9.101,+0.957
1636413360,+3.42,+17.854, +9.096,+0.957
1636413420,+3.42,+17.837, +9.082,+0.957
1636413480,+3.42,+17.812, +9.061,+0.957
1636413540,+3.42,+17.787, +9.046,+0.957
1636413600,+3.42,+17.787, +9.040,+0.957
1636413660,+3.42,+17.761, +9.018,+0.957
1636413720,+3.42,+17.736, +9.012,+0.957
1636413780,+3.42,+17.711, +8.996,+0.957
1636413840,+3.42,+17.677, +8.982,+0.957
1636413900,+3.42,+17.685, +8.967,+0.957
1636413960,+3.42,+17.677, +8.958,+0.957
1636414020,+3.42,+17.668, +8.961,+0.957
1636414080,+3.42,+17.643, +8.951,+0.957
1636414140,+3.42,+17.609, +8.947,+0.957
1636414200,+3.42,+17.601, +8.950,+0.957
1636414260,+3.42,+17.618, +8.944,+0.957
1636414320,+3.42,+17.635, +8.930,+0.957
1636414380,+3.42,+17.609, +8.929,+0.957
1636414440,+3.42,+17.575, +8.935,+0.957
1636414500,+3.42,+17.575, +8.930,+0.957
1636414560,+3.42,+17.550, +8.923,+0.957
1636414620,+3.42,+17.542, +8.903,+0.957
1636414680,+3.42,+17.491, +8.874,+0.956
1636414740,+3.42,+17.474, +8.880,+0.957
1636414800,+3.42,+17.482, +8.891,+0.957
1636414860,+3.42,+17.491, +8.891,+0.957
1636414920,+3.42,+17.516, +8.882,+0.957
1636414980,+3.42,+17.491, +8.871,+0.957
1636415040,+3.42,+17.499, +8.870,+0.957
1636415100,+3.42,+17.508, +8.869,+0.957
1636415160,+3.42,+17.474, +8.874,+0.957
1636415220,+3.42,+17.474, +8.870,+0.957
1636415280,+3.42,+17.474, +8.869,+0.957
1636415340,+3.42,+17.474, +8.877,+0.957
1636415400,+3.42,+17.457, +8.856,+0.956
1636415460,+3.42,+17.423, +8.877,+0.957
1636415520,+3.42,+17.440, +8.867,+0.957
1636415580,+3.42,+17.432, +8.857,+0.957
1636415640,+3.42,+17.398, +8.857,+0.957
1636415700,+3.42,+17.389, +8.868,+0.957
1636415760,+3.42,+17.406, +8.865,+0.957
1636415820,+3.42,+17.389, +8.877,+0.956
1636415880,+3.42,+17.406, +8.885,+0.957
1636415940,+3.42,+17.406, +8.889,+0.957
1636416000,+3.42,+17.423, +8.896,+0.957
1636416060,+3.42,+17.440, +8.914,+0.957
1636416120,+3.42,+17.466, +8.919,+0.957
1636416180,+3.42,+17.449, +8.937,+0.957
1636416240,+3.42,+17.457, +8.926,+0.957
1636416300,+3.42,+17.466, +8.911,+0.957
1636416360,+3.42,+17.449, +8.911,+0.957
1636416420,+3.42,+17.482, +8.897,+0.957
1636416480,+3.42,+17.499, +8.903,+0.957
1636416540,+3.42,+17.516, +8.903,+0.957
1636416600,+3.42,+17.542, +8.895,+0.957
1636416660,+3.42,+17.567, +8.893,+0.957
1636416720,+3.42,+17.575, +8.891,+0.957
1636416780,+3.42,+17.592, +8.881,+0.957
1636416840,+3.42,+17.584, +8.886,+0.957
1636416900,+3.42,+17.601, +8.890,+0.957
1636416960,+3.42,+17.592, +8.888,+0.957
1636417020,+3.42,+17.601, +8.891,+0.958
1636417080,+3.42,+17.584, +8.892,+0.957
1636417140,+3.42,+17.601, +8.879,+0.957
1636417200,+3.42,+17.609, +8.875,+0.957
1636417260,+3.42,+17.626, +8.870,+0.957
1636417320,+3.42,+17.601, +8.884,+0.957
1636417380,+3.42,+17.601, +8.878,+0.957
1636417440,+3.42,+17.601, +8.868,+0.957
1636417500,+3.42,+17.592, +8.851,+0.957
1636417560,+3.42,+17.584, +8.862,+0.957
1636417620,+3.42,+17.584, +8.840,+0.957
1636417680,+3.42,+17.592, +8.847,+0.957
1636417740,+3.42,+17.575, +8.861,+0.957
1636417800,+3.42,+17.584, +8.850,+0.957
1636417860,+3.42,+17.567, +8.840,+0.956
1636417920,+3.42,+17.575, +8.843,+0.957
1636417980,+3.42,+17.567, +8.841,+0.957
1636418040,+3.42,+17.575, +8.844,+0.957
1636418100,+3.42,+17.584, +8.843,+0.957
1636418160,+3.42,+17.559, +8.850,+0.957
1636418220,+3.42,+17.567, +8.841,+0.957
1636418280,+3.42,+17.567, +8.848,+0.957
1636418340,+3.42,+17.575, +8.838,+0.957
1636418400,+3.42,+17.567, +8.832,+0.957
1636418460,+3.42,+17.584, +8.831,+0.957
1636418520,+3.42,+17.567, +8.842,+0.957
1636418580,+3.42,+17.559, +8.833,+0.957
1636418640,+3.42,+17.567, +8.835,+0.957
1636418700,+3.42,+17.567, +8.830,+0.957
1636418760,+3.42,+17.550, +8.836,+0.957
1636418820,+3.42,+17.575, +8.827,+0.957
1636418880,+3.42,+17.559, +8.825,+0.957
1636418940,+3.42,+17.559, +8.837,+0.958
1636419000,+3.42,+17.550, +8.829,+0.957
1636419060,+3.42,+17.542, +8.822,+0.957
1636419120,+3.42,+17.542, +8.820,+0.957
1636419180,+3.42,+17.550, +8.824,+0.957
1636419240,+3.42,+17.550, +8.825,+0.957
1636419300,+3.42,+17.567, +8.818,+0.957
1636419360,+3.42,+17.575, +8.799,+0.957
1636419420,+3.42,+17.592, +8.798,+0.957
1636419480,+3.42,+17.575, +8.790,+0.957
1636419540,+3.42,+17.575, +8.791,+0.957
1636419600,+3.42,+17.592, +8.789,+0.957
1636419660,+3.42,+17.592, +8.788,+0.957
1636419720,+3.42,+17.575, +8.790,+0.957
1636419780,+3.42,+17.584, +8.776,+0.957
1636419840,+3.42,+17.567, +8.784,+0.957
1636419900,+3.42,+17.609, +8.763,+0.957
1636419960,+3.42,+17.592, +8.761,+0.957
1636420020,+3.42,+17.575, +8.775,+0.957
1636420080,+3.42,+17.601, +8.766,+0.957
1636420140,+3.42,+17.601, +8.776,+0.957
1636420200,+3.42,+17.609, +8.774,+0.957
1636420260,+3.42,+17.584, +8.779,+0.957
1636420320,+3.42,+17.592, +8.764,+0.957
1636420380,+3.42,+17.609, +8.777,+0.957
1636420440,+3.42,+17.609, +8.793,+0.957
1636420500,+3.42,+17.626, +8.782,+0.957
1636420560,+3.42,+17.643, +8.827,+0.957
1636420620,+3.42,+17.643, +8.854,+0.957
1636420680,+3.42,+17.652, +8.862,+0.957
1636420740,+3.42,+17.660, +8.864,+0.957
1636420800,+3.42,+17.652, +8.888,+0.957
1636420860,+3.42,+17.643, +8.880,+0.957
1636420920,+3.42,+17.643, +8.850,+0.957
1636420980,+3.42,+17.626, +8.832,+0.957
1636421040,+3.42,+17.601, +8.821,+0.957
1636421100,+3.42,+17.592, +8.819,+0.957
1636421160,+3.42,+17.618, +8.807,+0.957
1636421220,+3.42,+17.626, +8.827,+0.957
1636421280,+3.42,+17.626, +8.822,+0.957
1636421340,+3.42,+17.618, +8.818,+0.957
1636421400,+3.42,+17.626, +8.803,+0.957
1636421460,+3.42,+17.626, +8.817,+0.957
1636421520,+3.42,+17.635, +8.843,+0.957
1636421580,+3.42,+17.626, +8.840,+0.957
1636421640,+3.42,+17.652, +8.827,+0.957
1636421700,+3.42,+17.643, +8.825,+0.957
1636421760,+3.42,+17.635, +8.825,+0.957
1636421820,+3.42,+17.618, +8.820,+0.957
1636421880,+3.42,+17.601, +8.809,+0.957
1636421940,+3.42,+17.601, +8.799,+0.957
1636422000,+3.42,+17.609, +8.802,+0.957
1636422060,+3.42,+17.609, +8.796,+0.957
1636422120,+3.42,+17.618, +8.782,+0.957
1636422180,+3.42,+17.592, +8.789,+0.957
1636422240,+3.42,+17.592, +8.777,+0.957
1636422300,+3.42,+17.601, +8.774,+0.956
1636422360,+3.42,+17.592, +8.785,+0.957
1636422420,+3.42,+17.609, +8.790,+0.957
1636422480,+3.42,+17.618, +8.805,+0.957
1636422540,+3.42,+17.609, +8.809,+0.957
1636422600,+3.42,+17.609, +8.791,+0.956
1636422660,+3.42,+17.618, +8.794,+0.957
1636422720,+3.42,+17.609, +8.795,+0.957
1636422780,+3.42,+17.592, +8.787,+0.957
1636422840,+3.42,+17.618, +8.785,+0.957
1636422900,+3.42,+17.626, +8.791,+0.957
1636422960,+3.42,+17.601, +8.819,+0.957
1636423020,+3.42,+17.618, +8.830,+0.957
1636423080,+3.42,+17.635, +8.848,+0.957
1636423140,+3.42,+17.626, +8.863,+0.957
1636423200,+3.42,+17.618, +8.861,+0.957
1636423260,+3.42,+17.609, +8.847,+0.957
1636423320,+3.42,+17.609, +8.846,+0.957
1636423380,+3.42,+17.609, +8.830,+0.957
1636423440,+3.42,+17.609, +8.842,+0.957
1636423500,+3.42,+17.626, +8.846,+0.957
1636423560,+3.42,+17.618, +8.857,+0.958
1636423620,+3.42,+17.626, +8.855,+0.957
1636423680,+3.42,+17.618, +8.857,+0.957
1636423740,+3.42,+17.618, +8.884,+0.957
1636423800,+3.42,+17.626, +8.889,+0.957
1636423860,+3.42,+17.618, +8.907,+0.957
1636423920,+3.42,+17.626, +8.901,+0.958
1636423980,+3.42,+17.601, +8.895,+0.957
1636424040,+3.42,+17.601, +8.887,+0.957
1636424100,+3.42,+17.592, +8.878,+0.957
1636424160,+3.42,+17.584, +8.869,+0.957
1636424220,+3.42,+17.584, +8.860,+0.957
1636424280,+3.42,+17.575, +8.866,+0.958
1636424340,+3.42,+17.567, +8.849,+0.957
1636424400,+3.42,+17.567, +8.836,+0.957
1636424460,+3.42,+17.550, +8.837,+0.957
1636424520,+3.42,+17.559, +8.848,+0.957
1636424580,+3.42,+17.559, +8.844,+0.957
1636424640,+3.42,+17.559, +8.830,+0.957
1636424700,+3.42,+17.567, +8.844,+0.957
1636424760,+3.42,+17.550, +8.850,+0.957
1636424820,+3.42,+17.542, +8.859,+0.957
1636424880,+3.42,+17.550, +8.863,+0.957
1636424940,+3.42,+17.559, +8.870,+0.957
1636425000,+3.42,+17.550, +8.858,+0.957
1636425060,+3.42,+17.533, +8.868,+0.958
1636425120,+3.42,+17.559, +8.854,+0.957
1636425180,+3.42,+17.559, +8.859,+0.957
1636425240,+3.42,+17.533, +8.879,+0.958
1636425300,+3.42,+17.550, +8.850,+0.957
1636425360,+3.42,+17.542, +8.864,+0.957
1636425420,+3.42,+17.567, +8.854,+0.957
1636425480,+3.42,+17.559, +8.861,+0.957
1636425540,+3.42,+17.550, +8.837,+0.957
1636425600,+3.42,+17.542, +8.822,+0.957
1636425660,+3.42,+17.533, +8.831,+0.957
1636425720,+3.42,+17.533, +8.844,+0.957
1636425780,+3.42,+17.542, +8.831,+0.957
1636425840,+3.42,+17.542, +8.833,+0.957
1636425900,+3.42,+17.533, +8.834,+0.957
1636425960,+3.42,+17.516, +8.840,+0.957
1636426020,+3.42,+17.533, +8.830,+0.957
1636426080,+3.42,+17.525, +8.828,+0.957
1636426140,+3.42,+17.508, +8.837,+0.957
1636426200,+3.42,+17.516, +8.828,+0.957
1636426260,+3.42,+17.525, +8.821,+0.957
1636426320,+3.42,+17.525, +8.810,+0.957
1636426380,+3.42,+17.516, +8.806,+0.956
1636426440,+3.42,+17.508, +8.812,+0.957
1636426500,+3.42,+17.508, +8.814,+0.957
1636426560,+3.42,+17.508, +8.798,+0.956
1636426620,+3.42,+17.499, +8.801,+0.957
1636426680,+3.42,+17.508, +8.792,+0.957
1636426740,+3.42,+17.499, +8.802,+0.957
1636426800,+3.42,+17.491, +8.812,+0.957
1636426860,+3.42,+17.508, +8.813,+0.957
1636426920,+3.42,+17.499, +8.814,+0.957
1636426980,+3.42,+17.499, +8.829,+0.957
1636427040,+3.42,+17.499, +8.822,+0.957
1636427100,+3.42,+17.499, +8.826,+0.957
1636427160,+3.42,+17.482, +8.826,+0.957
1636427220,+3.42,+17.491, +8.818,+0.957
1636427280,+3.42,+17.499, +8.815,+0.957
1636427340,+3.42,+17.491, +8.822,+0.957
1636427400,+3.42,+17.491, +8.831,+0.958
1636427460,+3.42,+17.508, +8.819,+0.957
1636427520,+3.42,+17.491, +8.827,+0.957
1636427580,+3.42,+17.466, +8.820,+0.956
1636427640,+3.42,+17.466, +8.828,+0.957
1636427700,+3.42,+17.440, +8.827,+0.957
1636427760,+3.42,+17.457, +8.817,+0.957
1636427820,+3.42,+17.457, +8.816,+0.957
1636427880,+3.42,+17.457, +8.815,+0.957
1636427940,+3.42,+17.449, +8.826,+0.957
1636428000,+3.42,+17.457, +8.810,+0.956
1636428060,+3.42,+17.449, +8.817,+0.957
1636428120,+3.42,+17.423, +8.817,+0.957
1636428180,+3.42,+17.432, +8.809,+0.956
1636428240,+3.42,+17.457, +8.818,+0.957
1636428300,+3.42,+17.449, +8.823,+0.957
1636428360,+3.42,+17.449, +8.820,+0.957
1636428420,+3.42,+17.449, +8.819,+0.957
1636428480,+3.42,+17.449, +8.817,+0.957
1636428540,+3.42,+17.440, +8.809,+0.957
1636428600,+3.42,+17.432, +8.818,+0.957
1636428660,+3.42,+17.423, +8.827,+0.957
1636428720,+3.42,+17.432, +8.820,+0.957
1636428780,+3.42,+17.432, +8.823,+0.957
1636428840,+3.42,+17.423, +8.816,+0.956
1636428900,+3.42,+17.423, +8.818,+0.957
1636428960,+3.42,+17.415, +8.821,+0.957
1636429020,+3.42,+17.423, +8.820,+0.957
1636429080,+3.42,+17.406, +8.816,+0.957
1636429140,+3.42,+17.398, +8.823,+0.957
1636429200,+3.42,+17.432, +8.811,+0.957
1636429260,+3.42,+17.415, +8.800,+0.956
1636429320,+3.42,+17.423, +8.807,+0.957
1636429380,+3.42,+17.415, +8.805,+0.957
1636429440,+3.42,+17.398, +8.810,+0.957
1636429500,+3.42,+17.406, +8.807,+0.956
1636429560,+3.42,+17.415, +8.817,+0.957
1636429620,+3.42,+17.423, +8.819,+0.957
1636429680,+3.42,+17.406, +8.816,+0.957
1636429740,+3.42,+17.406, +8.814,+0.957
1636429800,+3.42,+17.423, +8.813,+0.957
1636429860,+3.42,+17.415, +8.827,+0.957
1636429920,+3.42,+17.432, +8.815,+0.956
1636429980,+3.42,+17.415, +8.829,+0.957
1636430040,+3.42,+17.415, +8.829,+0.957
1636430100,+3.42,+17.415, +8.827,+0.956
1636430160,+3.42,+17.423, +8.818,+0.956
1636430220,+3.42,+17.415, +8.819,+0.957
1636430280,+3.42,+17.423, +8.821,+0.957
1636430340,+3.42,+17.423, +8.827,+0.957
1636430400,+3.42,+17.415, +8.826,+0.957
1636430460,+3.42,+17.406, +8.837,+0.957
1636430520,+3.42,+17.415, +8.836,+0.957
1636430580,+3.42,+17.440, +8.826,+0.957
1636430640,+3.42,+17.432, +8.829,+0.957
1636430700,+3.42,+17.423, +8.832,+0.957
1636430760,+3.42,+17.432, +8.837,+0.957
1636430820,+3.42,+17.423, +8.836,+0.957
1636430880,+3.42,+17.440, +8.833,+0.957
1636430940,+3.42,+17.432, +8.838,+0.957
1636431000,+3.42,+17.423, +8.844,+0.957
1636431060,+3.42,+17.432, +8.830,+0.957
1636431120,+3.42,+17.432, +8.834,+0.957
1636431180,+3.42,+17.432, +8.831,+0.956
1636431240,+3.42,+17.423, +8.850,+0.957
1636431300,+3.42,+17.432, +8.842,+0.957
1636431360,+3.42,+17.432, +8.847,+0.957
1636431420,+3.42,+17.423, +8.839,+0.956
1636431480,+3.42,+17.423, +8.849,+0.957
1636431540,+3.42,+17.432, +8.846,+0.957
1636431600,+3.42,+17.423, +8.846,+0.957
1636431660,+3.42,+17.415, +8.835,+0.957
1636431720,+3.42,+17.432, +8.834,+0.957
1636431780,+3.42,+17.415, +8.823,+0.957
1636431840,+3.42,+17.406, +8.825,+0.957
1636431900,+3.42,+17.423, +8.823,+0.957
1636431960,+3.42,+17.406, +8.810,+0.957
1636432020,+3.42,+17.381, +8.788,+0.957
1636432080,+3.42,+17.415, +8.753,+0.957
1636432140,+3.42,+17.389, +8.783,+0.957
1636432200,+3.42,+17.398, +8.763,+0.957
1636432260,+3.42,+17.398, +8.768,+0.957
1636432320,+3.42,+17.389, +8.768,+0.957
1636432380,+3.42,+17.398, +8.770,+0.957
1636432440,+3.42,+17.406, +8.765,+0.957
1636432500,+3.42,+17.389, +8.770,+0.957
1636432560,+3.42,+17.389, +8.780,+0.958
1636432620,+3.42,+17.389, +8.771,+0.957
1636432680,+3.42,+17.381, +8.756,+0.957
1636432740,+3.42,+17.398, +8.759,+0.957
1636432800,+3.42,+17.389, +8.745,+0.957
1636432860,+3.42,+17.389, +8.742,+0.957
1636432920,+3.42,+17.398, +8.741,+0.957
1636432980,+3.42,+17.389, +8.736,+0.957
1636433040,+3.42,+17.372, +8.746,+0.957
1636433100,+3.42,+17.381, +8.735,+0.957
1636433160,+3.42,+17.389, +8.729,+0.957
1636433220,+3.42,+17.372, +8.730,+0.957
1636433280,+3.42,+17.389, +8.721,+0.957
1636433340,+3.42,+17.398, +8.812,+0.958
1636433400,+3.42,+17.423, +8.880,+0.957
1636433460,+3.42,+17.449, +8.913,+0.957
1636433520,+3.42,+17.466, +8.920,+0.957
1636433580,+3.42,+17.457, +8.930,+0.958
1636433640,+3.42,+17.466, +8.911,+0.957
1636433700,+3.42,+17.466, +8.910,+0.957
1636433760,+3.42,+17.466, +8.945,+0.957
1636433820,+3.42,+17.466, +8.958,+0.957
1636433880,+3.42,+17.491, +8.959,+0.957
1636433940,+3.42,+17.499, +8.984,+0.957
1636434000,+3.42,+17.508, +8.985,+0.957
1636434060,+3.42,+17.508, +8.998,+0.957
1636434120,+3.42,+17.499, +8.991,+0.957
1636434180,+3.42,+17.508, +8.980,+0.957
1636434240,+3.42,+17.516, +8.989,+0.957
1636434300,+3.42,+17.525, +8.979,+0.957
1636434360,+3.42,+17.525, +8.976,+0.957
1636434420,+3.42,+17.516, +8.994,+0.958
1636434480,+3.42,+17.525, +8.979,+0.957
1636434540,+3.42,+17.525, +8.968,+0.957
1636434600,+3.42,+17.508, +8.965,+0.957
1636434660,+3.42,+17.525, +8.959,+0.957
1636434720,+3.42,+17.525, +8.956,+0.957
1636434780,+3.42,+17.516, +8.951,+0.957
1636434840,+3.42,+17.508, +8.959,+0.957
1636434900,+3.42,+17.525, +8.951,+0.957
1636434960,+3.42,+17.533, +8.942,+0.957
1636435020,+3.42,+17.516, +8.938,+0.957
1636435080,+3.42,+17.533, +8.931,+0.958
1636435140,+3.42,+17.516, +8.917,+0.957
1636435200,+3.42,+17.508, +8.914,+0.957
1636435260,+3.42,+17.499, +8.933,+0.957
1636435320,+3.42,+17.508, +8.948,+0.957
1636435380,+3.42,+17.499, +8.948,+0.957
1636435440,+3.42,+17.508, +8.951,+0.957
1636435500,+3.42,+17.499, +8.942,+0.957
1636435560,+3.42,+17.525, +8.920,+0.957
1636435620,+3.42,+17.499, +8.916,+0.957
1636435680,+3.42,+17.508, +8.920,+0.957
1636435740,+3.42,+17.491, +8.901,+0.956
1636435800,+3.42,+17.482, +8.905,+0.957
1636435860,+3.42,+17.491, +8.905,+0.957
1636435920,+3.42,+17.482, +8.901,+0.956
1636435980,+3.42,+17.482, +8.901,+0.957
1636436040,+3.42,+17.482, +8.875,+0.956
1636436100,+3.42,+17.474, +8.892,+0.957
1636436160,+3.42,+17.474, +8.895,+0.957
1636436220,+3.42,+17.474, +8.887,+0.957
1636436280,+3.42,+17.449, +8.878,+0.957
1636436340,+3.42,+17.466, +8.864,+0.957
1636436400,+3.42,+17.449, +8.891,+0.957
1636436460,+3.42,+17.449, +8.879,+0.957
1636436520,+3.42,+17.449, +8.888,+0.957
1636436580,+3.42,+17.466, +8.887,+0.957
1636436640,+3.42,+17.449, +8.887,+0.957
1636436700,+3.42,+17.449, +8.869,+0.957
1636436760,+3.42,+17.432, +8.863,+0.957
1636436820,+3.42,+17.449, +8.847,+0.957
1636436880,+3.42,+17.415, +8.850,+0.957
1636436940,+3.42,+17.432, +8.857,+0.957
1636437000,+3.42,+17.423, +8.858,+0.957
1636437060,+3.42,+17.415, +8.841,+0.957
1636437120,+3.42,+17.415, +8.815,+0.956
1636437180,+3.42,+17.415, +8.836,+0.957
1636437240,+3.42,+17.406, +8.859,+0.957
1636437300,+3.42,+17.398, +8.863,+0.957
1636437360,+3.42,+17.406, +8.880,+0.958
1636437420,+3.42,+17.415, +8.860,+0.957
1636437480,+3.42,+17.423, +8.856,+0.957
1636437540,+3.42,+17.398, +8.856,+0.957
1636437600,+3.42,+17.423, +8.840,+0.957
1636437660,+3.42,+17.406, +8.844,+0.957
1636437720,+3.42,+17.415, +8.834,+0.956
1636437780,+3.42,+17.415, +8.826,+0.957
1636437840,+3.42,+17.398, +8.812,+0.957
1636437900,+3.42,+17.389, +8.823,+0.957
1636437960,+3.42,+17.389, +8.822,+0.957
1636438020,+3.42,+17.406, +8.815,+0.957
1636438080,+3.42,+17.389, +8.808,+0.956
1636438140,+3.42,+17.389, +8.811,+0.957
1636438200,+3.42,+17.381, +8.798,+0.957
1636438260,+3.42,+17.389, +8.807,+0.957
1636438320,+3.42,+17.381, +8.805,+0.957
1636438380,+3.42,+17.381, +8.795,+0.957
1636438440,+3.42,+17.398, +8.783,+0.957
1636438500,+3.42,+17.389, +8.773,+0.957
1636438560,+3.42,+17.372, +8.782,+0.957
1636438620,+3.42,+17.356, +8.774,+0.957
1636438680,+3.42,+17.372, +8.756,+0.956
1636438740,+3.42,+17.364, +8.776,+0.957
1636438800,+3.42,+17.381, +8.769,+0.957
1636438860,+3.42,+17.347, +8.769,+0.957
1636438920,+3.42,+17.356, +8.762,+0.957
1636438980,+3.42,+17.347, +8.765,+0.957
1636439040,+3.42,+17.347, +8.760,+0.957
1636439100,+3.42,+17.330, +8.752,+0.957
1636439160,+3.42,+17.347, +8.749,+0.957
1636439220,+3.42,+17.347, +8.745,+0.957
1636439280,+3.42,+17.330, +8.746,+0.957
1636439340,+3.42,+17.347, +8.729,+0.957
1636439400,+3.42,+17.330, +8.731,+0.957
1636439460,+3.42,+17.322, +8.724,+0.957
1636439520,+3.42,+17.305, +8.726,+0.957
1636439580,+3.42,+17.322, +8.721,+0.957
1636439640,+3.42,+17.322, +8.717,+0.957
1636439700,+3.42,+17.296, +8.726,+0.957
1636439760,+3.42,+17.305, +8.722,+0.957
1636439820,+3.42,+17.305, +8.718,+0.957
1636439880,+3.42,+17.305, +8.712,+0.956
1636439940,+3.42,+17.305, +8.728,+0.957
1636440000,+3.42,+17.305, +8.719,+0.957
1636440060,+3.42,+17.279, +8.720,+0.957
1636440120,+3.42,+17.288, +8.705,+0.957
1636440180,+3.42,+17.288, +8.711,+0.957
1636440240,+3.42,+17.271, +8.716,+0.957
1636440300,+3.42,+17.279, +8.707,+0.956
1636440360,+3.42,+17.288, +8.707,+0.957
1636440420,+3.42,+17.288, +8.703,+0.957
1636440480,+3.42,+17.288, +8.706,+0.957
1636440540,+3.42,+17.288, +8.696,+0.957
1636440600,+3.42,+17.254, +8.707,+0.957
1636440660,+3.42,+17.262, +8.700,+0.957
1636440720,+3.42,+17.262, +8.707,+0.957
1636440780,+3.42,+17.254, +8.712,+0.957
1636440840,+3.42,+17.271, +8.700,+0.957
1636440900,+3.42,+17.271, +8.690,+0.957
1636440960,+3.42,+17.254, +8.690,+0.957
1636441020,+3.42,+17.254, +8.687,+0.957
1636441080,+3.42,+17.254, +8.682,+0.957
1636441140,+3.42,+17.254, +8.687,+0.957
1636441200,+3.42,+17.254, +8.696,+0.958
1636441260,+3.42,+17.254, +8.670,+0.956
1636441320,+3.42,+17.262, +8.666,+0.957
1636441380,+3.42,+17.237, +8.673,+0.957
1636441440,+3.42,+17.229, +8.670,+0.957
1636441500,+3.42,+17.254, +8.663,+0.957
1636441560,+3.42,+17.229, +8.663,+0.956
1636441620,+3.42,+17.245, +8.662,+0.957
1636441680,+3.42,+17.237, +8.669,+0.957
1636441740,+3.42,+17.229, +8.673,+0.957
1636441800,+3.42,+17.237, +8.670,+0.957
1636441860,+3.42,+17.237, +8.655,+0.956
1636441920,+3.42,+17.245, +8.670,+0.957
1636441980,+3.42,+17.220, +8.682,+0.957
1636442040,+3.42,+17.229, +8.662,+0.957
1636442100,+3.42,+17.220, +8.659,+0.957
1636442160,+3.42,+17.229, +8.655,+0.957
1636442220,+3.42,+17.254, +8.657,+0.957
1636442280,+3.42,+17.245, +8.650,+0.957
1636442340,+3.42,+17.254, +8.647,+0.957
1636442400,+3.42,+17.245, +8.646,+0.957
1636442460,+3.42,+17.245, +8.653,+0.957
1636442520,+3.42,+17.245, +8.647,+0.957
1636442580,+3.42,+17.245, +8.644,+0.957
1636442640,+3.42,+17.245, +8.637,+0.957
1636442700,+3.42,+17.229, +8.649,+0.957
1636442760,+3.42,+17.237, +8.642,+0.957
1636442820,+3.42,+17.245, +8.635,+0.957
1636442880,+3.42,+17.237, +8.617,+0.957
1636442940,+3.42,+17.229, +8.619,+0.957
1636443000,+3.42,+17.220, +8.614,+0.957
1636443060,+3.42,+17.220, +8.604,+0.957
1636443120,+3.42,+17.220, +8.601,+0.957
1636443180,+3.43,+17.203, +8.607,+0.957
1636443240,+3.42,+17.212, +8.591,+0.957
1636443300,+3.43,+17.212, +8.595,+0.957
1636443360,+3.42,+17.186, +8.592,+0.957
1636443420,+3.42,+17.169, +8.601,+0.957
1636443480,+3.42,+17.203, +8.590,+0.957
1636443540,+3.42,+17.186, +8.591,+0.957
1636443600,+3.43,+17.195, +8.588,+0.957
1636443660,+3.42,+17.195, +8.582,+0.957
1636443720,+3.43,+17.195, +8.574,+0.957
1636443780,+3.43,+17.186, +8.573,+0.957
1636443840,+3.43,+17.195, +8.573,+0.957
1636443900,+3.43,+17.186, +8.570,+0.957
1636443960,+3.43,+17.195, +8.554,+0.957
1636444020,+3.43,+17.161, +8.564,+0.957
1636444080,+3.43,+17.186, +8.555,+0.957
1636444140,+3.42,+17.178, +8.572,+0.957
1636444200,+3.42,+17.178, +8.565,+0.957
1636444260,+3.43,+17.178, +8.566,+0.957
1636444320,+3.42,+17.178, +8.562,+0.957
1636444380,+3.42,+17.178, +8.563,+0.957
1636444440,+3.42,+17.169, +8.573,+0.957
1636444500,+3.43,+17.178, +8.556,+0.957
1636444560,+3.43,+17.169, +8.550,+0.957
1636444620,+3.43,+17.161, +8.561,+0.957
1636444680,+3.43,+17.161, +8.554,+0.957
1636444740,+3.43,+17.144, +8.544,+0.957
1636444800,+3.43,+17.144, +8.521,+0.957
1636444860,+3.42,+17.152, +8.529,+0.957
1636444920,+3.43,+17.144, +8.534,+0.957
1636444980,+3.43,+17.135, +8.542,+0.957
1636445040,+3.43,+17.127, +8.561,+0.957
1636445100,+3.43,+17.144, +8.555,+0.957
1636445160,+3.43,+17.118, +8.561,+0.957
1636445220,+3.43,+17.144, +8.547,+0.957
1636445280,+3.43,+17.127, +8.555,+0.957
1636445340,+3.43,+17.135, +8.555,+0.957
1636445400,+3.43,+17.118, +8.554,+0.957
1636445460,+3.43,+17.118, +8.561,+0.957
1636445520,+3.43,+17.110, +8.557,+0.957
1636445580,+3.42,+17.118, +8.551,+0.957
1636445640,+3.43,+17.118, +8.545,+0.956
1636445700,+3.43,+17.118, +8.552,+0.957
1636445760,+3.43,+17.127, +8.549,+0.957
1636445820,+3.43,+17.118, +8.547,+0.957
1636445880,+3.43,+17.118, +8.527,+0.957
1636445940,+3.43,+17.118, +8.527,+0.957
1636446000,+3.42,+17.127, +8.519,+0.957
1636446060,+3.43,+17.118, +8.520,+0.956
1636446120,+3.43,+17.110, +8.542,+0.957
1636446180,+3.43,+17.118, +8.530,+0.956
1636446240,+3.43,+17.101, +8.550,+0.957
1636446300,+3.43,+17.101, +8.549,+0.957
1636446360,+3.43,+17.101, +8.558,+0.957
1636446420,+3.43,+17.101, +8.555,+0.957
1636446480,+3.43,+17.110, +8.560,+0.957
1636446540,+3.43,+17.101, +8.560,+0.957
1636446600,+3.43,+17.101, +8.562,+0.957
1636446660,+3.43,+17.101, +8.555,+0.957
1636446720,+3.43,+17.101, +8.546,+0.957
1636446780,+3.43,+17.093, +8.548,+0.957
1636446840,+3.43,+17.093, +8.536,+0.957
1636446900,+3.43,+17.084, +8.533,+0.957
1636446960,+3.43,+17.076, +8.534,+0.957
1636447020,+3.43,+17.093, +8.520,+0.957
1636447080,+3.43,+17.068, +8.522,+0.957
1636447140,+3.43,+17.084, +8.515,+0.957
1636447200,+3.43,+17.101, +8.494,+0.956
1636447260,+3.43,+17.084, +8.508,+0.957
1636447320,+3.43,+17.084, +8.507,+0.957
1636447380,+3.43,+17.076, +8.508,+0.957
1636447440,+3.43,+17.084, +8.499,+0.957
1636447500,+3.43,+17.084, +8.495,+0.957
1636447560,+3.43,+17.084, +8.495,+0.957
1636447620,+3.43,+17.084, +8.495,+0.957
1636447680,+3.43,+17.076, +8.508,+0.958
1636447740,+3.43,+17.068, +8.501,+0.957
1636447800,+3.43,+17.084, +8.494,+0.957
1636447860,+3.43,+17.093, +8.495,+0.957
1636447920,+3.43,+17.084, +8.493,+0.957
1636447980,+3.43,+17.084, +8.497,+0.957
1636448040,+3.43,+17.084, +8.501,+0.957
1636448100,+3.43,+17.068, +8.494,+0.957
1636448160,+3.43,+17.076, +8.490,+0.957
1636448220,+3.43,+17.076, +8.493,+0.957
1636448280,+3.43,+17.076, +8.494,+0.957
1636448340,+3.43,+17.068, +8.494,+0.957
1636448400,+3.43,+17.068, +8.487,+0.957
1636448460,+3.43,+17.068, +8.489,+0.957
1636448520,+3.43,+17.076, +8.494,+0.957
1636448580,+3.43,+17.059, +8.503,+0.957
1636448640,+3.43,+17.076, +8.475,+0.957
1636448700,+3.43,+17.068, +8.476,+0.956
1636448760,+3.43,+17.068, +8.477,+0.957
1636448820,+3.43,+17.059, +8.475,+0.957
1636448880,+3.43,+17.051, +8.468,+0.957
1636448940,+3.43,+17.051, +8.469,+0.957
1636449000,+3.43,+17.059, +8.461,+0.957
1636449060,+3.43,+17.051, +8.458,+0.957
1636449120,+3.43,+17.051, +8.481,+0.957
1636449180,+3.43,+17.059, +8.473,+0.957
1636449240,+3.43,+17.042, +8.491,+0.957
1636449300,+3.43,+17.059, +8.481,+0.957
1636449360,+3.43,+17.059, +8.474,+0.957
1636449420,+3.43,+17.059, +8.477,+0.957
1636449480,+3.43,+17.059, +8.487,+0.957
1636449540,+3.43,+17.042, +8.479,+0.957
1636449600,+3.43,+17.059, +8.462,+0.957
1636449660,+3.43,+17.051, +8.452,+0.956
1636449720,+3.43,+17.042, +8.475,+0.957
1636449780,+3.43,+17.042, +8.479,+0.957
1636449840,+3.43,+17.034, +8.474,+0.957
1636449900,+3.43,+17.059, +8.467,+0.957
1636449960,+3.43,+17.034, +8.460,+0.957
1636450020,+3.43,+17.042, +8.458,+0.957
1636450080,+3.43,+17.042, +8.466,+0.957
1636450140,+3.43,+17.025, +8.459,+0.957
1636450200,+3.43,+17.034, +8.449,+0.956
1636450260,+3.43,+17.034, +8.448,+0.957
1636450320,+3.43,+17.034, +8.447,+0.957
1636450380,+3.43,+17.034, +8.441,+0.957
1636450440,+3.43,+17.034, +8.443,+0.957
1636450500,+3.43,+17.034, +8.439,+0.957
1636450560,+3.43,+17.025, +8.439,+0.957
1636450620,+3.43,+17.042, +8.440,+0.957
1636450680,+3.43,+17.051, +8.435,+0.957
1636450740,+3.43,+17.042, +8.448,+0.957
1636450800,+3.43,+17.042, +8.444,+0.957
1636450860,+3.43,+17.034, +8.445,+0.957
1636450920,+3.43,+17.025, +8.457,+0.957
1636450980,+3.43,+17.042, +8.445,+0.957
1636451040,+3.43,+17.051, +8.445,+0.957
1636451100,+3.43,+17.034, +8.427,+0.957
1636451160,+3.43,+17.042, +8.439,+0.957
1636451220,+3.43,+17.034, +8.427,+0.957
1636451280,+3.43,+17.025, +8.421,+0.957
1636451340,+3.43,+17.034, +8.429,+0.957
1636451400,+3.43,+17.008, +8.448,+0.957
1636451460,+3.43,+17.025, +8.445,+0.957
1636451520,+3.43,+17.025, +8.442,+0.957
1636451580,+3.43,+17.034, +8.434,+0.957
1636451640,+3.43,+17.000, +8.447,+0.957
1636451700,+3.43,+17.017, +8.437,+0.957
1636451760,+3.43,+17.025, +8.426,+0.957
1636451820,+3.43,+17.000, +8.433,+0.957
1636451880,+3.43,+17.008, +8.428,+0.957
1636451940,+3.43,+17.008, +8.398,+0.956
1636452000,+3.43,+17.008, +8.411,+0.957
1636452060,+3.43,+17.017, +8.409,+0.957
1636452120,+3.43,+17.000, +8.414,+0.957
1636452180,+3.43,+17.008, +8.401,+0.957
1636452240,+3.43,+17.000, +8.400,+0.957
1636452300,+3.43,+16.991, +8.416,+0.958
1636452360,+3.43,+16.991, +8.407,+0.957
1636452420,+3.43,+17.017, +8.405,+0.957
1636452480,+3.43,+17.000, +8.408,+0.957
1636452540,+3.43,+17.008, +8.396,+0.957
1636452600,+3.43,+16.983, +8.396,+0.956
1636452660,+3.43,+16.991, +8.413,+0.957
1636452720,+3.43,+16.991, +8.406,+0.956
1636452780,+3.43,+17.000, +8.418,+0.957
1636452840,+3.43,+17.008, +8.412,+0.957
1636452900,+3.43,+16.991, +8.414,+0.957
1636452960,+3.43,+16.991, +8.408,+0.957
1636453020,+3.43,+17.008, +8.401,+0.957
1636453080,+3.43,+17.000, +8.392,+0.957
1636453140,+3.43,+16.983, +8.394,+0.957
1636453200,+3.43,+16.983, +8.402,+0.957
1636453260,+3.43,+17.000, +8.393,+0.957
1636453320,+3.43,+16.983, +8.392,+0.957
1636453380,+3.43,+16.991, +8.382,+0.957
1636453440,+3.43,+16.991, +8.370,+0.956
1636453500,+3.43,+16.983, +8.376,+0.957
1636453560,+3.43,+17.000, +8.372,+0.957
1636453620,+3.43,+16.983, +8.369,+0.957
1636453680,+3.43,+16.983, +8.350,+0.957
1636453740,+3.43,+17.008, +8.346,+0.957
1636453800,+3.43,+16.966, +8.366,+0.957
1636453860,+3.43,+16.983, +8.364,+0.957
1636453920,+3.43,+16.966, +8.367,+0.957
1636453980,+3.43,+16.983, +8.364,+0.957
1636454040,+3.43,+16.957, +8.368,+0.957
1636454100,+3.43,+16.957, +8.370,+0.957
1636454160,+3.43,+16.983, +8.365,+0.957
1636454220,+3.43,+16.974, +8.373,+0.957
1636454280,+3.43,+16.957, +8.372,+0.957
1636454340,+3.43,+16.974, +8.364,+0.957
1636454400,+3.43,+16.949, +8.388,+0.957
1636454460,+3.43,+16.957, +8.375,+0.956
1636454520,+3.43,+16.974, +8.386,+0.957
1636454580,+3.43,+16.966, +8.385,+0.957
1636454640,+3.43,+16.949, +8.396,+0.957
1636454700,+3.43,+16.949, +8.396,+0.957
1636454760,+3.43,+16.940, +8.397,+0.957
1636454820,+3.43,+16.966, +8.383,+0.957
1636454880,+3.43,+16.949, +8.378,+0.957
1636454940,+3.43,+16.949, +8.375,+0.957
1636455000,+3.43,+16.949, +8.375,+0.957
1636455060,+3.43,+16.940, +8.371,+0.957
1636455120,+3.43,+16.940, +8.373,+0.957
1636455180,+3.43,+16.915, +8.373,+0.957
1636455240,+3.43,+16.932, +8.361,+0.957
1636455300,+3.43,+16.940, +8.365,+0.957
1636455360,+3.43,+16.923, +8.353,+0.957
1636455420,+3.43,+16.932, +8.342,+0.957
1636455480,+3.43,+16.915, +8.344,+0.957
1636455540,+3.43,+16.923, +8.358,+0.957
1636455600,+3.43,+16.932, +8.347,+0.957
1636455660,+3.43,+16.940, +8.349,+0.957
1636455720,+3.43,+16.932, +8.340,+0.957
1636455780,+3.43,+16.923, +8.326,+0.957
1636455840,+3.43,+16.906, +8.339,+0.957
1636455900,+3.43,+16.898, +8.347,+0.957
1636455960,+3.43,+16.906, +8.349,+0.957
1636456020,+3.43,+16.898, +8.337,+0.957
1636456080,+3.43,+16.915, +8.334,+0.957
1636456140,+3.43,+16.915, +8.330,+0.957
1636456200,+3.43,+16.915, +8.332,+0.957
1636456260,+3.43,+16.915, +8.331,+0.957
1636456320,+3.43,+16.915, +8.334,+0.957
1636456380,+3.43,+16.906, +8.332,+0.957
1636456440,+3.43,+16.915, +8.320,+0.957
1636456500,+3.43,+16.906, +8.313,+0.956
1636456560,+3.43,+16.898, +8.323,+0.957
1636456620,+3.43,+16.889, +8.314,+0.957
1636456680,+3.43,+16.889, +8.305,+0.957
1636456740,+3.43,+16.898, +8.303,+0.957
1636456800,+3.43,+16.906, +8.299,+0.957
1636456860,+3.43,+16.915, +8.286,+0.957
1636456920,+3.43,+16.889, +8.284,+0.957
1636456980,+3.43,+16.923, +8.277,+0.957
1636457040,+3.43,+16.898, +8.300,+0.957
1636457100,+3.43,+16.872, +8.310,+0.957
1636457160,+3.43,+16.881, +8.311,+0.957
1636457220,+3.43,+16.898, +8.307,+0.957
1636457280,+3.43,+16.889, +8.301,+0.956
1636457340,+3.43,+16.898, +8.296,+0.957
1636457400,+3.43,+16.898, +8.285,+0.957
1636457460,+3.43,+16.881, +8.284,+0.956
1636457520,+3.43,+16.881, +8.288,+0.957
1636457580,+3.43,+16.872, +8.287,+0.957
1636457640,+3.43,+16.872, +8.285,+0.957
1636457700,+3.43,+16.881, +8.293,+0.957
1636457760,+3.43,+16.881, +8.285,+0.957
1636457820,+3.43,+16.872, +8.274,+0.957
1636457880,+3.43,+16.838, +8.287,+0.957
1636457940,+3.43,+16.864, +8.287,+0.957
1636458000,+3.43,+16.864, +8.298,+0.957
1636458060,+3.43,+16.855, +8.309,+0.957
1636458120,+3.43,+16.872, +8.301,+0.957
1636458180,+3.43,+16.855, +8.312,+0.957
1636458240,+3.43,+16.864, +8.307,+0.957
1636458300,+3.43,+16.864, +8.301,+0.957
1636458360,+3.43,+16.847, +8.304,+0.957
1636458420,+3.43,+16.864, +8.307,+0.957
1636458480,+3.43,+16.872, +8.293,+0.957
1636458540,+3.43,+16.847, +8.289,+0.957
1636458600,+3.43,+16.855, +8.288,+0.957
1636458660,+3.43,+16.864, +8.278,+0.957
1636458720,+3.43,+16.855, +8.277,+0.957
1636458780,+3.43,+16.847, +8.273,+0.956
1636458840,+3.43,+16.830, +8.280,+0.957
1636458900,+3.43,+16.838, +8.273,+0.957
1636458960,+3.43,+16.830, +8.280,+0.957
1636459020,+3.42,+16.830, +8.282,+0.957
1636459080,+3.42,+16.821, +8.281,+0.957
1636459140,+3.42,+16.838, +8.274,+0.957
1636459200,+3.42,+16.838, +8.266,+0.957
1636459260,+3.42,+16.830, +8.275,+0.957
1636459320,+3.42,+16.838, +8.259,+0.957
1636459380,+3.42,+16.830, +8.260,+0.957
1636459440,+3.43,+16.838, +8.244,+0.957
1636459500,+3.43,+16.847, +8.238,+0.956
1636459560,+3.42,+16.838, +8.232,+0.956
1636459620,+3.42,+16.813, +8.237,+0.957
1636459680,+3.42,+16.821, +8.227,+0.957
1636459740,+3.42,+16.830, +8.224,+0.957
1636459800,+3.42,+16.830, +8.230,+0.957
1636459860,+3.42,+16.804, +8.232,+0.957
1636459920,+3.42,+16.813, +8.221,+0.957
1636459980,+3.42,+16.830, +8.220,+0.957
1636460040,+3.42,+16.821, +8.226,+0.957
1636460100,+3.42,+16.821, +8.207,+0.957
1636460160,+3.42,+16.804, +8.204,+0.957
1636460220,+3.42,+16.821, +8.208,+0.957
1636460280,+3.42,+16.804, +8.234,+0.957
1636460340,+3.42,+16.804, +8.244,+0.957
1636460400,+3.42,+16.796, +8.255,+0.957
1636460460,+3.42,+16.804, +8.253,+0.957
1636460520,+3.42,+16.796, +8.252,+0.957
1636460580,+3.42,+16.787, +8.272,+0.957
1636460640,+3.42,+16.796, +8.274,+0.957
1636460700,+3.42,+16.787, +8.264,+0.957
1636460760,+3.42,+16.796, +8.257,+0.957
1636460820,+3.42,+16.779, +8.256,+0.957
1636460880,+3.42,+16.804, +8.253,+0.957
1636460940,+3.42,+16.796, +8.245,+0.957
1636461000,+3.42,+16.770, +8.262,+0.957
1636461060,+3.42,+16.796, +8.260,+0.957
1636461120,+3.42,+16.804, +8.264,+0.957
1636461180,+3.42,+16.787, +8.269,+0.957
1636461240,+3.42,+16.796, +8.244,+0.957
1636461300,+3.42,+16.804, +8.236,+0.957
1636461360,+3.42,+16.787, +8.216,+0.957
1636461420,+3.42,+16.796, +8.202,+0.957
1636461480,+3.42,+16.779, +8.210,+0.957
1636461540,+3.42,+16.787, +8.216,+0.957
1636461600,+3.42,+16.779, +8.183,+0.957
1636461660,+3.42,+16.762, +8.205,+0.957
1636461720,+3.42,+16.762, +8.216,+0.957
1636461780,+3.42,+16.770, +8.212,+0.957
1636461840,+3.42,+16.770, +8.214,+0.957
1636461900,+3.42,+16.779, +8.210,+0.957
1636461960,+3.42,+16.779, +8.211,+0.957
1636462020,+3.42,+16.762, +8.210,+0.957
1636462080,+3.42,+16.787, +8.190,+0.956
1636462140,+3.42,+16.770, +8.191,+0.957
1636462200,+3.42,+16.770, +8.196,+0.957
1636462260,+3.42,+16.762, +8.196,+0.957
1636462320,+3.42,+16.770, +8.189,+0.956
1636462380,+3.42,+16.762, +8.187,+0.957
1636462440,+3.42,+16.736, +8.199,+0.957
1636462500,+3.42,+16.779, +8.192,+0.957
1636462560,+3.42,+16.779, +8.199,+0.957
1636462620,+3.42,+16.762, +8.207,+0.957
1636462680,+3.42,+16.787, +8.194,+0.957
1636462740,+3.42,+16.762, +8.196,+0.957
1636462800,+3.42,+16.770, +8.207,+0.957
1636462860,+3.42,+16.745, +8.213,+0.957
1636462920,+3.42,+16.770, +8.212,+0.957
1636462980,+3.42,+16.762, +8.222,+0.957
1636463040,+3.42,+16.770, +8.199,+0.957
1636463100,+3.42,+16.762, +8.209,+0.957
1636463160,+3.42,+16.745, +8.216,+0.957
1636463220,+3.42,+16.762, +8.212,+0.957
1636463280,+3.42,+16.753, +8.212,+0.957
1636463340,+3.42,+16.762, +8.215,+0.957
1636463400,+3.42,+16.762, +8.211,+0.957
1636463460,+3.42,+16.779, +8.203,+0.957
1636463520,+3.42,+16.762, +8.202,+0.957
1636463580,+3.42,+16.753, +8.210,+0.957
1636463640,+3.42,+16.753, +8.214,+0.957
1636463700,+3.42,+16.753, +8.218,+0.957
1636463760,+3.42,+16.762, +8.208,+0.956
1636463820,+3.42,+16.762, +8.219,+0.957
1636463880,+3.42,+16.770, +8.210,+0.957
1636463940,+3.42,+16.762, +8.216,+0.957
1636464000,+3.42,+16.745, +8.213,+0.957
1636464060,+3.42,+16.753, +8.225,+0.957
1636464120,+3.42,+16.762, +8.231,+0.957
1636464180,+3.42,+16.753, +8.234,+0.957
1636464240,+3.42,+16.762, +8.238,+0.957
1636464300,+3.42,+16.762, +8.228,+0.957
1636464360,+3.42,+16.770, +8.234,+0.957
1636464420,+3.42,+16.762, +8.227,+0.957
1636464480,+3.42,+16.753, +8.227,+0.957
1636464540,+3.42,+16.753, +8.242,+0.958
1636464600,+3.42,+16.779, +8.228,+0.957
1636464660,+3.42,+16.779, +8.231,+0.957
1636464720,+3.42,+16.770, +8.215,+0.956
1636464780,+3.42,+16.753, +8.240,+0.957
1636464840,+3.42,+16.779, +8.232,+0.957
1636464900,+3.42,+16.762, +8.235,+0.957
1636464960,+3.42,+16.770, +8.240,+0.957
1636465020,+3.42,+16.753, +8.237,+0.957
1636465080,+3.42,+16.745, +8.247,+0.957
1636465140,+3.42,+16.762, +8.236,+0.957
1636465200,+3.42,+16.753, +8.230,+0.957
1636465260,+3.42,+16.745, +8.242,+0.957
1636465320,+3.42,+16.753, +8.237,+0.957
1636465380,+3.42,+16.762, +8.235,+0.957
1636465440,+3.42,+16.762, +8.235,+0.957
1636465500,+3.42,+16.779, +8.231,+0.957
1636465560,+3.42,+16.779, +8.227,+0.957
1636465620,+3.42,+16.762, +8.234,+0.957
1636465680,+3.42,+16.779, +8.234,+0.957
1636465740,+3.42,+16.796, +8.235,+0.957
1636465800,+3.42,+16.770, +8.234,+0.957
1636465860,+3.42,+16.779, +8.242,+0.957
1636465920,+3.42,+16.779, +8.231,+0.956
1636465980,+3.42,+16.770, +8.244,+0.957
1636466040,+3.42,+16.779, +8.244,+0.957
1636466100,+3.42,+16.770, +8.244,+0.957
1636466160,+3.42,+16.779, +8.248,+0.957
1636466220,+3.42,+16.787, +8.243,+0.957
1636466280,+3.42,+16.787, +8.255,+0.957
1636466340,+3.42,+16.779, +8.250,+0.956
1636466400,+3.42,+16.787, +8.240,+0.957
1636466460,+3.42,+16.787, +8.238,+0.957
1636466520,+3.42,+16.787, +8.244,+0.957
1636466580,+3.42,+16.779, +8.250,+0.956
1636466640,+3.42,+16.813, +8.260,+0.957
1636466700,+3.42,+16.804, +8.256,+0.957
1636466760,+3.42,+16.779, +8.273,+0.957
1636466820,+3.42,+16.787, +8.283,+0.957
1636466880,+3.42,+16.796, +8.285,+0.957
1636466940,+3.42,+16.813, +8.279,+0.957
1636467000,+3.42,+16.804, +8.294,+0.957
1636467060,+3.42,+16.779, +8.297,+0.957
1636467120,+3.42,+16.796, +8.288,+0.956
1636467180,+3.42,+16.796, +8.316,+0.957
1636467240,+3.42,+16.796, +8.305,+0.956
1636467300,+3.42,+16.796, +8.327,+0.957
1636467360,+3.42,+16.813, +8.327,+0.957
1636467420,+3.42,+16.804, +8.338,+0.957
1636467480,+3.42,+16.804, +8.329,+0.957
1636467540,+3.42,+16.804, +8.336,+0.957
1636467600,+3.42,+16.804, +8.335,+0.956
1636467660,+3.42,+16.804, +8.347,+0.957
1636467720,+3.42,+16.804, +8.344,+0.956
1636467780,+3.42,+16.804, +8.356,+0.957
1636467840,+3.42,+16.821, +8.351,+0.957
1636467900,+3.42,+16.821, +8.345,+0.956
1636467960,+3.42,+16.813, +8.354,+0.957
1636468020,+3.42,+16.821, +8.347,+0.957
1636468080,+3.42,+16.813, +8.362,+0.957
1636468140,+3.42,+16.804, +8.354,+0.957
1636468200,+3.42,+16.796, +8.360,+0.957
1636468260,+3.42,+16.813, +8.368,+0.957
1636468320,+3.42,+16.821, +8.354,+0.956
1636468380,+3.42,+16.838, +8.357,+0.957
1636468440,+3.42,+16.821, +8.368,+0.957
1636468500,+3.42,+16.830, +8.358,+0.957
1636468560,+3.42,+16.838, +8.348,+0.957
1636468620,+3.42,+16.830, +8.346,+0.956
1636468680,+3.42,+16.838, +8.351,+0.957
1636468740,+3.42,+16.813, +8.358,+0.956
1636468800,+3.42,+16.813, +8.366,+0.957
1636468860,+3.42,+16.821, +8.365,+0.957
1636468920,+3.42,+16.830, +8.359,+0.957
1636468980,+3.42,+16.838, +8.358,+0.957
1636469040,+3.42,+16.838, +8.347,+0.956
1636469100,+3.42,+16.838, +8.348,+0.957
1636469160,+3.43,+16.855, +8.340,+0.956
1636469220,+3.42,+16.838, +8.369,+0.957
1636469280,+3.42,+16.838, +8.377,+0.957
1636469340,+3.42,+16.855, +8.357,+0.957
1636469400,+3.43,+16.855, +8.368,+0.957
1636469460,+3.42,+16.855, +8.372,+0.957
1636469520,+3.42,+16.855, +8.360,+0.956
1636469580,+3.43,+16.864, +8.373,+0.957
1636469640,+3.43,+16.864, +8.373,+0.957
1636469700,+3.43,+16.855, +8.382,+0.957
1636469760,+3.43,+16.847, +8.374,+0.956
1636469820,+3.43,+16.855, +8.383,+0.957
1636469880,+3.42,+16.855, +8.378,+0.957
1636469940,+3.43,+16.864, +8.368,+0.956
1636470000,+3.42,+16.855, +8.373,+0.957
1636470060,+3.43,+16.847, +8.372,+0.956
1636470120,+3.43,+16.855, +8.380,+0.957
1636470180,+3.43,+16.855, +8.382,+0.957
1636470240,+3.42,+16.847, +8.375,+0.957
1636470300,+3.42,+16.855, +8.386,+0.957
1636470360,+3.43,+16.855, +8.384,+0.956
1636470420,+3.43,+16.872, +8.385,+0.957
1636470480,+3.43,+16.872, +8.386,+0.957
1636470540,+3.43,+16.872, +8.380,+0.957
1636470600,+3.42,+16.864, +8.388,+0.956
1636470660,+3.42,+16.855, +8.403,+0.957
1636470720,+3.43,+16.889, +8.392,+0.957
1636470780,+3.43,+16.872, +8.391,+0.956
1636470840,+3.43,+16.872, +8.399,+0.957
1636470900,+3.43,+16.881, +8.398,+0.956
1636470960,+3.43,+16.881, +8.400,+0.956
1636471020,+3.43,+16.889, +8.410,+0.957
1636471080,+3.43,+16.881, +8.413,+0.957
1636471140,+3.42,+16.889, +8.407,+0.957
1636471200,+3.43,+16.898, +8.403,+0.957
1636471260,+3.43,+16.881, +8.401,+0.957
1636471320,+3.42,+16.889, +8.406,+0.957
1636471380,+3.43,+16.906, +8.398,+0.957
1636471440,+3.43,+16.889, +8.389,+0.957
1636471500,+3.42,+16.872, +8.397,+0.956
1636471560,+3.43,+16.906, +8.396,+0.957
1636471620,+3.43,+16.898, +8.413,+0.957
1636471680,+3.42,+16.881, +8.409,+0.956
1636471740,+3.43,+16.898, +8.410,+0.957
1636471800,+3.43,+16.906, +8.397,+0.957
1636471860,+3.43,+16.906, +8.407,+0.957
1636471920,+3.43,+16.906, +8.398,+0.956
1636471980,+3.43,+16.906, +8.405,+0.957
1636472040,+3.43,+16.915, +8.410,+0.957
1636472100,+3.42,+16.898, +8.412,+0.956
1636472160,+3.43,+16.906, +8.428,+0.957
1636472220,+3.42,+16.898, +8.428,+0.957
1636472280,+3.43,+16.923, +8.424,+0.956
1636472340,+3.43,+16.932, +8.435,+0.957
1636472400,+3.43,+16.932, +8.432,+0.957
1636472460,+3.43,+16.932, +8.424,+0.956
1636472520,+3.43,+16.932, +8.434,+0.957
1636472580,+3.43,+16.940, +8.440,+0.957
1636472640,+3.43,+16.932, +8.450,+0.957
1636472700,+3.43,+16.940, +8.447,+0.956
1636472760,+3.42,+16.940, +8.458,+0.957
1636472820,+3.42,+16.949, +8.455,+0.956
1636472880,+3.42,+16.940, +8.467,+0.956
1636472940,+3.42,+16.940, +8.479,+0.957
1636473000,+3.42,+16.957, +8.474,+0.956
1636473060,+3.42,+16.974, +8.481,+0.956
1636473120,+3.43,+16.957, +8.490,+0.957
1636473180,+3.42,+16.966, +8.499,+0.957
1636473240,+3.43,+16.966, +8.490,+0.956
1636473300,+3.42,+16.974, +8.505,+0.957
1636473360,+3.43,+16.966, +8.517,+0.957
1636473420,+3.43,+16.983, +8.520,+0.957
1636473480,+3.43,+16.983, +8.506,+0.956
1636473540,+3.43,+16.957, +8.515,+0.956
1636473600,+3.43,+16.983, +8.522,+0.957
1636473660,+3.43,+16.974, +8.526,+0.956
1636473720,+3.43,+16.983, +8.547,+0.957
1636473780,+3.42,+17.008, +8.542,+0.957
1636473840,+3.42,+17.000, +8.541,+0.957
1636473900,+3.43,+17.000, +8.554,+0.957
1636473960,+3.43,+17.008, +8.560,+0.957
1636474020,+3.42,+17.017, +8.557,+0.957
1636474080,+3.42,+17.042, +8.554,+0.956
1636474140,+3.42,+17.051, +8.562,+0.957
1636474200,+3.42,+17.051, +8.574,+0.957
1636474260,+3.42,+17.042, +8.572,+0.956
1636474320,+3.42,+17.059, +8.579,+0.957
1636474380,+3.42,+17.068, +8.590,+0.957
1636474440,+3.42,+17.068, +8.599,+0.957
1636474500,+3.43,+17.093, +8.601,+0.957
1636474560,+3.42,+17.059, +8.602,+0.957
1636474620,+3.42,+17.084, +8.593,+0.957
1636474680,+3.42,+17.084, +8.605,+0.957
1636474740,+3.42,+17.101, +8.614,+0.957
1636474800,+3.42,+17.101, +8.602,+0.956
1636474860,+3.42,+17.101, +8.621,+0.956
1636474920,+3.42,+17.135, +8.630,+0.957
1636474980,+3.42,+17.135, +8.608,+0.956
1636475040,+3.42,+17.127, +8.612,+0.957
1636475100,+3.42,+17.118, +8.614,+0.957
1636475160,+3.42,+17.093, +8.619,+0.957
1636475220,+3.42,+17.101, +8.615,+0.956
1636475280,+3.42,+17.118, +8.609,+0.956
1636475340,+3.42,+17.118, +8.618,+0.957
1636475400,+3.42,+17.144, +8.613,+0.956
1636475460,+3.42,+17.135, +8.623,+0.956
1636475520,+3.42,+17.144, +8.615,+0.957
1636475580,+3.42,+17.135, +8.605,+0.956
1636475640,+3.42,+17.127, +8.626,+0.957
1636475700,+3.42,+17.135, +8.612,+0.957
1636475760,+3.42,+17.144, +8.629,+0.956
1636475820,+3.42,+17.169, +8.627,+0.957
1636475880,+3.42,+17.169, +8.620,+0.956
1636475940,+3.42,+17.169, +8.618,+0.956
1636476000,+3.42,+17.161, +8.632,+0.957
1636476060,+3.42,+17.152, +8.623,+0.956
1636476120,+3.42,+17.186, +8.644,+0.957
1636476180,+3.42,+17.178, +8.652,+0.956
1636476240,+3.42,+17.212, +8.655,+0.956
1636476300,+3.42,+17.220, +8.660,+0.956
1636476360,+3.42,+17.237, +8.673,+0.957
1636476420,+3.42,+17.237, +8.685,+0.957
1636476480,+3.42,+17.254, +8.686,+0.956
1636476540,+3.42,+17.288, +8.689,+0.957
1636476600,+3.42,+17.262, +8.694,+0.956
1636476660,+3.42,+17.288, +8.703,+0.956
1636476720,+3.42,+17.262, +8.679,+0.956
1636476780,+3.42,+17.279, +8.683,+0.956
1636476840,+3.42,+17.262, +8.700,+0.956
1636476900,+3.42,+17.262, +8.718,+0.956
1636476960,+3.42,+17.296, +8.727,+0.957
1636477020,+3.42,+17.296, +8.727,+0.957
1636477080,+3.42,+17.288, +8.735,+0.957
1636477140,+3.42,+17.288, +8.725,+0.956
1636477200,+3.42,+17.313, +8.724,+0.956
1636477260,+3.42,+17.313, +8.730,+0.956
1636477320,+3.42,+17.313, +8.752,+0.956
1636477380,+3.42,+17.322, +8.767,+0.957
1636477440,+3.42,+17.339, +8.766,+0.957
1636477500,+3.42,+17.322, +8.756,+0.957
1636477560,+3.42,+17.322, +8.767,+0.957
1636477620,+3.42,+17.347, +8.769,+0.957
1636477680,+3.42,+17.347, +8.807,+0.957
1636477740,+3.42,+17.356, +8.803,+0.957
1636477800,+3.42,+17.372, +8.788,+0.957
1636477860,+3.42,+17.356, +8.766,+0.957
1636477920,+3.42,+17.364, +8.795,+0.957
1636477980,+3.42,+17.356, +8.806,+0.956
1636478040,+3.42,+17.356, +8.806,+0.956
1636478100,+3.42,+17.381, +8.819,+0.956
1636478160,+3.42,+17.389, +8.830,+0.956
1636478220,+3.42,+17.415, +8.833,+0.957
1636478280,+3.42,+17.449, +8.849,+0.958
1636478340,+3.42,+17.466, +8.819,+0.956
1636478400,+3.42,+17.482, +8.827,+0.956
1636478460,+3.42,+17.499, +8.824,+0.956
1636478520,+3.42,+17.491, +8.824,+0.956
1636478580,+3.42,+17.499, +8.800,+0.956
1636478640,+3.42,+17.491, +8.793,+0.956
1636478700,+3.42,+17.499, +8.802,+0.956
1636478760,+3.42,+17.516, +8.809,+0.956
1636478820,+3.42,+17.525, +8.812,+0.956
1636478880,+3.42,+17.525, +8.808,+0.956
1636478940,+3.42,+17.508, +8.822,+0.956
1636479000,+3.42,+17.516, +8.806,+0.956
1636479060,+3.42,+17.525, +8.813,+0.956
1636479120,+3.42,+17.533, +8.814,+0.957
1636479180,+3.42,+17.525, +8.819,+0.956
1636479240,+3.42,+17.525, +8.818,+0.956
1636479300,+3.42,+17.525, +8.822,+0.956
1636479360,+3.42,+17.533, +8.810,+0.956
1636479420,+3.42,+17.525, +8.829,+0.957
1636479480,+3.42,+17.542, +8.815,+0.957
1636479540,+3.42,+17.533, +8.822,+0.957
1636479600,+3.42,+17.508, +8.819,+0.957
1636479660,+3.42,+17.499, +8.801,+0.957
1636479720,+3.42,+17.499, +8.788,+0.957
1636479780,+3.42,+17.491, +8.797,+0.956
1636479840,+3.42,+17.466, +8.787,+0.957
1636479900,+3.42,+17.482, +8.748,+0.957
1636479960,+3.42,+17.482, +8.720,+0.956
1636480020,+3.42,+17.466, +8.698,+0.956
1636480080,+3.42,+17.491, +8.685,+0.956
1636480140,+3.42,+17.499, +8.716,+0.957
1636480200,+3.42,+17.491, +8.706,+0.956
1636480260,+3.42,+17.491, +8.710,+0.956
1636480320,+3.42,+17.491, +8.710,+0.957
1636480380,+3.42,+17.474, +8.702,+0.956
1636480440,+3.42,+17.466, +8.713,+0.957
1636480500,+3.42,+17.491, +8.695,+0.957
1636480560,+3.42,+17.499, +8.666,+0.956
1636480620,+3.42,+17.482, +8.689,+0.957
1636480680,+3.42,+17.474, +8.697,+0.957
1636480740,+3.42,+17.508, +8.691,+0.957
1636480800,+3.42,+17.516, +8.742,+0.956
1636480860,+3.42,+17.533, +8.802,+0.957
1636480920,+3.42,+17.550, +8.831,+0.957
1636480980,+3.42,+17.542, +8.799,+0.957
1636481040,+3.42,+17.567, +8.833,+0.957
1636481100,+3.42,+17.559, +8.827,+0.957
1636481160,+3.42,+17.567, +8.834,+0.957
1636481220,+3.42,+17.575, +8.820,+0.957
1636481280,+3.42,+17.584, +8.822,+0.957
1636481340,+3.42,+17.575, +8.842,+0.957
1636481400,+3.42,+17.592, +8.835,+0.957
1636481460,+3.42,+17.575, +8.830,+0.957
1636481520,+3.42,+17.601, +8.857,+0.957
1636481580,+3.42,+17.601, +8.818,+0.956
1636481640,+3.42,+17.601, +8.823,+0.957
1636481700,+3.42,+17.609, +8.820,+0.957
1636481760,+3.42,+17.635, +8.737,+0.956
1636481820,+3.42,+17.626, +8.721,+0.956
1636481880,+3.42,+17.601, +8.741,+0.957
1636481940,+3.42,+17.635, +8.749,+0.957
1636482000,+3.42,+17.660, +8.762,+0.957
1636482060,+3.42,+17.635, +8.779,+0.957
1636482120,+3.42,+17.618, +8.765,+0.957
1636482180,+3.42,+17.618, +8.806,+0.957
1636482240,+3.42,+17.626, +8.823,+0.957
1636482300,+3.42,+17.652, +8.810,+0.957
1636482360,+3.42,+17.643, +8.812,+0.956
1636482420,+3.42,+17.626, +8.823,+0.956
1636482480,+3.42,+17.652, +8.829,+0.957
1636482540,+3.42,+17.643, +8.819,+0.956
1636482600,+3.42,+17.635, +8.840,+0.957
1636482660,+3.42,+17.626, +8.831,+0.957
1636482720,+3.42,+17.643, +8.805,+0.956
1636482780,+3.42,+17.626, +8.822,+0.957
1636482840,+3.42,+17.618, +8.827,+0.957
1636482900,+3.42,+17.635, +8.843,+0.957
1636482960,+3.42,+17.635, +8.834,+0.957
1636483020,+3.42,+17.652, +8.834,+0.957
1636483080,+3.42,+17.668, +8.838,+0.957
1636483140,+3.42,+17.660, +8.846,+0.957
1636483200,+3.42,+17.652, +8.838,+0.957
1636483260,+3.42,+17.660, +8.838,+0.956
1636483320,+3.42,+17.702, +8.838,+0.957
1636483380,+3.42,+17.702, +8.844,+0.957
1636483440,+3.42,+17.719, +8.830,+0.957
1636483500,+3.42,+17.711, +8.842,+0.957
1636483560,+3.42,+17.728, +8.843,+0.957
1636483620,+3.42,+17.736, +8.841,+0.957
1636483680,+3.42,+17.728, +8.851,+0.957
1636483740,+3.42,+17.753, +8.867,+0.957
1636483800,+3.42,+17.744, +8.871,+0.957
1636483860,+3.42,+17.787, +8.893,+0.957
1636483920,+3.42,+17.778, +8.881,+0.957
1636483980,+3.42,+17.770, +8.905,+0.957
1636484040,+3.42,+17.778, +8.906,+0.956
1636484100,+3.42,+17.804, +8.902,+0.956
1636484160,+3.42,+17.812, +8.924,+0.958
1636484220,+3.42,+17.804, +8.923,+0.956
1636484280,+3.42,+17.820, +8.928,+0.957
1636484340,+3.42,+17.820, +8.940,+0.957
1636484400,+3.42,+17.854, +8.929,+0.957
1636484460,+3.42,+17.863, +8.941,+0.957
1636484520,+3.42,+17.863, +8.936,+0.957
1636484580,+3.42,+17.863, +8.944,+0.957
1636484640,+3.42,+17.871, +8.944,+0.957
1636484700,+3.42,+17.854, +8.956,+0.957
1636484760,+3.42,+17.888, +8.946,+0.957
1636484820,+3.42,+17.854, +8.955,+0.957
1636484880,+3.42,+17.871, +8.956,+0.957
1636484940,+3.42,+17.871, +8.954,+0.957
1636485000,+3.42,+17.871, +8.948,+0.956
1636485060,+3.42,+17.888, +8.966,+0.957
1636485120,+3.42,+17.880, +8.970,+0.957
1636485180,+3.42,+17.888, +8.968,+0.957
1636485240,+3.42,+17.913, +8.971,+0.957
1636485300,+3.42,+17.905, +8.972,+0.957
1636485360,+3.42,+17.905, +8.970,+0.957
1636485420,+3.42,+17.896, +8.985,+0.957
1636485480,+3.42,+17.905, +8.991,+0.957
1636485540,+3.42,+17.922, +8.989,+0.957
1636485600,+3.42,+17.922, +9.007,+0.958
1636485660,+3.43,+17.939, +8.999,+0.957
1636485720,+3.42,+17.939, +9.002,+0.957
1636485780,+3.42,+17.939, +9.011,+0.957
1636485840,+3.42,+17.964, +9.008,+0.957
1636485900,+3.42,+17.964, +9.004,+0.957
1636485960,+3.42,+17.956, +9.026,+0.957
1636486020,+3.43,+17.964, +9.023,+0.957
1636486080,+3.43,+17.989, +9.033,+0.957
1636486140,+3.43,+17.972, +9.048,+0.957
1636486200,+3.42,+17.981, +9.043,+0.957
1636486260,+3.43,+17.972, +9.040,+0.957
1636486320,+3.43,+17.972, +9.037,+0.957
1636486380,+3.42,+17.972, +9.059,+0.957
1636486440,+3.42,+17.989, +9.060,+0.957
1636486500,+3.42,+17.989, +9.070,+0.957
1636486560,+3.42,+17.989, +9.053,+0.957
1636486620,+3.42,+17.981, +9.056,+0.957
1636486680,+3.42,+18.015, +9.054,+0.957
1636486740,+3.42,+17.981, +9.058,+0.957
1636486800,+3.42,+17.972, +9.067,+0.958
1636486860,+3.42,+17.981, +9.061,+0.957
1636486920,+3.42,+17.989, +9.061,+0.957
1636486980,+3.43,+17.989, +9.058,+0.957
1636487040,+3.42,+17.964, +9.072,+0.957
1636487100,+3.42,+17.981, +9.080,+0.957
1636487160,+3.42,+17.972, +9.061,+0.957
1636487220,+3.42,+17.972, +9.074,+0.957
1636487280,+3.42,+17.972, +9.077,+0.957
1636487340,+3.42,+17.964, +9.087,+0.957
1636487400,+3.42,+17.989, +9.083,+0.957
1636487460,+3.42,+17.989, +9.070,+0.957
1636487520,+3.42,+17.981, +9.078,+0.957
1636487580,+3.42,+17.981, +9.087,+0.957
1636487640,+3.42,+17.998, +9.081,+0.957
1636487700,+3.43,+17.998, +9.083,+0.957
1636487760,+3.42,+17.989, +9.086,+0.957
1636487820,+3.43,+17.989, +9.085,+0.957
1636487880,+3.42,+17.981, +9.096,+0.958
1636487940,+3.42,+17.998, +9.079,+0.957
1636488000,+3.42,+17.981, +9.090,+0.957
1636488060,+3.42,+17.989, +9.079,+0.957
1636488120,+3.42,+18.015, +9.067,+0.957
1636488180,+3.43,+17.998, +9.077,+0.957
1636488240,+3.42,+17.989, +9.084,+0.957
1636488300,+3.43,+17.989, +9.078,+0.957
1636488360,+3.43,+17.989, +9.080,+0.957
1636488420,+3.43,+17.998, +9.078,+0.957
1636488480,+3.43,+18.015, +9.084,+0.957
1636488540,+3.42,+17.998, +9.099,+0.958
1636488600,+3.43,+18.015, +9.103,+0.957
1636488660,+3.42,+18.040, +9.092,+0.957
1636488720,+3.43,+18.031, +9.109,+0.958
1636488780,+3.42,+18.015, +9.122,+0.957
1636488840,+3.42,+18.023, +9.114,+0.957
1636488900,+3.42,+18.048, +9.117,+0.958
1636488960,+3.42,+18.031, +9.126,+0.957
1636489020,+3.42,+18.048, +9.123,+0.957
1636489080,+3.42,+18.048, +9.135,+0.957
1636489140,+3.42,+18.074, +9.127,+0.957
1636489200,+3.42,+18.091, +9.147,+0.958
1636489260,+3.42,+18.099, +9.134,+0.957
1636489320,+3.42,+18.107, +9.129,+0.957
1636489380,+3.42,+18.116, +9.151,+0.957
1636489440,+3.43,+18.124, +9.160,+0.957
1636489500,+3.42,+18.141, +9.169,+0.957
1636489560,+3.42,+18.166, +9.176,+0.957
