7450-667163
OS REV: 1.05 Sensor Cal: 1615486377
Time (sec),  BV (Volts),  T (deg C),  DO (mg/l),  Q ()
1636230420,+3.46,+26.660, +8.264,+0.962
1636230480,+3.45,+25.351, +8.778,+0.962
1636230540,+3.46,+24.275, +9.126,+0.963
1636230600,+3.46,+23.672, +9.277,+0.962
1636230660,+3.46,+23.228, +9.376,+0.962
1636230720,+3.46,+22.893, +9.444,+0.962
1636230780,+3.46,+22.642, +9.477,+0.961
1636230840,+3.46,+22.416, +9.493,+0.961
1636230900,+3.47,+22.232, +9.519,+0.961
1636230960,+3.46,+22.090, +9.539,+0.962
1636231020,+3.46,+21.956, +9.554,+0.962
1636231080,+3.46,+21.839, +9.564,+0.962
1636231140,+3.46,+21.722, +9.587,+0.963
1636231200,+3.46,+21.621, +9.585,+0.962
1636231260,+3.46,+21.529, +9.589,+0.962
1636231320,+3.47,+21.462, +9.607,+0.963
1636231380,+3.47,+21.362, +9.605,+0.962
1636231440,+3.47,+21.262, +9.624,+0.963
1636231500,+3.47,+21.170, +9.616,+0.962
1636231560,+3.46,+21.111, +9.612,+0.962
1636231620,+3.46,+21.027, +9.594,+0.962
1636231680,+3.46,+20.935, +9.620,+0.962
1636231740,+3.46,+20.894, +9.616,+0.962
1636231800,+3.46,+20.852, +9.627,+0.962
1636231860,+3.46,+20.793, +9.631,+0.963
1636231920,+3.46,+20.751, +9.618,+0.962
1636231980,+3.46,+20.701, +9.606,+0.961
1636232040,+3.46,+20.643, +9.628,+0.962
1636232100,+3.46,+20.601, +9.627,+0.962
1636232160,+3.46,+20.550, +9.615,+0.962
1636232220,+3.47,+20.525, +9.624,+0.962
1636232280,+3.46,+20.525, +9.639,+0.962
1636232340,+3.47,+20.509, +9.642,+0.963
1636232400,+3.46,+20.509, +9.616,+0.961
1636232460,+3.46,+20.475, +9.607,+0.962
1636232520,+3.47,+20.458, +9.618,+0.962
1636232580,+3.46,+20.475, +9.609,+0.962
1636232640,+3.46,+20.475, +9.618,+0.962
1636232700,+3.46,+20.517, +9.596,+0.961
1636232760,+3.46,+20.492, +9.618,+0.962
1636232820,+3.46,+20.483, +9.606,+0.961
1636232880,+3.46,+20.517, +9.608,+0.962
1636232940,+3.46,+20.542, +9.611,+0.962
1636233000,+3.46,+20.542, +9.606,+0.961
1636233060,+3.46,+20.567, +9.610,+0.962
1636233120,+3.46,+20.576, +9.592,+0.962
1636233180,+3.46,+20.576, +9.603,+0.962
1636233240,+3.46,+20.609, +9.599,+0.962
1636233300,+3.46,+20.634, +9.601,+0.962
1636233360,+3.46,+20.651, +9.578,+0.961
1636233420,+3.46,+20.659, +9.581,+0.961
1636233480,+3.46,+20.701, +9.578,+0.961
1636233540,+3.46,+20.735, +9.557,+0.962
1636233600,+3.46,+20.726, +9.574,+0.962
1636233660,+3.46,+20.743, +9.566,+0.961
1636233720,+3.46,+20.810, +9.540,+0.961
1636233780,+3.46,+20.835, +9.556,+0.962
1636233840,+3.46,+20.877, +9.549,+0.962
1636233900,+3.46,+20.919, +9.525,+0.961
1636233960,+3.46,+20.919, +9.536,+0.962
1636234020,+3.46,+20.952, +9.527,+0.962
1636234080,+3.46,+20.935, +9.524,+0.961
1636234140,+3.46,+20.935, +9.527,+0.962
1636234200,+3.46,+20.935, +9.520,+0.962
1636234260,+3.46,+20.919, +9.525,+0.962
1636234320,+3.46,+20.902, +9.509,+0.961
1636234380,+3.46,+20.860, +9.515,+0.962
1636234440,+3.46,+20.835, +9.526,+0.962
1636234500,+3.46,+20.818, +9.519,+0.962
1636234560,+3.46,+20.793, +9.510,+0.961
1636234620,+3.46,+20.776, +9.519,+0.962
1636234680,+3.46,+20.768, +9.510,+0.962
1636234740,+3.46,+20.768, +9.502,+0.962
1636234800,+3.46,+20.743, +9.498,+0.961
1636234860,+3.46,+20.693, +9.517,+0.962
1636234920,+3.46,+20.693, +9.506,+0.962
1636234980,+3.46,+20.668, +9.499,+0.961
1636235040,+3.46,+20.458, +8.718,+0.959
1636235100,+3.46,+20.006, +8.822,+0.959
1636235160,+3.46,+19.696, +8.878,+0.959
1636235220,+3.46,+19.612,+10.740,+0.959
1636235280,+3.46,+19.428,+10.931,+0.960
1636235340,+3.46,+19.411,+11.661,+0.961
1636235400,+3.46,+19.771, +9.062,+0.961
1636235460,+3.46,+20.860, +8.982,+0.964
1636235520,+3.46,+21.211, +8.655,+0.960
1636235580,+3.46,+20.559,+10.338,+0.959
1636235640,+3.46,+19.553,+11.087,+0.958
1636235700,+3.46,+18.924,+11.452,+0.959
1636235760,+3.46,+18.815,+11.449,+0.959
1636235820,+3.46,+18.276,+10.987,+0.958
1636235880,+3.46,+17.896,+10.997,+0.959
1636235940,+3.46,+17.812,+11.110,+0.959
1636236000,+3.46,+17.626,+11.037,+0.959
1636236060,+3.46,+17.432,+10.976,+0.959
1636236120,+3.46,+17.339,+10.930,+0.959
1636236180,+3.46,+17.466,+11.521,+0.960
1636236240,+3.46,+17.440,+11.464,+0.960
1636236300,+3.46,+17.406,+11.339,+0.959
1636236360,+3.46,+17.364,+11.272,+0.959
1636236420,+3.46,+17.330,+11.243,+0.959
1636236480,+3.46,+17.347,+11.381,+0.960
1636236540,+3.46,+17.542,+11.613,+0.960
1636236600,+3.46,+17.542,+11.821,+0.960
1636236660,+3.46,+17.694,+12.044,+0.960
1636236720,+3.46,+17.761,+12.206,+0.961
1636236780,+3.46,+17.837,+12.240,+0.960
1636236840,+3.46,+17.888,+12.356,+0.961
1636236900,+3.46,+17.913,+12.379,+0.961
1636236960,+3.46,+17.913,+12.440,+0.961
1636237020,+3.46,+17.905,+12.424,+0.961
1636237080,+3.46,+17.896,+12.431,+0.961
1636237140,+3.46,+17.888,+12.418,+0.961
1636237200,+3.46,+17.871,+12.395,+0.960
1636237260,+3.46,+17.896,+12.404,+0.960
1636237320,+3.46,+17.913,+12.423,+0.961
1636237380,+3.46,+17.922,+12.432,+0.960
1636237440,+3.46,+17.964,+12.454,+0.961
1636237500,+3.46,+18.023,+12.434,+0.960
1636237560,+3.46,+18.065,+12.443,+0.961
1636237620,+3.46,+18.133,+12.376,+0.961
1636237680,+3.46,+18.141,+12.303,+0.960
1636237740,+3.46,+18.150,+12.254,+0.960
1636237800,+3.46,+18.150,+12.212,+0.961
1636237860,+3.46,+18.116,+12.195,+0.961
1636237920,+3.46,+18.057,+12.206,+0.960
1636237980,+3.46,+18.082,+12.229,+0.961
1636238040,+3.46,+18.074,+12.233,+0.960
1636238100,+3.46,+18.107,+12.179,+0.960
1636238160,+3.46,+18.183,+12.142,+0.960
1636238220,+3.46,+18.251,+12.060,+0.961
1636238280,+3.46,+18.293,+12.020,+0.961
1636238340,+3.46,+18.360,+11.962,+0.962
1636238400,+3.46,+18.453,+11.882,+0.961
1636238460,+3.46,+18.512,+11.783,+0.961
1636238520,+3.46,+18.562,+11.690,+0.961
1636238580,+3.46,+18.587,+11.650,+0.960
1636238640,+3.46,+18.613,+11.655,+0.961
1636238700,+3.46,+18.621,+11.637,+0.961
1636238760,+3.46,+18.638,+11.628,+0.960
1636238820,+3.46,+18.672,+11.607,+0.960
1636238880,+3.46,+18.663,+11.601,+0.960
1636238940,+3.46,+18.680,+11.578,+0.960
1636239000,+3.46,+18.646,+11.567,+0.960
1636239060,+3.46,+18.630,+11.640,+0.961
1636239120,+3.46,+18.655,+11.644,+0.960
1636239180,+3.46,+18.672,+11.647,+0.961
1636239240,+3.46,+18.688,+11.622,+0.960
1636239300,+3.46,+18.722,+11.650,+0.961
1636239360,+3.46,+18.722,+11.640,+0.960
1636239420,+3.46,+18.730,+11.628,+0.961
1636239480,+3.46,+18.722,+11.612,+0.960
1636239540,+3.46,+18.697,+11.615,+0.960
1636239600,+3.46,+18.680,+11.630,+0.960
1636239660,+3.46,+18.638,+11.622,+0.960
1636239720,+3.46,+18.596,+11.652,+0.960
1636239780,+3.46,+18.596,+11.722,+0.960
1636239840,+3.46,+18.587,+11.721,+0.960
1636239900,+3.46,+18.596,+11.775,+0.961
1636239960,+3.46,+18.613,+11.746,+0.960
1636240020,+3.46,+18.587,+11.762,+0.960
1636240080,+3.46,+18.621,+11.818,+0.961
1636240140,+3.46,+18.655,+11.765,+0.961
1636240200,+3.46,+18.705,+11.812,+0.961
1636240260,+3.45,+18.747,+11.773,+0.961
1636240320,+3.45,+18.764,+11.756,+0.960
1636240380,+3.45,+18.798,+11.730,+0.960
1636240440,+3.45,+18.815,+11.708,+0.961
1636240500,+3.45,+18.739,+11.692,+0.960
1636240560,+3.45,+18.781,+11.720,+0.960
1636240620,+3.45,+18.798,+11.724,+0.961
1636240680,+3.45,+18.831,+11.697,+0.961
1636240740,+3.45,+18.831,+11.708,+0.961
1636240800,+3.45,+18.840,+11.712,+0.961
1636240860,+3.45,+18.848,+11.741,+0.961
1636240920,+3.45,+18.848,+11.766,+0.960
1636240980,+3.45,+18.840,+11.780,+0.960
1636241040,+3.45,+18.840,+11.817,+0.961
1636241100,+3.45,+18.865,+11.840,+0.961
1636241160,+3.45,+18.890,+11.867,+0.962
1636241220,+3.45,+18.907,+11.837,+0.960
1636241280,+3.45,+18.949,+11.819,+0.960
1636241340,+3.45,+18.941,+11.817,+0.961
1636241400,+3.45,+18.941,+11.803,+0.960
1636241460,+3.45,+18.941,+11.785,+0.960
1636241520,+3.45,+18.932,+11.771,+0.961
1636241580,+3.46,+18.932,+11.738,+0.961
1636241640,+3.46,+18.949,+11.727,+0.961
1636241700,+3.45,+18.924,+11.720,+0.961
1636241760,+3.46,+18.949,+11.698,+0.960
1636241820,+3.46,+18.932,+11.700,+0.961
1636241880,+3.45,+18.949,+11.676,+0.960
1636241940,+3.46,+18.974,+11.661,+0.961
1636242000,+3.46,+18.974,+11.650,+0.960
1636242060,+3.46,+18.966,+11.693,+0.960
1636242120,+3.45,+18.915,+11.680,+0.960
1636242180,+3.45,+18.907,+11.711,+0.960
1636242240,+3.45,+18.882,+11.759,+0.961
1636242300,+3.45,+18.882,+11.764,+0.961
1636242360,+3.45,+18.890,+11.744,+0.961
1636242420,+3.45,+18.873,+11.687,+0.960
1636242480,+3.45,+18.890,+11.657,+0.960
1636242540,+3.45,+18.857,+11.662,+0.961
1636242600,+3.45,+18.890,+11.645,+0.959
1636242660,+3.45,+18.857,+11.674,+0.960
1636242720,+3.45,+18.848,+11.705,+0.960
1636242780,+3.45,+18.823,+11.705,+0.960
1636242840,+3.45,+18.831,+11.697,+0.960
1636242900,+3.45,+18.806,+11.704,+0.960
1636242960,+3.45,+18.798,+11.723,+0.960
1636243020,+3.45,+18.806,+11.797,+0.960
1636243080,+3.45,+18.789,+11.866,+0.961
1636243140,+3.45,+18.773,+11.860,+0.960
1636243200,+3.45,+18.781,+11.864,+0.960
1636243260,+3.45,+18.739,+11.864,+0.961
1636243320,+3.45,+18.739,+11.843,+0.960
1636243380,+3.45,+18.747,+11.862,+0.960
1636243440,+3.45,+18.739,+11.903,+0.960
1636243500,+3.45,+18.764,+11.962,+0.961
1636243560,+3.45,+18.773,+11.982,+0.960
1636243620,+3.45,+18.781,+11.982,+0.960
1636243680,+3.45,+18.773,+12.000,+0.960
1636243740,+3.45,+18.764,+12.008,+0.960
1636243800,+3.45,+18.773,+11.995,+0.961
1636243860,+3.45,+18.764,+11.970,+0.961
1636243920,+3.45,+18.756,+11.947,+0.959
1636243980,+3.45,+18.747,+11.998,+0.961
1636244040,+3.45,+18.747,+11.965,+0.960
1636244100,+3.45,+18.747,+11.962,+0.960
1636244160,+3.45,+18.739,+11.956,+0.960
1636244220,+3.45,+18.730,+11.923,+0.960
1636244280,+3.45,+18.688,+11.763,+0.959
1636244340,+3.45,+18.486,+11.402,+0.960
1636244400,+3.45,+18.411,+11.330,+0.960
1636244460,+3.45,+18.428,+11.507,+0.960
1636244520,+3.45,+18.436,+11.589,+0.960
1636244580,+3.45,+18.461,+11.631,+0.960
1636244640,+3.45,+18.486,+11.662,+0.960
1636244700,+3.45,+18.512,+11.700,+0.960
1636244760,+3.45,+18.503,+11.722,+0.960
1636244820,+3.45,+18.503,+11.744,+0.960
1636244880,+3.45,+18.545,+11.779,+0.960
1636244940,+3.45,+18.537,+11.806,+0.960
1636245000,+3.45,+18.571,+11.842,+0.960
1636245060,+3.45,+18.571,+11.861,+0.960
1636245120,+3.45,+18.571,+11.879,+0.960
1636245180,+3.45,+18.579,+11.884,+0.960
1636245240,+3.45,+18.579,+11.895,+0.961
1636245300,+3.45,+18.562,+11.890,+0.961
1636245360,+3.45,+18.571,+11.895,+0.961
1636245420,+3.45,+18.587,+11.863,+0.960
1636245480,+3.45,+18.554,+11.893,+0.961
1636245540,+3.45,+18.571,+11.844,+0.959
1636245600,+3.45,+18.571,+11.842,+0.960
1636245660,+3.45,+18.529,+11.840,+0.960
1636245720,+3.45,+18.537,+11.800,+0.960
1636245780,+3.45,+18.545,+11.770,+0.960
1636245840,+3.45,+18.503,+11.743,+0.960
1636245900,+3.45,+18.478,+11.723,+0.959
1636245960,+3.45,+18.453,+11.701,+0.960
1636246020,+3.45,+18.444,+11.663,+0.960
1636246080,+3.45,+18.411,+11.642,+0.960
1636246140,+3.45,+18.394,+11.631,+0.960
1636246200,+3.45,+18.377,+11.644,+0.961
1636246260,+3.45,+18.377,+11.616,+0.960
1636246320,+3.45,+18.377,+11.621,+0.960
1636246380,+3.45,+18.369,+11.603,+0.960
1636246440,+3.45,+18.369,+11.591,+0.960
1636246500,+3.45,+18.352,+11.578,+0.959
1636246560,+3.45,+18.352,+11.599,+0.960
1636246620,+3.45,+18.352,+11.608,+0.960
1636246680,+3.45,+18.385,+11.601,+0.959
1636246740,+3.45,+18.394,+11.595,+0.960
1636246800,+3.45,+18.385,+11.606,+0.960
1636246860,+3.45,+18.394,+11.603,+0.960
1636246920,+3.45,+18.369,+11.573,+0.959
1636246980,+3.45,+18.385,+11.589,+0.959
1636247040,+3.45,+18.385,+11.618,+0.960
1636247100,+3.45,+18.377,+11.615,+0.960
1636247160,+3.45,+18.369,+11.587,+0.959
1636247220,+3.45,+18.343,+11.591,+0.960
1636247280,+3.45,+18.326,+11.568,+0.960
1636247340,+3.45,+18.335,+11.580,+0.959
1636247400,+3.45,+18.343,+11.602,+0.960
1636247460,+3.45,+18.352,+11.593,+0.960
1636247520,+3.45,+18.335,+11.601,+0.959
1636247580,+3.45,+18.310,+11.570,+0.960
1636247640,+3.45,+18.318,+11.600,+0.960
1636247700,+3.45,+18.301,+11.594,+0.960
1636247760,+3.45,+18.310,+11.617,+0.959
1636247820,+3.45,+18.301,+11.603,+0.959
1636247880,+3.45,+18.326,+11.679,+0.959
1636247940,+3.45,+18.310,+11.682,+0.960
1636248000,+3.45,+18.335,+11.713,+0.960
1636248060,+3.45,+18.301,+11.674,+0.960
1636248120,+3.45,+18.293,+11.656,+0.959
1636248180,+3.45,+18.310,+11.661,+0.960
1636248240,+3.45,+18.310,+11.674,+0.959
1636248300,+3.45,+18.318,+11.671,+0.959
1636248360,+3.45,+18.293,+11.692,+0.960
1636248420,+3.45,+18.284,+11.645,+0.959
1636248480,+3.45,+18.268,+11.670,+0.959
1636248540,+3.45,+18.259,+11.667,+0.959
1636248600,+3.45,+18.259,+11.680,+0.960
1636248660,+3.45,+18.251,+11.707,+0.960
1636248720,+3.45,+18.259,+11.702,+0.960
1636248780,+3.45,+18.234,+11.715,+0.960
1636248840,+3.45,+18.242,+11.718,+0.960
1636248900,+3.45,+18.225,+11.711,+0.960
1636248960,+3.45,+18.217,+11.712,+0.960
1636249020,+3.45,+18.200,+11.724,+0.959
1636249080,+3.45,+18.192,+11.737,+0.959
1636249140,+3.45,+18.200,+11.731,+0.959
1636249200,+3.45,+18.183,+11.737,+0.960
1636249260,+3.45,+18.166,+11.735,+0.959
1636249320,+3.45,+18.209,+11.723,+0.960
1636249380,+3.45,+18.200,+11.704,+0.960
1636249440,+3.45,+18.192,+11.685,+0.960
1636249500,+3.45,+18.183,+11.692,+0.960
1636249560,+3.45,+18.192,+11.674,+0.960
1636249620,+3.45,+18.200,+11.676,+0.960
1636249680,+3.45,+18.175,+11.681,+0.960
1636249740,+3.45,+18.175,+11.677,+0.959
1636249800,+3.45,+18.166,+11.660,+0.959
1636249860,+3.45,+18.166,+11.673,+0.960
1636249920,+3.45,+18.150,+11.659,+0.959
1636249980,+3.45,+18.141,+11.673,+0.959
1636250040,+3.45,+18.141,+11.694,+0.960
1636250100,+3.45,+18.150,+11.705,+0.959
1636250160,+3.45,+18.150,+11.675,+0.960
1636250220,+3.45,+18.124,+11.655,+0.959
1636250280,+3.45,+18.124,+11.631,+0.959
1636250340,+3.45,+18.124,+11.610,+0.959
1636250400,+3.45,+18.124,+11.589,+0.959
1636250460,+3.45,+18.099,+11.610,+0.959
1636250520,+3.45,+18.107,+11.632,+0.959
1636250580,+3.45,+18.082,+11.618,+0.959
1636250640,+3.45,+18.091,+11.648,+0.960
1636250700,+3.45,+18.074,+11.614,+0.959
1636250760,+3.45,+18.065,+11.607,+0.959
1636250820,+3.45,+18.065,+11.588,+0.960
1636250880,+3.45,+18.074,+11.578,+0.959
1636250940,+3.45,+18.040,+11.592,+0.959
1636251000,+3.45,+18.048,+11.558,+0.959
1636251060,+3.45,+18.040,+11.580,+0.959
1636251120,+3.45,+18.031,+11.602,+0.960
1636251180,+3.45,+18.031,+11.593,+0.959
1636251240,+3.45,+18.015,+11.610,+0.960
1636251300,+3.45,+18.006,+11.596,+0.959
1636251360,+3.45,+18.015,+11.597,+0.960
1636251420,+3.45,+17.998,+11.615,+0.960
1636251480,+3.45,+17.989,+11.608,+0.959
1636251540,+3.45,+17.998,+11.616,+0.959
1636251600,+3.45,+17.981,+11.619,+0.959
1636251660,+3.45,+17.981,+11.604,+0.959
1636251720,+3.45,+17.989,+11.607,+0.959
1636251780,+3.45,+17.956,+11.605,+0.959
1636251840,+3.45,+17.939,+11.616,+0.959
1636251900,+3.45,+17.956,+11.600,+0.959
1636251960,+3.45,+17.947,+11.611,+0.960
1636252020,+3.45,+17.930,+11.602,+0.959
1636252080,+3.45,+17.930,+11.615,+0.959
1636252140,+3.45,+17.939,+11.581,+0.958
1636252200,+3.45,+17.930,+11.587,+0.959
1636252260,+3.45,+17.922,+11.595,+0.959
1636252320,+3.45,+17.930,+11.563,+0.958
1636252380,+3.45,+17.913,+11.561,+0.959
1636252440,+3.45,+17.905,+11.562,+0.960
1636252500,+3.45,+17.896,+11.551,+0.959
1636252560,+3.45,+17.871,+11.558,+0.959
1636252620,+3.45,+17.880,+11.538,+0.959
1636252680,+3.45,+17.888,+11.542,+0.959
1636252740,+3.45,+17.896,+11.536,+0.959
1636252800,+3.45,+17.880,+11.542,+0.959
1636252860,+3.45,+17.888,+11.534,+0.959
1636252920,+3.45,+17.880,+11.528,+0.959
1636252980,+3.45,+17.854,+11.539,+0.959
1636253040,+3.45,+17.863,+11.528,+0.959
1636253100,+3.44,+17.863,+11.523,+0.959
1636253160,+3.44,+17.863,+11.538,+0.959
1636253220,+3.44,+17.837,+11.541,+0.959
1636253280,+3.44,+17.829,+11.534,+0.959
1636253340,+3.44,+17.829,+11.531,+0.959
1636253400,+3.44,+17.829,+11.528,+0.959
1636253460,+3.44,+17.820,+11.515,+0.958
1636253520,+3.44,+17.820,+11.534,+0.959
1636253580,+3.44,+17.820,+11.534,+0.960
1636253640,+3.44,+17.787,+11.531,+0.959
1636253700,+3.44,+17.795,+11.528,+0.959
1636253760,+3.44,+17.804,+11.532,+0.959
1636253820,+3.44,+17.795,+11.529,+0.959
1636253880,+3.44,+17.787,+11.530,+0.959
1636253940,+3.44,+17.795,+11.528,+0.959
1636254000,+3.44,+17.778,+11.524,+0.959
1636254060,+3.44,+17.761,+11.544,+0.960
1636254120,+3.44,+17.761,+11.536,+0.959
1636254180,+3.44,+17.744,+11.538,+0.959
1636254240,+3.44,+17.761,+11.518,+0.959
1636254300,+3.44,+17.761,+11.519,+0.959
1636254360,+3.44,+17.761,+11.520,+0.959
1636254420,+3.44,+17.728,+11.513,+0.959
1636254480,+3.44,+17.728,+11.518,+0.960
1636254540,+3.44,+17.711,+11.494,+0.959
1636254600,+3.44,+17.719,+11.494,+0.959
1636254660,+3.44,+17.711,+11.488,+0.959
1636254720,+3.44,+17.711,+11.474,+0.958
1636254780,+3.44,+17.702,+11.484,+0.959
1636254840,+3.44,+17.702,+11.466,+0.958
1636254900,+3.44,+17.694,+11.462,+0.959
1636254960,+3.44,+17.694,+11.469,+0.959
1636255020,+3.44,+17.668,+11.486,+0.960
1636255080,+3.44,+17.652,+11.485,+0.959
1636255140,+3.44,+17.660,+11.430,+0.958
1636255200,+3.44,+17.660,+11.412,+0.958
1636255260,+3.44,+17.643,+11.401,+0.958
1636255320,+3.44,+17.643,+11.399,+0.958
1636255380,+3.44,+17.643,+11.383,+0.959
1636255440,+3.44,+17.643,+11.359,+0.958
1636255500,+3.44,+17.626,+11.384,+0.960
1636255560,+3.44,+17.643,+11.336,+0.958
1636255620,+3.44,+17.618,+11.340,+0.959
1636255680,+3.44,+17.609,+11.320,+0.958
1636255740,+3.44,+17.626,+11.309,+0.959
1636255800,+3.44,+17.635,+11.289,+0.959
1636255860,+3.44,+17.609,+11.278,+0.959
1636255920,+3.44,+17.609,+11.254,+0.959
1636255980,+3.44,+17.592,+11.218,+0.958
1636256040,+3.44,+17.584,+11.222,+0.959
1636256100,+3.44,+17.592,+11.204,+0.958
1636256160,+3.44,+17.575,+11.207,+0.958
1636256220,+3.44,+17.584,+11.218,+0.959
1636256280,+3.44,+17.584,+11.207,+0.959
1636256340,+3.44,+17.567,+11.200,+0.958
1636256400,+3.44,+17.567,+11.203,+0.959
1636256460,+3.44,+17.575,+11.191,+0.958
1636256520,+3.44,+17.567,+11.192,+0.959
1636256580,+3.44,+17.559,+11.192,+0.959
1636256640,+3.44,+17.567,+11.180,+0.959
1636256700,+3.44,+17.575,+11.154,+0.958
1636256760,+3.44,+17.567,+11.159,+0.958
1636256820,+3.44,+17.559,+11.150,+0.958
1636256880,+3.44,+17.567,+11.135,+0.959
1636256940,+3.44,+17.542,+11.153,+0.959
1636257000,+3.44,+17.542,+11.124,+0.958
1636257060,+3.44,+17.533,+11.135,+0.958
1636257120,+3.44,+17.542,+11.128,+0.959
1636257180,+3.44,+17.525,+11.127,+0.959
1636257240,+3.44,+17.542,+11.108,+0.958
1636257300,+3.44,+17.542,+11.107,+0.958
1636257360,+3.44,+17.533,+11.099,+0.958
1636257420,+3.44,+17.516,+11.108,+0.959
1636257480,+3.44,+17.533,+11.086,+0.958
1636257540,+3.44,+17.508,+11.085,+0.958
1636257600,+3.44,+17.508,+11.072,+0.958
1636257660,+3.44,+17.508,+11.083,+0.959
1636257720,+3.44,+17.482,+11.089,+0.958
1636257780,+3.44,+17.508,+11.072,+0.958
1636257840,+3.44,+17.499,+11.073,+0.958
1636257900,+3.44,+17.499,+11.080,+0.959
1636257960,+3.44,+17.499,+11.078,+0.959
1636258020,+3.44,+17.499,+11.066,+0.958
1636258080,+3.44,+17.499,+11.076,+0.959
1636258140,+3.44,+17.482,+11.066,+0.958
1636258200,+3.44,+17.491,+11.051,+0.958
1636258260,+3.44,+17.466,+11.040,+0.958
1636258320,+3.44,+17.457,+11.043,+0.958
1636258380,+3.44,+17.457,+11.028,+0.958
1636258440,+3.44,+17.449,+11.030,+0.958
1636258500,+3.44,+17.457,+11.038,+0.959
1636258560,+3.44,+17.457,+11.032,+0.958
1636258620,+3.44,+17.449,+11.044,+0.958
1636258680,+3.44,+17.449,+11.025,+0.958
1636258740,+3.44,+17.466,+11.041,+0.959
1636258800,+3.44,+17.466,+11.032,+0.958
1636258860,+3.44,+17.457,+11.061,+0.959
1636258920,+3.44,+17.466,+11.052,+0.958
1636258980,+3.44,+17.440,+11.057,+0.959
1636259040,+3.44,+17.449,+11.030,+0.958
1636259100,+3.44,+17.423,+11.028,+0.959
1636259160,+3.44,+17.432,+11.009,+0.958
1636259220,+3.44,+17.423,+10.999,+0.958
1636259280,+3.44,+17.432,+11.015,+0.959
1636259340,+3.44,+17.440,+10.995,+0.958
1636259400,+3.44,+17.406,+11.001,+0.958
1636259460,+3.44,+17.415,+11.000,+0.958
1636259520,+3.44,+17.423,+10.999,+0.958
1636259580,+3.44,+17.406,+11.002,+0.958
1636259640,+3.44,+17.406,+10.984,+0.958
1636259700,+3.44,+17.398,+10.972,+0.958
1636259760,+3.44,+17.389,+10.967,+0.958
1636259820,+3.44,+17.389,+10.964,+0.958
1636259880,+3.44,+17.389,+10.970,+0.957
1636259940,+3.44,+17.381,+10.995,+0.958
1636260000,+3.44,+17.381,+10.993,+0.958
1636260060,+3.44,+17.381,+10.977,+0.958
1636260120,+3.44,+17.364,+10.996,+0.959
1636260180,+3.44,+17.356,+10.992,+0.959
1636260240,+3.44,+17.347,+10.987,+0.958
1636260300,+3.44,+17.364,+10.969,+0.958
1636260360,+3.44,+17.339,+10.962,+0.958
1636260420,+3.44,+17.339,+10.968,+0.958
1636260480,+3.44,+17.330,+10.971,+0.959
1636260540,+3.44,+17.322,+10.963,+0.958
1636260600,+3.44,+17.313,+10.960,+0.958
1636260660,+3.44,+17.330,+10.943,+0.958
1636260720,+3.44,+17.313,+10.956,+0.958
1636260780,+3.44,+17.322,+10.948,+0.958
1636260840,+3.44,+17.305,+10.935,+0.958
1636260900,+3.44,+17.322,+10.930,+0.958
1636260960,+3.44,+17.322,+10.930,+0.959
1636261020,+3.44,+17.313,+10.930,+0.959
1636261080,+3.44,+17.305,+10.921,+0.958
1636261140,+3.44,+17.305,+10.926,+0.958
1636261200,+3.44,+17.296,+10.930,+0.958
1636261260,+3.44,+17.305,+10.914,+0.958
1636261320,+3.44,+17.296,+10.915,+0.958
1636261380,+3.44,+17.296,+10.923,+0.959
1636261440,+3.44,+17.279,+10.916,+0.958
1636261500,+3.44,+17.305,+10.897,+0.958
1636261560,+3.44,+17.271,+10.909,+0.958
1636261620,+3.44,+17.271,+10.924,+0.958
1636261680,+3.44,+17.262,+10.922,+0.958
1636261740,+3.44,+17.254,+10.915,+0.958
1636261800,+3.44,+17.254,+10.916,+0.958
1636261860,+3.44,+17.254,+10.900,+0.958
1636261920,+3.44,+17.254,+10.893,+0.958
1636261980,+3.44,+17.245,+10.889,+0.958
1636262040,+3.44,+17.237,+10.888,+0.958
1636262100,+3.44,+17.237,+10.891,+0.958
1636262160,+3.44,+17.245,+10.888,+0.958
1636262220,+3.44,+17.229,+10.880,+0.958
1636262280,+3.44,+17.212,+10.887,+0.958
1636262340,+3.44,+17.229,+10.867,+0.958
1636262400,+3.44,+17.203,+10.881,+0.958
1636262460,+3.44,+17.203,+10.876,+0.958
1636262520,+3.44,+17.212,+10.867,+0.958
1636262580,+3.44,+17.203,+10.856,+0.958
1636262640,+3.44,+17.212,+10.846,+0.958
1636262700,+3.44,+17.186,+10.845,+0.958
1636262760,+3.44,+17.186,+10.840,+0.958
1636262820,+3.44,+17.186,+10.835,+0.958
1636262880,+3.44,+17.178,+10.849,+0.958
1636262940,+3.44,+17.169,+10.843,+0.958
1636263000,+3.44,+17.152,+10.852,+0.958
1636263060,+3.44,+17.152,+10.840,+0.958
1636263120,+3.44,+17.152,+10.859,+0.959
1636263180,+3.44,+17.161,+10.826,+0.957
1636263240,+3.44,+17.161,+10.847,+0.959
1636263300,+3.44,+17.144,+10.819,+0.957
1636263360,+3.44,+17.169,+10.801,+0.958
1636263420,+3.44,+17.135,+10.806,+0.958
1636263480,+3.44,+17.118,+10.782,+0.958
1636263540,+3.44,+17.127,+10.733,+0.958
1636263600,+3.44,+17.127,+10.719,+0.958
1636263660,+3.44,+17.135,+10.714,+0.958
1636263720,+3.44,+17.110,+10.710,+0.957
1636263780,+3.44,+17.118,+10.703,+0.958
1636263840,+3.44,+17.118,+10.693,+0.958
1636263900,+3.44,+17.110,+10.693,+0.958
1636263960,+3.44,+17.118,+10.653,+0.957
1636264020,+3.44,+17.101,+10.642,+0.958
1636264080,+3.44,+17.101,+10.634,+0.958
1636264140,+3.44,+17.068,+10.653,+0.958
1636264200,+3.44,+17.084,+10.651,+0.957
1636264260,+3.44,+17.093,+10.630,+0.958
1636264320,+3.44,+17.068,+10.639,+0.958
1636264380,+3.44,+17.076,+10.649,+0.958
1636264440,+3.44,+17.068,+10.667,+0.958
1636264500,+3.44,+17.084,+10.635,+0.958
1636264560,+3.44,+17.051,+10.667,+0.958
1636264620,+3.44,+17.051,+10.669,+0.958
1636264680,+3.44,+17.059,+10.665,+0.958
1636264740,+3.44,+17.059,+10.641,+0.958
1636264800,+3.44,+17.042,+10.649,+0.958
1636264860,+3.44,+17.042,+10.621,+0.958
1636264920,+3.44,+17.042,+10.622,+0.957
1636264980,+3.44,+17.034,+10.624,+0.957
1636265040,+3.44,+17.025,+10.597,+0.958
1636265100,+3.44,+17.034,+10.509,+0.957
1636265160,+3.44,+17.025,+10.503,+0.957
1636265220,+3.44,+17.025,+10.523,+0.958
1636265280,+3.44,+17.017,+10.522,+0.957
1636265340,+3.44,+16.991,+10.553,+0.957
1636265400,+3.44,+17.000,+10.546,+0.957
1636265460,+3.44,+17.000,+10.536,+0.957
1636265520,+3.44,+17.008,+10.558,+0.958
1636265580,+3.44,+16.974,+10.558,+0.958
1636265640,+3.44,+16.983,+10.574,+0.958
1636265700,+3.44,+16.983,+10.581,+0.958
1636265760,+3.44,+16.974,+10.572,+0.957
1636265820,+3.44,+16.966,+10.575,+0.958
1636265880,+3.44,+16.957,+10.543,+0.958
1636265940,+3.44,+16.974,+10.521,+0.957
1636266000,+3.44,+16.966,+10.540,+0.958
1636266060,+3.44,+16.957,+10.531,+0.957
1636266120,+3.44,+16.983,+10.527,+0.958
1636266180,+3.44,+16.983,+10.521,+0.958
1636266240,+3.44,+16.983,+10.507,+0.957
1636266300,+3.44,+16.966,+10.531,+0.958
1636266360,+3.44,+16.966,+10.532,+0.958
1636266420,+3.44,+16.957,+10.529,+0.958
1636266480,+3.44,+16.957,+10.550,+0.958
1636266540,+3.44,+16.940,+10.539,+0.957
1636266600,+3.44,+16.966,+10.540,+0.958
1636266660,+3.44,+16.932,+10.550,+0.957
1636266720,+3.44,+16.923,+10.562,+0.958
1636266780,+3.44,+16.932,+10.546,+0.957
1636266840,+3.44,+16.932,+10.543,+0.957
1636266900,+3.44,+16.932,+10.535,+0.957
1636266960,+3.44,+16.923,+10.536,+0.957
1636267020,+3.44,+16.923,+10.523,+0.957
1636267080,+3.44,+16.923,+10.536,+0.958
1636267140,+3.44,+16.932,+10.522,+0.958
1636267200,+3.44,+16.915,+10.511,+0.957
1636267260,+3.44,+16.898,+10.509,+0.957
1636267320,+3.44,+16.898,+10.505,+0.957
1636267380,+3.44,+16.915,+10.505,+0.958
1636267440,+3.44,+16.906,+10.503,+0.958
1636267500,+3.44,+16.898,+10.510,+0.958
1636267560,+3.44,+16.881,+10.512,+0.958
1636267620,+3.44,+16.889,+10.486,+0.957
1636267680,+3.44,+16.881,+10.500,+0.957
1636267740,+3.44,+16.881,+10.490,+0.957
1636267800,+3.44,+16.872,+10.497,+0.957
1636267860,+3.44,+16.872,+10.492,+0.957
1636267920,+3.44,+16.847,+10.506,+0.958
1636267980,+3.44,+16.864,+10.486,+0.957
1636268040,+3.44,+16.838,+10.504,+0.958
1636268100,+3.44,+16.838,+10.504,+0.957
1636268160,+3.44,+16.830,+10.501,+0.958
1636268220,+3.44,+16.838,+10.499,+0.957
1636268280,+3.44,+16.847,+10.487,+0.957
1636268340,+3.44,+16.838,+10.496,+0.957
1636268400,+3.44,+16.830,+10.503,+0.958
1636268460,+3.44,+16.821,+10.499,+0.957
1636268520,+3.44,+16.830,+10.498,+0.958
1636268580,+3.44,+16.821,+10.477,+0.957
1636268640,+3.44,+16.804,+10.479,+0.958
1636268700,+3.44,+16.813,+10.474,+0.958
1636268760,+3.44,+16.813,+10.468,+0.957
1636268820,+3.44,+16.821,+10.463,+0.958
1636268880,+3.44,+16.813,+10.462,+0.957
1636268940,+3.44,+16.813,+10.465,+0.957
1636269000,+3.44,+16.796,+10.476,+0.957
1636269060,+3.44,+16.804,+10.482,+0.957
1636269120,+3.44,+16.804,+10.477,+0.957
1636269180,+3.44,+16.804,+10.491,+0.958
1636269240,+3.44,+16.787,+10.446,+0.957
1636269300,+3.44,+16.796,+10.426,+0.957
1636269360,+3.44,+16.787,+10.435,+0.957
1636269420,+3.44,+16.796,+10.450,+0.958
1636269480,+3.44,+16.796,+10.437,+0.957
1636269540,+3.44,+16.787,+10.440,+0.957
1636269600,+3.44,+16.770,+10.459,+0.958
1636269660,+3.44,+16.787,+10.454,+0.958
1636269720,+3.44,+16.779,+10.443,+0.957
1636269780,+3.44,+16.770,+10.448,+0.957
1636269840,+3.43,+16.745,+10.451,+0.957
1636269900,+3.43,+16.753,+10.423,+0.957
1636269960,+3.44,+16.762,+10.413,+0.957
1636270020,+3.44,+16.762,+10.423,+0.957
1636270080,+3.43,+16.736,+10.426,+0.957
1636270140,+3.44,+16.753,+10.427,+0.957
1636270200,+3.44,+16.745,+10.428,+0.957
1636270260,+3.43,+16.745,+10.431,+0.957
1636270320,+3.43,+16.736,+10.436,+0.957
1636270380,+3.43,+16.728,+10.443,+0.957
1636270440,+3.43,+16.728,+10.437,+0.957
1636270500,+3.43,+16.745,+10.436,+0.958
1636270560,+3.43,+16.728,+10.434,+0.957
1636270620,+3.43,+16.736,+10.421,+0.957
1636270680,+3.43,+16.702,+10.423,+0.957
1636270740,+3.43,+16.685,+10.424,+0.957
1636270800,+3.43,+16.668,+10.432,+0.957
1636270860,+3.43,+16.651,+10.433,+0.957
1636270920,+3.43,+16.668,+10.424,+0.957
1636270980,+3.43,+16.651,+10.430,+0.957
1636271040,+3.43,+16.677,+10.422,+0.957
1636271100,+3.43,+16.660,+10.432,+0.957
1636271160,+3.43,+16.668,+10.422,+0.957
1636271220,+3.43,+16.660,+10.419,+0.957
1636271280,+3.43,+16.651,+10.415,+0.958
1636271340,+3.43,+16.643,+10.411,+0.957
1636271400,+3.43,+16.634,+10.400,+0.957
1636271460,+3.43,+16.617,+10.406,+0.957
1636271520,+3.43,+16.617,+10.393,+0.957
1636271580,+3.43,+16.617,+10.396,+0.957
1636271640,+3.43,+16.600,+10.402,+0.957
1636271700,+3.43,+16.592,+10.380,+0.956
1636271760,+3.43,+16.617,+10.381,+0.957
1636271820,+3.43,+16.609,+10.381,+0.957
1636271880,+3.43,+16.626,+10.386,+0.958
1636271940,+3.43,+16.617,+10.373,+0.957
1636272000,+3.43,+16.617,+10.383,+0.957
1636272060,+3.43,+16.617,+10.362,+0.957
1636272120,+3.43,+16.626,+10.360,+0.957
1636272180,+3.43,+16.617,+10.359,+0.958
1636272240,+3.43,+16.617,+10.352,+0.957
1636272300,+3.43,+16.617,+10.340,+0.957
1636272360,+3.43,+16.626,+10.341,+0.957
1636272420,+3.43,+16.617,+10.332,+0.957
1636272480,+3.43,+16.609,+10.331,+0.956
1636272540,+3.43,+16.600,+10.346,+0.957
1636272600,+3.43,+16.609,+10.344,+0.957
1636272660,+3.43,+16.592,+10.351,+0.957
1636272720,+3.43,+16.609,+10.336,+0.957
1636272780,+3.43,+16.609,+10.333,+0.957
1636272840,+3.43,+16.592,+10.329,+0.957
1636272900,+3.43,+16.592,+10.329,+0.957
1636272960,+3.43,+16.583,+10.324,+0.957
1636273020,+3.43,+16.583,+10.321,+0.957
1636273080,+3.43,+16.592,+10.326,+0.957
1636273140,+3.43,+16.583,+10.320,+0.957
1636273200,+3.43,+16.575,+10.317,+0.957
1636273260,+3.43,+16.575,+10.310,+0.957
1636273320,+3.43,+16.583,+10.299,+0.957
1636273380,+3.43,+16.583,+10.313,+0.957
1636273440,+3.43,+16.575,+10.285,+0.957
1636273500,+3.43,+16.575,+10.277,+0.957
1636273560,+3.43,+16.566,+10.280,+0.957
1636273620,+3.43,+16.532,+10.285,+0.957
1636273680,+3.43,+16.549,+10.270,+0.957
1636273740,+3.43,+16.541,+10.281,+0.957
1636273800,+3.43,+16.532,+10.273,+0.957
1636273860,+3.43,+16.549,+10.267,+0.957
1636273920,+3.43,+16.524,+10.276,+0.957
1636273980,+3.43,+16.532,+10.266,+0.957
1636274040,+3.43,+16.549,+10.255,+0.957
1636274100,+3.43,+16.541,+10.251,+0.957
1636274160,+3.43,+16.541,+10.256,+0.957
1636274220,+3.43,+16.524,+10.267,+0.957
1636274280,+3.43,+16.507,+10.256,+0.957
1636274340,+3.43,+16.498,+10.279,+0.957
1636274400,+3.43,+16.498,+10.296,+0.957
1636274460,+3.43,+16.498,+10.259,+0.957
1636274520,+3.43,+16.490,+10.290,+0.957
1636274580,+3.43,+16.498,+10.291,+0.957
1636274640,+3.43,+16.498,+10.294,+0.957
1636274700,+3.43,+16.490,+10.276,+0.957
1636274760,+3.43,+16.490,+10.286,+0.957
1636274820,+3.43,+16.498,+10.279,+0.957
1636274880,+3.43,+16.490,+10.282,+0.957
1636274940,+3.43,+16.515,+10.275,+0.957
1636275000,+3.43,+16.490,+10.275,+0.957
1636275060,+3.43,+16.498,+10.264,+0.957
1636275120,+3.43,+16.490,+10.271,+0.958
1636275180,+3.43,+16.490,+10.232,+0.956
1636275240,+3.43,+16.498,+10.234,+0.957
1636275300,+3.43,+16.481,+10.238,+0.957
1636275360,+3.43,+16.481,+10.226,+0.957
1636275420,+3.43,+16.481,+10.202,+0.957
1636275480,+3.43,+16.490,+10.200,+0.957
1636275540,+3.43,+16.473,+10.213,+0.957
1636275600,+3.43,+16.473,+10.233,+0.957
1636275660,+3.43,+16.473,+10.222,+0.956
1636275720,+3.43,+16.464,+10.237,+0.957
1636275780,+3.43,+16.464,+10.226,+0.957
1636275840,+3.43,+16.439,+10.244,+0.958
1636275900,+3.43,+16.456,+10.224,+0.957
1636275960,+3.43,+16.439,+10.223,+0.957
1636276020,+3.43,+16.430,+10.219,+0.957
1636276080,+3.43,+16.447,+10.221,+0.957
1636276140,+3.43,+16.439,+10.211,+0.957
1636276200,+3.43,+16.430,+10.202,+0.957
1636276260,+3.43,+16.430,+10.200,+0.957
1636276320,+3.43,+16.430,+10.181,+0.957
1636276380,+3.43,+16.422,+10.188,+0.957
1636276440,+3.43,+16.430,+10.169,+0.956
1636276500,+3.43,+16.430,+10.179,+0.957
1636276560,+3.43,+16.422,+10.169,+0.956
1636276620,+3.43,+16.422,+10.170,+0.957
1636276680,+3.43,+16.430,+10.152,+0.957
1636276740,+3.43,+16.405,+10.189,+0.958
1636276800,+3.43,+16.413,+10.169,+0.957
1636276860,+3.43,+16.413,+10.170,+0.957
1636276920,+3.43,+16.396,+10.150,+0.957
1636276980,+3.43,+16.396,+10.146,+0.957
1636277040,+3.43,+16.413,+10.135,+0.957
1636277100,+3.43,+16.405,+10.144,+0.957
1636277160,+3.43,+16.430,+10.134,+0.957
1636277220,+3.43,+16.405,+10.128,+0.956
1636277280,+3.43,+16.396,+10.129,+0.956
1636277340,+3.43,+16.396,+10.133,+0.957
1636277400,+3.43,+16.396,+10.139,+0.957
1636277460,+3.43,+16.371,+10.124,+0.957
1636277520,+3.43,+16.388,+10.134,+0.957
1636277580,+3.43,+16.388,+10.122,+0.957
1636277640,+3.43,+16.379,+10.129,+0.957
1636277700,+3.43,+16.379,+10.117,+0.956
1636277760,+3.43,+16.379,+10.111,+0.956
1636277820,+3.43,+16.379,+10.107,+0.957
1636277880,+3.43,+16.379,+10.098,+0.957
1636277940,+3.43,+16.371,+10.117,+0.957
1636278000,+3.43,+16.379,+10.094,+0.957
1636278060,+3.43,+16.371,+10.093,+0.957
1636278120,+3.43,+16.379,+10.064,+0.956
1636278180,+3.43,+16.362,+10.062,+0.957
1636278240,+3.43,+16.379,+10.035,+0.956
1636278300,+3.43,+16.362,+10.020,+0.956
1636278360,+3.43,+16.371,+10.017,+0.956
1636278420,+3.43,+16.345,+10.031,+0.957
1636278480,+3.43,+16.362,+10.022,+0.957
1636278540,+3.43,+16.354,+10.024,+0.956
1636278600,+3.43,+16.354,+10.054,+0.957
1636278660,+3.43,+16.345,+10.082,+0.957
1636278720,+3.43,+16.345,+10.087,+0.957
1636278780,+3.43,+16.337,+10.055,+0.956
1636278840,+3.43,+16.354,+10.032,+0.956
1636278900,+3.43,+16.345,+10.004,+0.957
1636278960,+3.43,+16.328, +9.986,+0.956
1636279020,+3.43,+16.337, +9.977,+0.957
1636279080,+3.43,+16.337, +9.974,+0.956
1636279140,+3.43,+16.311, +9.978,+0.956
1636279200,+3.43,+16.328, +9.983,+0.957
1636279260,+3.43,+16.320, +9.989,+0.957
1636279320,+3.43,+16.337, +9.972,+0.956
1636279380,+3.43,+16.320, +9.963,+0.957
1636279440,+3.43,+16.337, +9.928,+0.957
1636279500,+3.43,+16.328, +9.905,+0.957
1636279560,+3.43,+16.328, +9.896,+0.957
1636279620,+3.43,+16.337, +9.888,+0.957
1636279680,+3.43,+16.303, +9.877,+0.956
1636279740,+3.43,+16.303, +9.873,+0.957
1636279800,+3.43,+16.320, +9.859,+0.957
1636279860,+3.43,+16.311, +9.838,+0.956
1636279920,+3.43,+16.294, +9.844,+0.957
1636279980,+3.43,+16.294, +9.831,+0.956
1636280040,+3.43,+16.268, +9.832,+0.956
1636280100,+3.43,+16.294, +9.813,+0.956
1636280160,+3.43,+16.268, +9.829,+0.957
1636280220,+3.43,+16.277, +9.819,+0.956
1636280280,+3.43,+16.268, +9.821,+0.956
1636280340,+3.43,+16.260, +9.827,+0.956
1636280400,+3.43,+16.277, +9.826,+0.957
1636280460,+3.43,+16.268, +9.829,+0.957
1636280520,+3.43,+16.268, +9.821,+0.956
1636280580,+3.43,+16.260, +9.812,+0.956
1636280640,+3.43,+16.268, +9.809,+0.956
1636280700,+3.43,+16.243, +9.822,+0.957
1636280760,+3.43,+16.277, +9.805,+0.956
1636280820,+3.43,+16.285, +9.795,+0.957
1636280880,+3.43,+16.277, +9.783,+0.956
1636280940,+3.43,+16.277, +9.781,+0.957
1636281000,+3.43,+16.268, +9.779,+0.956
1636281060,+3.43,+16.260, +9.763,+0.956
1636281120,+3.43,+16.251, +9.737,+0.956
1636281180,+3.43,+16.251, +9.748,+0.957
1636281240,+3.43,+16.251, +9.754,+0.957
1636281300,+3.43,+16.234, +9.738,+0.956
1636281360,+3.43,+16.217, +9.742,+0.956
1636281420,+3.43,+16.234, +9.736,+0.957
1636281480,+3.43,+16.226, +9.728,+0.956
1636281540,+3.43,+16.243, +9.722,+0.957
1636281600,+3.43,+16.234, +9.710,+0.956
1636281660,+3.43,+16.226, +9.711,+0.956
1636281720,+3.43,+16.226, +9.709,+0.956
1636281780,+3.43,+16.226, +9.709,+0.957
1636281840,+3.43,+16.234, +9.693,+0.956
1636281900,+3.43,+16.226, +9.704,+0.957
1636281960,+3.43,+16.234, +9.689,+0.957
1636282020,+3.43,+16.234, +9.688,+0.956
1636282080,+3.43,+16.226, +9.671,+0.956
1636282140,+3.43,+16.234, +9.662,+0.956
1636282200,+3.43,+16.234, +9.679,+0.957
1636282260,+3.43,+16.226, +9.661,+0.956
1636282320,+3.43,+16.243, +9.650,+0.957
1636282380,+3.43,+16.226, +9.664,+0.957
1636282440,+3.43,+16.217, +9.663,+0.957
1636282500,+3.43,+16.209, +9.672,+0.957
1636282560,+3.43,+16.217, +9.663,+0.956
1636282620,+3.43,+16.217, +9.650,+0.956
1636282680,+3.43,+16.226, +9.625,+0.956
1636282740,+3.43,+16.234, +9.591,+0.956
1636282800,+3.43,+16.226, +9.567,+0.956
1636282860,+3.43,+16.192, +9.578,+0.956
1636282920,+3.43,+16.209, +9.565,+0.956
1636282980,+3.43,+16.209, +9.547,+0.957
1636283040,+3.43,+16.183, +9.546,+0.956
1636283100,+3.43,+16.183, +9.551,+0.957
1636283160,+3.43,+16.192, +9.530,+0.956
1636283220,+3.43,+16.192, +9.491,+0.956
1636283280,+3.43,+16.183, +9.484,+0.957
1636283340,+3.43,+16.175, +9.455,+0.956
1636283400,+3.43,+16.175, +9.474,+0.956
1636283460,+3.43,+16.158, +9.479,+0.956
1636283520,+3.43,+16.158, +9.514,+0.956
1636283580,+3.43,+16.149, +9.541,+0.957
1636283640,+3.43,+16.158, +9.523,+0.956
1636283700,+3.43,+16.149, +9.534,+0.956
1636283760,+3.43,+16.149, +9.514,+0.956
1636283820,+3.43,+16.141, +9.514,+0.956
1636283880,+3.43,+16.158, +9.536,+0.956
1636283940,+3.43,+16.149, +9.541,+0.956
1636284000,+3.43,+16.141, +9.540,+0.956
1636284060,+3.43,+16.149, +9.552,+0.956
1636284120,+3.43,+16.149, +9.575,+0.956
1636284180,+3.43,+16.123, +9.569,+0.956
1636284240,+3.43,+16.149, +9.545,+0.956
1636284300,+3.43,+16.132, +9.518,+0.956
1636284360,+3.43,+16.123, +9.505,+0.956
1636284420,+3.43,+16.115, +9.477,+0.956
1636284480,+3.43,+16.123, +9.490,+0.957
1636284540,+3.43,+16.123, +9.479,+0.956
1636284600,+3.43,+16.115, +9.508,+0.957
1636284660,+3.43,+16.115, +9.499,+0.956
1636284720,+3.43,+16.123, +9.505,+0.956
1636284780,+3.43,+16.106, +9.514,+0.956
1636284840,+3.43,+16.098, +9.505,+0.956
1636284900,+3.43,+16.106, +9.446,+0.956
1636284960,+3.43,+16.115, +9.413,+0.956
1636285020,+3.43,+16.106, +9.392,+0.956
1636285080,+3.43,+16.098, +9.403,+0.957
1636285140,+3.43,+16.098, +9.395,+0.956
1636285200,+3.43,+16.089, +9.414,+0.956
1636285260,+3.43,+16.081, +9.428,+0.956
1636285320,+3.43,+16.081, +9.421,+0.956
1636285380,+3.43,+16.089, +9.395,+0.956
1636285440,+3.43,+16.072, +9.399,+0.956
1636285500,+3.43,+16.098, +9.384,+0.957
1636285560,+3.43,+16.089, +9.356,+0.956
1636285620,+3.43,+16.098, +9.348,+0.956
1636285680,+3.43,+16.098, +9.313,+0.956
1636285740,+3.43,+16.098, +9.305,+0.956
1636285800,+3.43,+16.098, +9.300,+0.956
1636285860,+3.43,+16.106, +9.298,+0.956
1636285920,+3.43,+16.106, +9.304,+0.956
1636285980,+3.43,+16.089, +9.308,+0.956
1636286040,+3.43,+16.115, +9.294,+0.956
1636286100,+3.43,+16.106, +9.294,+0.956
1636286160,+3.43,+16.089, +9.287,+0.956
1636286220,+3.43,+16.081, +9.279,+0.956
1636286280,+3.43,+16.064, +9.287,+0.956
1636286340,+3.43,+16.064, +9.288,+0.956
1636286400,+3.43,+16.064, +9.287,+0.956
1636286460,+3.43,+16.064, +9.300,+0.956
1636286520,+3.43,+16.064, +9.297,+0.956
1636286580,+3.43,+16.064, +9.297,+0.956
1636286640,+3.43,+16.038, +9.297,+0.956
1636286700,+3.43,+16.064, +9.289,+0.956
1636286760,+3.43,+16.064, +9.290,+0.956
1636286820,+3.43,+16.064, +9.263,+0.956
1636286880,+3.43,+16.047, +9.256,+0.956
1636286940,+3.43,+16.072, +9.235,+0.956
1636287000,+3.43,+16.047, +9.226,+0.956
1636287060,+3.43,+16.047, +9.212,+0.956
1636287120,+3.43,+16.047, +9.199,+0.956
1636287180,+3.43,+16.047, +9.195,+0.956
1636287240,+3.43,+16.038, +9.182,+0.956
1636287300,+3.43,+16.038, +9.179,+0.956
1636287360,+3.43,+16.021, +9.189,+0.956
1636287420,+3.43,+16.030, +9.175,+0.956
1636287480,+3.43,+16.030, +9.181,+0.956
1636287540,+3.43,+16.012, +9.183,+0.956
1636287600,+3.43,+16.038, +9.182,+0.956
1636287660,+3.43,+16.038, +9.173,+0.956
1636287720,+3.43,+16.030, +9.154,+0.956
1636287780,+3.43,+16.021, +9.144,+0.956
1636287840,+3.43,+16.021, +9.142,+0.956
1636287900,+3.43,+15.995, +9.151,+0.956
1636287960,+3.43,+16.021, +9.137,+0.956
1636288020,+3.43,+16.030, +9.124,+0.956
1636288080,+3.43,+16.038, +9.113,+0.956
1636288140,+3.43,+16.021, +9.108,+0.956
1636288200,+3.43,+16.012, +9.096,+0.956
1636288260,+3.43,+15.995, +9.106,+0.956
1636288320,+3.43,+16.004, +9.069,+0.956
1636288380,+3.43,+15.987, +9.049,+0.956
1636288440,+3.43,+16.004, +9.049,+0.956
1636288500,+3.43,+15.987, +9.072,+0.955
1636288560,+3.43,+15.987, +9.084,+0.956
1636288620,+3.43,+15.995, +9.076,+0.956
1636288680,+3.43,+15.995, +9.071,+0.956
1636288740,+3.43,+15.987, +9.052,+0.956
1636288800,+3.43,+15.987, +9.038,+0.957
1636288860,+3.43,+15.970, +9.007,+0.955
1636288920,+3.43,+15.970, +9.006,+0.956
1636288980,+3.43,+15.970, +9.025,+0.956
1636289040,+3.43,+15.970, +9.028,+0.956
1636289100,+3.43,+15.970, +9.043,+0.956
1636289160,+3.43,+15.961, +9.042,+0.956
1636289220,+3.43,+15.944, +9.051,+0.956
1636289280,+3.43,+15.936, +9.044,+0.956
1636289340,+3.43,+15.953, +9.021,+0.956
1636289400,+3.43,+15.953, +8.952,+0.956
1636289460,+3.43,+15.944, +8.858,+0.956
1636289520,+3.43,+15.944, +8.815,+0.956
1636289580,+3.43,+15.953, +8.800,+0.956
1636289640,+3.43,+15.919, +8.837,+0.956
1636289700,+3.43,+15.953, +8.844,+0.956
1636289760,+3.43,+15.944, +8.840,+0.956
1636289820,+3.43,+15.953, +8.825,+0.956
1636289880,+3.43,+15.927, +8.774,+0.956
1636289940,+3.43,+15.919, +8.768,+0.956
1636290000,+3.43,+15.936, +8.737,+0.956
1636290060,+3.43,+15.927, +8.742,+0.956
1636290120,+3.43,+15.901, +8.737,+0.955
1636290180,+3.43,+15.901, +8.743,+0.956
1636290240,+3.43,+15.901, +8.752,+0.956
1636290300,+3.43,+15.901, +8.733,+0.955
1636290360,+3.43,+15.893, +8.747,+0.956
1636290420,+3.43,+15.901, +8.736,+0.956
1636290480,+3.43,+15.901, +8.739,+0.956
1636290540,+3.43,+15.893, +8.732,+0.956
1636290600,+3.43,+15.910, +8.689,+0.956
1636290660,+3.43,+15.910, +8.678,+0.956
1636290720,+3.43,+15.910, +8.682,+0.956
1636290780,+3.43,+15.893, +8.690,+0.956
1636290840,+3.43,+15.893, +8.689,+0.956
1636290900,+3.43,+15.884, +8.694,+0.956
1636290960,+3.43,+15.884, +8.700,+0.956
1636291020,+3.43,+15.884, +8.718,+0.956
1636291080,+3.43,+15.867, +8.722,+0.956
1636291140,+3.43,+15.876, +8.730,+0.956
1636291200,+3.43,+15.884, +8.711,+0.955
1636291260,+3.43,+15.876, +8.719,+0.956
1636291320,+3.43,+15.893, +8.712,+0.956
1636291380,+3.43,+15.867, +8.704,+0.955
1636291440,+3.43,+15.884, +8.711,+0.956
1636291500,+3.43,+15.884, +8.701,+0.956
1636291560,+3.43,+15.876, +8.709,+0.956
1636291620,+3.43,+15.884, +8.710,+0.956
1636291680,+3.43,+15.876, +8.711,+0.956
1636291740,+3.43,+15.867, +8.722,+0.956
1636291800,+3.43,+15.850, +8.702,+0.956
1636291860,+3.43,+15.867, +8.688,+0.956
1636291920,+3.43,+15.850, +8.658,+0.956
1636291980,+3.43,+15.859, +8.634,+0.956
1636292040,+3.43,+15.850, +8.643,+0.956
1636292100,+3.43,+15.867, +8.639,+0.956
1636292160,+3.43,+15.876, +8.635,+0.956
1636292220,+3.43,+15.893, +8.621,+0.956
1636292280,+3.43,+15.867, +8.630,+0.956
1636292340,+3.43,+15.876, +8.625,+0.956
1636292400,+3.43,+15.876, +8.616,+0.956
1636292460,+3.43,+15.867, +8.626,+0.956
1636292520,+3.43,+15.876, +8.614,+0.955
1636292580,+3.43,+15.876, +8.624,+0.955
1636292640,+3.43,+15.867, +8.634,+0.955
1636292700,+3.43,+15.876, +8.647,+0.956
1636292760,+3.43,+15.867, +8.623,+0.955
1636292820,+3.43,+15.867, +8.623,+0.956
1636292880,+3.43,+15.842, +8.634,+0.955
1636292940,+3.43,+15.833, +8.565,+0.956
1636293000,+3.43,+15.842, +8.558,+0.956
1636293060,+3.43,+15.833, +8.612,+0.956
1636293120,+3.43,+15.842, +8.633,+0.956
1636293180,+3.43,+15.859, +8.639,+0.956
1636293240,+3.43,+15.859, +8.641,+0.956
1636293300,+3.43,+15.850, +8.641,+0.955
1636293360,+3.43,+15.842, +8.674,+0.956
1636293420,+3.43,+15.833, +8.686,+0.956
1636293480,+3.43,+15.859, +8.683,+0.956
1636293540,+3.43,+15.867, +8.662,+0.955
1636293600,+3.43,+15.859, +8.669,+0.956
1636293660,+3.43,+15.833, +8.668,+0.955
1636293720,+3.43,+15.859, +8.682,+0.956
1636293780,+3.43,+15.859, +8.678,+0.956
1636293840,+3.43,+15.842, +8.690,+0.956
1636293900,+3.43,+15.859, +8.682,+0.956
1636293960,+3.43,+15.859, +8.682,+0.956
1636294020,+3.43,+15.859, +8.652,+0.956
1636294080,+3.43,+15.850, +8.665,+0.956
1636294140,+3.43,+15.867, +8.650,+0.956
1636294200,+3.43,+15.842, +8.656,+0.956
1636294260,+3.43,+15.842, +8.645,+0.955
1636294320,+3.43,+15.867, +8.633,+0.956
1636294380,+3.43,+15.867, +8.645,+0.956
1636294440,+3.43,+15.884, +8.636,+0.956
1636294500,+3.43,+15.867, +8.642,+0.956
1636294560,+3.43,+15.859, +8.633,+0.956
1636294620,+3.43,+15.867, +8.635,+0.956
1636294680,+3.43,+15.850, +8.637,+0.956
1636294740,+3.43,+15.850, +8.634,+0.956
1636294800,+3.43,+15.859, +8.643,+0.956
1636294860,+3.43,+15.850, +8.649,+0.956
1636294920,+3.43,+15.859, +8.650,+0.956
1636294980,+3.43,+15.876, +8.649,+0.956
1636295040,+3.43,+15.893, +8.650,+0.956
1636295100,+3.43,+15.910, +8.645,+0.955
1636295160,+3.43,+15.884, +8.666,+0.956
1636295220,+3.43,+15.884, +8.668,+0.955
1636295280,+3.43,+15.901, +8.665,+0.955
1636295340,+3.43,+15.910, +8.680,+0.956
1636295400,+3.43,+15.901, +8.680,+0.955
1636295460,+3.43,+15.927, +8.682,+0.955
1636295520,+3.43,+15.927, +8.690,+0.955
1636295580,+3.43,+15.919, +8.711,+0.956
1636295640,+3.43,+15.927, +8.706,+0.956
1636295700,+3.43,+15.944, +8.699,+0.955
1636295760,+3.43,+15.927, +8.724,+0.956
1636295820,+3.43,+15.953, +8.715,+0.955
1636295880,+3.43,+15.953, +8.730,+0.956
1636295940,+3.43,+15.927, +8.737,+0.956
1636296000,+3.43,+15.936, +8.730,+0.955
1636296060,+3.43,+15.936, +8.738,+0.955
1636296120,+3.43,+15.927, +8.768,+0.956
1636296180,+3.43,+15.936, +8.773,+0.955
1636296240,+3.43,+15.936, +8.794,+0.956
1636296300,+3.43,+15.936, +8.798,+0.955
1636296360,+3.43,+15.944, +8.808,+0.956
1636296420,+3.43,+15.936, +8.811,+0.955
1636296480,+3.43,+15.944, +8.823,+0.956
1636296540,+3.43,+15.953, +8.835,+0.956
1636296600,+3.43,+15.961, +8.820,+0.955
1636296660,+3.43,+15.970, +8.823,+0.955
1636296720,+3.43,+15.953, +8.827,+0.955
1636296780,+3.43,+15.970, +8.848,+0.956
1636296840,+3.43,+15.970, +8.854,+0.955
1636296900,+3.43,+15.961, +8.861,+0.956
1636296960,+3.43,+15.953, +8.869,+0.956
1636297020,+3.43,+15.944, +8.874,+0.955
1636297080,+3.43,+15.953, +8.890,+0.956
1636297140,+3.43,+15.944, +8.887,+0.955
1636297200,+3.43,+15.944, +8.901,+0.956
1636297260,+3.43,+15.961, +8.887,+0.955
1636297320,+3.43,+15.953, +8.903,+0.955
1636297380,+3.43,+15.961, +8.917,+0.956
1636297440,+3.43,+15.953, +8.897,+0.955
1636297500,+3.43,+15.944, +8.936,+0.956
1636297560,+3.43,+15.961, +8.941,+0.956
1636297620,+3.43,+15.961, +8.967,+0.955
1636297680,+3.43,+15.970, +8.978,+0.955
1636297740,+3.43,+15.970, +8.975,+0.955
1636297800,+3.43,+15.961, +8.990,+0.956
1636297860,+3.43,+15.987, +9.026,+0.955
1636297920,+3.43,+15.987, +9.084,+0.956
1636297980,+3.43,+15.995, +9.027,+0.955
1636298040,+3.43,+15.978, +9.000,+0.955
1636298100,+3.43,+15.970, +9.072,+0.955
1636298160,+3.43,+15.987, +9.073,+0.955
1636298220,+3.43,+15.987, +9.055,+0.955
1636298280,+3.43,+15.970, +9.021,+0.955
1636298340,+3.43,+15.995, +9.050,+0.955
1636298400,+3.43,+15.987, +9.048,+0.955
1636298460,+3.43,+15.987, +8.951,+0.955
1636298520,+3.43,+15.978, +9.018,+0.955
1636298580,+3.43,+15.987, +9.001,+0.955
1636298640,+3.43,+15.987, +9.005,+0.956
1636298700,+3.43,+15.987, +8.976,+0.955
1636298760,+3.43,+15.995, +8.997,+0.956
1636298820,+3.43,+15.987, +8.986,+0.955
1636298880,+3.43,+15.995, +9.027,+0.955
1636298940,+3.43,+15.995, +9.021,+0.955
1636299000,+3.43,+15.970, +9.027,+0.956
1636299060,+3.43,+15.987, +9.017,+0.955
1636299120,+3.43,+16.004, +8.974,+0.955
1636299180,+3.43,+15.978, +8.982,+0.956
1636299240,+3.43,+16.004, +8.981,+0.955
1636299300,+3.43,+15.995, +8.985,+0.955
1636299360,+3.43,+16.004, +8.976,+0.955
1636299420,+3.43,+15.995, +8.971,+0.955
1636299480,+3.43,+15.995, +8.973,+0.955
1636299540,+3.43,+16.004, +8.966,+0.955
1636299600,+3.43,+16.004, +8.966,+0.955
1636299660,+3.43,+15.987, +8.985,+0.955
1636299720,+3.43,+16.012, +8.968,+0.955
1636299780,+3.43,+15.995, +8.969,+0.955
1636299840,+3.43,+16.004, +8.975,+0.955
1636299900,+3.43,+16.004, +8.973,+0.955
1636299960,+3.43,+16.021, +8.949,+0.955
1636300020,+3.43,+16.004, +8.958,+0.955
1636300080,+3.43,+16.012, +8.946,+0.955
1636300140,+3.43,+16.004, +8.944,+0.955
1636300200,+3.43,+16.004, +8.942,+0.955
1636300260,+3.43,+16.004, +8.950,+0.956
1636300320,+3.43,+16.012, +8.944,+0.956
1636300380,+3.43,+15.995, +8.929,+0.955
1636300440,+3.43,+15.987, +8.931,+0.955
1636300500,+3.43,+16.004, +8.925,+0.955
1636300560,+3.43,+16.004, +8.927,+0.956
1636300620,+3.43,+16.021, +8.920,+0.955
1636300680,+3.43,+16.012, +8.918,+0.955
1636300740,+3.43,+16.021, +8.913,+0.955
1636300800,+3.43,+15.995, +8.916,+0.955
1636300860,+3.43,+16.030, +8.900,+0.956
1636300920,+3.43,+16.030, +8.896,+0.956
1636300980,+3.43,+16.021, +8.897,+0.955
1636301040,+3.43,+16.012, +8.886,+0.955
1636301100,+3.43,+16.030, +8.887,+0.955
1636301160,+3.43,+16.021, +8.881,+0.955
1636301220,+3.43,+16.012, +8.896,+0.955
1636301280,+3.43,+16.030, +8.889,+0.955
1636301340,+3.43,+16.030, +8.905,+0.956
1636301400,+3.43,+16.038, +8.919,+0.955
1636301460,+3.43,+16.030, +8.930,+0.955
1636301520,+3.43,+16.055, +8.933,+0.955
1636301580,+3.43,+16.064, +8.938,+0.955
1636301640,+3.43,+16.055, +8.936,+0.955
1636301700,+3.43,+16.081, +8.920,+0.955
1636301760,+3.43,+16.089, +8.921,+0.955
1636301820,+3.43,+16.089, +8.917,+0.955
1636301880,+3.43,+16.089, +8.880,+0.955
1636301940,+3.43,+16.081, +8.899,+0.955
1636302000,+3.43,+16.098, +8.907,+0.955
1636302060,+3.43,+16.115, +8.895,+0.956
1636302120,+3.43,+16.072, +8.910,+0.955
1636302180,+3.43,+16.115, +8.892,+0.955
1636302240,+3.43,+16.123, +8.892,+0.955
1636302300,+3.43,+16.106, +8.908,+0.955
1636302360,+3.43,+16.106, +8.908,+0.955
1636302420,+3.43,+16.123, +8.913,+0.955
1636302480,+3.43,+16.132, +8.911,+0.955
1636302540,+3.43,+16.149, +8.909,+0.955
1636302600,+3.43,+16.141, +8.914,+0.955
1636302660,+3.43,+16.158, +8.908,+0.955
1636302720,+3.43,+16.166, +8.920,+0.955
1636302780,+3.43,+16.149, +8.941,+0.955
1636302840,+3.43,+16.158, +8.922,+0.955
1636302900,+3.43,+16.158, +8.928,+0.955
1636302960,+3.43,+16.132, +8.935,+0.955
1636303020,+3.43,+16.158, +8.939,+0.955
1636303080,+3.43,+16.158, +8.947,+0.956
1636303140,+3.43,+16.166, +8.951,+0.955
1636303200,+3.43,+16.166, +8.956,+0.955
1636303260,+3.43,+16.183, +8.935,+0.955
1636303320,+3.43,+16.217, +8.959,+0.956
1636303380,+3.43,+16.209, +8.979,+0.956
1636303440,+3.43,+16.226, +8.965,+0.955
1636303500,+3.43,+16.226, +8.972,+0.955
1636303560,+3.43,+16.251, +8.972,+0.956
1636303620,+3.43,+16.251, +8.991,+0.956
1636303680,+3.43,+16.260, +8.996,+0.955
1636303740,+3.43,+16.268, +9.003,+0.955
1636303800,+3.43,+16.277, +8.976,+0.955
1636303860,+3.43,+16.277, +9.026,+0.955
1636303920,+3.43,+16.285, +9.020,+0.954
1636303980,+3.43,+16.294, +9.035,+0.955
1636304040,+3.43,+16.294, +9.023,+0.955
1636304100,+3.43,+16.268, +9.035,+0.955
1636304160,+3.43,+16.294, +9.039,+0.955
1636304220,+3.43,+16.320, +9.052,+0.955
1636304280,+3.43,+16.337, +9.052,+0.955
1636304340,+3.43,+16.337, +9.052,+0.955
1636304400,+3.43,+16.345, +9.055,+0.955
1636304460,+3.43,+16.354, +9.044,+0.955
1636304520,+3.43,+16.354, +9.038,+0.955
1636304580,+3.42,+16.354, +9.038,+0.955
1636304640,+3.43,+16.354, +9.054,+0.955
1636304700,+3.42,+16.379, +9.063,+0.955
1636304760,+3.42,+16.388, +9.063,+0.955
1636304820,+3.42,+16.396, +9.076,+0.955
1636304880,+3.42,+16.413, +9.060,+0.955
1636304940,+3.43,+16.379, +9.046,+0.955
1636305000,+3.42,+16.396, +9.073,+0.955
1636305060,+3.42,+16.405, +9.073,+0.955
1636305120,+3.42,+16.413, +9.060,+0.955
1636305180,+3.42,+16.430, +9.051,+0.955
1636305240,+3.42,+16.413, +9.060,+0.955
1636305300,+3.42,+16.405, +9.055,+0.955
1636305360,+3.42,+16.405, +9.055,+0.955
1636305420,+3.42,+16.413, +9.058,+0.955
1636305480,+3.42,+16.430, +9.061,+0.955
1636305540,+3.42,+16.439, +9.071,+0.955
1636305600,+3.42,+16.439, +9.036,+0.955
1636305660,+3.42,+16.430, +9.033,+0.955
1636305720,+3.42,+16.447, +9.061,+0.955
1636305780,+3.42,+16.430, +9.061,+0.955
1636305840,+3.42,+16.439, +9.055,+0.955
1636305900,+3.42,+16.430, +9.061,+0.955
1636305960,+3.42,+16.456, +9.071,+0.955
1636306020,+3.42,+16.430, +9.072,+0.955
1636306080,+3.42,+16.447, +9.046,+0.955
1636306140,+3.42,+16.447, +9.072,+0.955
1636306200,+3.42,+16.439, +9.031,+0.955
1636306260,+3.42,+16.464, +9.024,+0.955
1636306320,+3.42,+16.464, +9.006,+0.955
1636306380,+3.42,+16.439, +8.981,+0.955
1636306440,+3.42,+16.456, +8.995,+0.955
1636306500,+3.42,+16.481, +8.978,+0.955
1636306560,+3.42,+16.464, +8.972,+0.955
1636306620,+3.42,+16.490, +8.973,+0.955
1636306680,+3.42,+16.481, +8.968,+0.955
1636306740,+3.42,+16.490, +8.967,+0.955
1636306800,+3.42,+16.490, +8.961,+0.955
1636306860,+3.42,+16.498, +8.941,+0.955
1636306920,+3.42,+16.490, +8.941,+0.955
1636306980,+3.42,+16.490, +8.925,+0.955
1636307040,+3.42,+16.490, +8.919,+0.955
1636307100,+3.42,+16.507, +8.908,+0.955
1636307160,+3.42,+16.524, +8.919,+0.955
1636307220,+3.42,+16.532, +8.909,+0.955
1636307280,+3.42,+16.532, +8.926,+0.955
1636307340,+3.42,+16.532, +8.924,+0.956
1636307400,+3.42,+16.566, +8.872,+0.955
1636307460,+3.42,+16.592, +8.858,+0.955
1636307520,+3.42,+16.592, +8.853,+0.955
1636307580,+3.42,+16.617, +8.823,+0.955
1636307640,+3.42,+16.617, +8.843,+0.955
1636307700,+3.42,+16.617, +8.840,+0.955
1636307760,+3.42,+16.634, +8.839,+0.955
1636307820,+3.42,+16.660, +8.833,+0.956
1636307880,+3.42,+16.651, +8.846,+0.955
1636307940,+3.42,+16.660, +8.854,+0.955
1636308000,+3.42,+16.677, +8.855,+0.955
1636308060,+3.42,+16.668, +8.858,+0.956
1636308120,+3.42,+16.685, +8.863,+0.955
1636308180,+3.42,+16.685, +8.862,+0.955
1636308240,+3.42,+16.702, +8.853,+0.955
1636308300,+3.42,+16.736, +8.845,+0.956
1636308360,+3.42,+16.753, +8.842,+0.955
1636308420,+3.42,+16.745, +8.854,+0.955
1636308480,+3.42,+16.736, +8.864,+0.955
1636308540,+3.42,+16.762, +8.860,+0.956
1636308600,+3.42,+16.770, +8.874,+0.956
1636308660,+3.42,+16.779, +8.855,+0.955
1636308720,+3.42,+16.796, +8.874,+0.955
1636308780,+3.42,+16.770, +8.888,+0.956
1636308840,+3.42,+16.804, +8.855,+0.955
1636308900,+3.42,+16.787, +8.881,+0.955
1636308960,+3.43,+16.813, +8.876,+0.955
1636309020,+3.42,+16.796, +8.908,+0.956
1636309080,+3.43,+16.821, +8.889,+0.955
1636309140,+3.43,+16.838, +8.892,+0.955
1636309200,+3.43,+16.830, +8.906,+0.955
1636309260,+3.43,+16.838, +8.903,+0.955
1636309320,+3.43,+16.864, +8.910,+0.955
1636309380,+3.43,+16.872, +8.899,+0.955
1636309440,+3.43,+16.855, +8.930,+0.956
1636309500,+3.43,+16.898, +8.916,+0.956
1636309560,+3.43,+16.898, +8.917,+0.955
1636309620,+3.43,+16.898, +8.915,+0.955
1636309680,+3.43,+16.906, +8.931,+0.955
1636309740,+3.43,+16.949, +8.912,+0.955
1636309800,+3.43,+16.940, +8.936,+0.955
1636309860,+3.43,+16.949, +8.933,+0.955
1636309920,+3.43,+16.957, +8.930,+0.955
1636309980,+3.43,+16.966, +8.936,+0.955
1636310040,+3.43,+16.991, +8.927,+0.955
1636310100,+3.43,+17.000, +8.931,+0.955
1636310160,+3.43,+17.008, +8.945,+0.956
1636310220,+3.43,+17.017, +8.932,+0.955
1636310280,+3.43,+17.000, +8.935,+0.955
1636310340,+3.43,+17.000, +8.950,+0.955
1636310400,+3.43,+16.974, +8.942,+0.955
1636310460,+3.43,+17.017, +8.927,+0.955
1636310520,+3.43,+17.008, +8.910,+0.955
1636310580,+3.43,+17.008, +8.895,+0.955
1636310640,+3.43,+17.025, +8.911,+0.956
1636310700,+3.43,+17.051, +8.877,+0.955
1636310760,+3.43,+17.042, +8.903,+0.956
1636310820,+3.43,+17.068, +8.896,+0.956
1636310880,+3.43,+17.068, +8.896,+0.955
1636310940,+3.43,+17.068, +8.917,+0.955
1636311000,+3.43,+17.068, +8.923,+0.956
1636311060,+3.43,+17.084, +8.929,+0.955
1636311120,+3.43,+17.127, +8.925,+0.956
1636311180,+3.43,+17.118, +8.919,+0.955
1636311240,+3.43,+17.101, +8.945,+0.956
1636311300,+3.43,+17.101, +8.960,+0.955
1636311360,+3.43,+17.127, +8.977,+0.956
1636311420,+3.43,+17.118, +8.974,+0.956
1636311480,+3.43,+17.135, +8.953,+0.956
1636311540,+3.43,+17.110, +8.979,+0.956
1636311600,+3.43,+17.127, +8.981,+0.956
1636311660,+3.43,+17.135, +8.939,+0.955
1636311720,+3.43,+17.144, +8.916,+0.955
1636311780,+3.43,+17.161, +8.954,+0.956
1636311840,+3.43,+17.152, +8.953,+0.955
1636311900,+3.43,+17.169, +8.939,+0.955
1636311960,+3.43,+17.195, +8.926,+0.955
1636312020,+3.43,+17.195, +8.902,+0.955
1636312080,+3.43,+17.203, +8.910,+0.955
1636312140,+3.43,+17.229, +8.926,+0.955
1636312200,+3.43,+17.229, +8.933,+0.956
1636312260,+3.43,+17.245, +8.934,+0.955
1636312320,+3.43,+17.245, +8.960,+0.955
1636312380,+3.43,+17.254, +8.993,+0.956
1636312440,+3.43,+17.245, +8.976,+0.955
1636312500,+3.42,+17.288, +8.983,+0.955
1636312560,+3.42,+17.279, +9.008,+0.956
1636312620,+3.43,+17.279, +9.014,+0.955
1636312680,+3.43,+17.288, +9.029,+0.955
1636312740,+3.42,+17.288, +9.054,+0.956
1636312800,+3.42,+17.288, +9.061,+0.956
1636312860,+3.42,+17.305, +9.071,+0.955
1636312920,+3.43,+17.288, +9.070,+0.955
1636312980,+3.42,+17.313, +9.092,+0.956
1636313040,+3.42,+17.313, +9.096,+0.955
1636313100,+3.42,+17.339, +9.097,+0.955
1636313160,+3.42,+17.330, +9.082,+0.955
1636313220,+3.42,+17.339, +9.095,+0.956
1636313280,+3.42,+17.330, +9.108,+0.956
1636313340,+3.42,+17.330, +9.115,+0.955
1636313400,+3.43,+17.322, +9.134,+0.955
1636313460,+3.42,+17.347, +9.141,+0.956
1636313520,+3.42,+17.356, +9.139,+0.955
1636313580,+3.42,+17.381, +9.125,+0.956
1636313640,+3.42,+17.398, +9.120,+0.955
1636313700,+3.42,+17.432, +9.105,+0.955
1636313760,+3.42,+17.432, +9.127,+0.956
1636313820,+3.42,+17.449, +9.136,+0.956
1636313880,+3.42,+17.466, +9.130,+0.956
1636313940,+3.42,+17.449, +9.128,+0.956
1636314000,+3.42,+17.457, +9.144,+0.956
1636314060,+3.42,+17.474, +9.129,+0.955
1636314120,+3.42,+17.482, +9.128,+0.955
1636314180,+3.42,+17.516, +9.124,+0.956
1636314240,+3.42,+17.525, +9.122,+0.956
1636314300,+3.42,+17.533, +9.110,+0.955
1636314360,+3.42,+17.542, +9.121,+0.956
1636314420,+3.42,+17.567, +9.110,+0.955
1636314480,+3.42,+17.559, +9.120,+0.956
1636314540,+3.42,+17.584, +9.123,+0.955
1636314600,+3.42,+17.584, +9.132,+0.955
1636314660,+3.42,+17.618, +9.139,+0.956
1636314720,+3.42,+17.618, +9.145,+0.956
1636314780,+3.42,+17.635, +9.123,+0.955
1636314840,+3.42,+17.660, +9.135,+0.956
1636314900,+3.42,+17.660, +9.128,+0.955
1636314960,+3.42,+17.668, +9.125,+0.955
1636315020,+3.42,+17.685, +9.120,+0.955
1636315080,+3.42,+17.694, +9.136,+0.956
1636315140,+3.42,+17.694, +9.140,+0.956
1636315200,+3.42,+17.702, +9.152,+0.957
1636315260,+3.42,+17.719, +9.149,+0.956
1636315320,+3.42,+17.736, +9.152,+0.956
1636315380,+3.42,+17.778, +9.123,+0.956
1636315440,+3.42,+17.778, +9.129,+0.956
1636315500,+3.42,+17.778, +9.129,+0.956
1636315560,+3.42,+17.804, +9.124,+0.957
1636315620,+3.42,+17.829, +9.116,+0.956
1636315680,+3.42,+17.820, +9.125,+0.956
1636315740,+3.42,+17.812, +9.145,+0.956
1636315800,+3.42,+17.846, +9.128,+0.956
1636315860,+3.42,+17.846, +9.142,+0.956
1636315920,+3.42,+17.854, +9.125,+0.955
1636315980,+3.42,+17.871, +9.142,+0.956
1636316040,+3.42,+17.880, +9.134,+0.956
1636316100,+3.42,+17.880, +9.131,+0.955
1636316160,+3.42,+17.896, +9.128,+0.956
1636316220,+3.42,+17.896, +9.147,+0.956
1636316280,+3.43,+17.930, +9.125,+0.956
1636316340,+3.43,+17.913, +9.135,+0.956
1636316400,+3.43,+17.939, +9.134,+0.956
1636316460,+3.43,+17.939, +9.137,+0.956
1636316520,+3.43,+17.964, +9.141,+0.956
1636316580,+3.43,+17.989, +9.136,+0.956
1636316640,+3.43,+18.023, +9.133,+0.956
1636316700,+3.43,+18.023, +9.127,+0.956
1636316760,+3.43,+18.023, +9.123,+0.956
