7450-093993
OS REV: 1.05 Sensor Cal: 1626371432
Time (sec),  BV (Volts),  T (deg C),  DO (mg/l),  Q ()
1636218000,+3.53,+19.406, +9.526,+0.991
1636218600,+3.53,+19.624, +9.532,+0.990
1636219200,+3.53,+19.951, +9.592,+0.991
1636219800,+3.53,+20.227, +9.641,+0.990
1636220400,+3.53,+20.595, +9.723,+0.991
1636221000,+3.53,+20.587, +9.706,+0.991
1636221600,+3.53,+20.386, +9.672,+0.991
1636222200,+3.53,+20.277, +9.702,+0.990
1636222800,+3.53,+20.303, +9.696,+0.990
1636223400,+3.53,+20.370, +9.703,+0.991
1636224000,+3.53,+20.503, +9.729,+0.991
1636224600,+3.53,+17.606,+10.379,+0.985
1636225200,+3.54,+16.393, +9.947,+0.986
1636225800,+3.54,+16.308,+10.281,+0.987
1636226400,+3.54,+16.249,+10.270,+0.988
1636227000,+3.54,+16.172,+10.421,+0.988
1636227600,+3.54,+16.172,+10.604,+0.988
1636228200,+3.54,+16.257,+10.896,+0.989
1636228800,+3.54,+16.240,+10.685,+0.988
1636229400,+3.54,+16.163,+10.576,+0.988
1636230000,+3.54,+16.155,+10.631,+0.988
1636230600,+3.54,+16.104,+10.456,+0.988
1636231200,+3.54,+16.095,+10.407,+0.988
1636231800,+3.54,+16.163,+10.314,+0.987
1636232400,+3.54,+16.095,+10.326,+0.988
1636233000,+3.54,+16.112,+10.266,+0.988
1636233600,+3.54,+16.095,+10.192,+0.988
1636234200,+3.54,+16.087, +9.980,+0.988
1636234800,+3.54,+16.112, +9.947,+0.987
1636235400,+3.53,+16.121,+10.022,+0.987
1636236000,+3.53,+16.121,+10.070,+0.988
1636236600,+3.54,+16.121,+10.224,+0.988
1636237200,+3.53,+16.214,+10.094,+0.988
1636237800,+3.53,+16.283,+10.040,+0.987
1636238400,+3.53,+16.334, +9.943,+0.988
1636239000,+3.53,+16.572, +9.954,+0.988
1636239600,+3.53,+16.784, +9.976,+0.988
1636240200,+3.53,+16.810, +9.951,+0.988
1636240800,+3.53,+16.810, +9.925,+0.988
1636241400,+3.53,+16.793, +9.787,+0.988
1636242000,+3.53,+16.886, +9.868,+0.988
1636242600,+3.53,+16.861, +9.823,+0.988
1636243200,+3.53,+16.886, +9.836,+0.988
1636243800,+3.53,+16.869, +9.750,+0.988
1636244400,+3.53,+16.793, +9.704,+0.987
1636245000,+3.53,+16.784, +9.706,+0.987
1636245600,+3.53,+16.784, +9.691,+0.987
1636246200,+3.53,+16.784, +9.727,+0.988
1636246800,+3.53,+16.767, +9.743,+0.988
1636247400,+3.53,+16.912, +9.685,+0.988
1636248000,+3.53,+16.920, +9.571,+0.988
1636248600,+3.53,+17.022, +9.574,+0.988
1636249200,+3.53,+16.979, +9.614,+0.988
1636249800,+3.53,+16.912, +9.543,+0.987
1636250400,+3.53,+16.818, +9.497,+0.988
1636251000,+3.53,+16.869, +9.541,+0.988
1636251600,+3.53,+16.946, +9.633,+0.988
1636252200,+3.53,+16.996, +9.606,+0.987
1636252800,+3.53,+16.979, +9.612,+0.988
1636253400,+3.53,+16.784, +9.279,+0.987
1636254000,+3.53,+16.759, +9.237,+0.987
1636254600,+3.53,+16.759, +9.347,+0.987
1636255200,+3.53,+16.767, +9.372,+0.988
1636255800,+3.53,+16.784, +9.321,+0.987
1636256400,+3.53,+16.810, +9.287,+0.988
1636257000,+3.53,+16.818, +9.400,+0.988
1636257600,+3.53,+16.810, +9.363,+0.987
1636258200,+3.53,+16.810, +9.493,+0.988
1636258800,+3.53,+16.818, +9.423,+0.988
1636259400,+3.53,+16.861, +9.304,+0.988
1636260000,+3.53,+16.852, +9.270,+0.987
1636260600,+3.53,+16.827, +9.107,+0.987
1636261200,+3.53,+16.861, +8.910,+0.988
1636261800,+3.53,+16.878, +8.979,+0.987
1636262400,+3.53,+16.852, +9.031,+0.987
1636263000,+3.53,+16.852, +8.978,+0.987
1636263600,+3.53,+16.903, +9.236,+0.987
1636264200,+3.53,+16.886, +9.327,+0.987
1636264800,+3.53,+16.852, +9.249,+0.987
1636265400,+3.53,+16.878, +9.411,+0.988
1636266000,+3.53,+16.852, +9.403,+0.987
1636266600,+3.52,+16.657, +8.180,+0.986
1636267200,+3.52,+16.563, +8.458,+0.987
1636267800,+3.52,+16.512, +8.695,+0.987
1636268400,+3.52,+16.512, +8.799,+0.987
1636269000,+3.52,+16.555, +8.671,+0.987
1636269600,+3.52,+16.546, +8.703,+0.988
1636270200,+3.52,+16.495, +8.765,+0.988
1636270800,+3.52,+16.478, +9.078,+0.988
1636271400,+3.52,+16.538, +8.938,+0.987
1636272000,+3.52,+16.546, +8.758,+0.987
1636272600,+3.52,+16.546, +9.005,+0.987
1636273200,+3.52,+16.538, +8.775,+0.987
1636273800,+3.52,+16.487, +8.640,+0.987
1636274400,+3.52,+16.427, +8.618,+0.987
1636275000,+3.52,+16.402, +8.730,+0.988
1636275600,+3.52,+16.359, +9.156,+0.987
1636276200,+3.53,+16.334, +9.039,+0.988
1636276800,+3.52,+16.325, +8.794,+0.988
1636277400,+3.52,+16.334, +8.922,+0.987
1636278000,+3.52,+16.274, +9.508,+0.988
1636278600,+3.52,+16.283, +9.623,+0.988
1636279200,+3.52,+16.274, +9.465,+0.987
1636279800,+3.52,+16.249, +8.933,+0.987
1636280400,+3.52,+16.240, +8.609,+0.987
1636281000,+3.53,+16.214, +9.331,+0.988
1636281600,+3.53,+16.197, +9.449,+0.988
1636282200,+3.52,+16.206, +9.554,+0.987
1636282800,+3.52,+16.223, +9.670,+0.988
1636283400,+3.52,+16.231, +9.520,+0.987
1636284000,+3.52,+16.223, +9.589,+0.988
1636284600,+3.52,+16.223, +9.737,+0.988
1636285200,+3.52,+16.223, +9.662,+0.988
1636285800,+3.52,+16.231, +9.691,+0.988
1636286400,+3.52,+16.197, +9.559,+0.988
1636287000,+3.52,+16.206, +9.016,+0.987
1636287600,+3.52,+16.155, +9.465,+0.988
1636288200,+3.52,+16.146, +9.237,+0.987
1636288800,+3.52,+16.155, +9.011,+0.988
1636289400,+3.52,+16.129, +8.162,+0.987
1636290000,+3.52,+16.010, +9.353,+0.988
1636290600,+3.52,+15.984, +9.480,+0.988
1636291200,+3.53,+15.959, +9.516,+0.987
1636291800,+3.53,+15.907, +9.595,+0.987
1636292400,+3.53,+15.839, +9.724,+0.988
1636293000,+3.53,+15.822, +9.890,+0.988
1636293600,+3.52,+15.796, +9.885,+0.987
1636294200,+3.53,+15.813, +9.902,+0.988
1636294800,+3.53,+15.813, +9.527,+0.988
1636295400,+3.52,+15.813, +9.658,+0.988
1636296000,+3.52,+15.822, +9.649,+0.988
1636296600,+3.52,+15.805, +9.662,+0.988
1636297200,+3.52,+15.779, +9.706,+0.988
1636297800,+3.52,+15.788, +9.437,+0.987
1636298400,+3.52,+15.788, +9.326,+0.987
1636299000,+3.52,+15.779, +9.587,+0.988
1636299600,+3.52,+15.899, +9.871,+0.988
1636300200,+3.52,+15.950, +9.850,+0.988
1636300800,+3.52,+16.018,+10.105,+0.989
1636301400,+3.52,+16.027,+10.117,+0.988
1636302000,+3.52,+16.070,+10.183,+0.988
1636302600,+3.52,+16.104,+10.195,+0.988
1636303200,+3.52,+16.146,+10.255,+0.988
1636303800,+3.52,+16.197,+10.265,+0.988
1636304400,+3.52,+16.223,+10.299,+0.988
