7450-839638
OS REV: 1.05 Sensor Cal: 1615486580
Time (sec),  BV (Volts),  T (deg C),  DO (mg/l),  Q ()
1636217340,+3.45,+24.311, +8.921,+1.004
1636217400,+3.45,+22.886, +9.036,+1.002
1636217460,+3.45,+21.974, +9.129,+1.001
1636217520,+3.46,+21.372, +9.334,+1.001
1636217580,+3.46,+21.121, +9.400,+1.001
1636217640,+3.45,+20.953, +9.423,+1.001
1636217700,+3.46,+20.769, +9.446,+1.000
1636217760,+3.46,+20.619, +9.456,+1.001
1636217820,+3.46,+20.418, +9.507,+1.001
1636217880,+3.46,+20.426, +9.543,+1.001
1636217940,+3.46,+20.393, +9.548,+1.001
1636218000,+3.46,+20.359, +9.523,+1.001
1636218060,+3.46,+20.259, +9.542,+1.001
1636218120,+3.46,+20.234, +9.563,+1.001
1636218180,+3.46,+20.301, +9.542,+1.001
1636218240,+3.46,+20.368, +9.526,+1.002
1636218300,+3.46,+20.351, +9.556,+1.001
1636218360,+3.46,+20.384, +9.576,+1.001
1636218420,+3.46,+20.476, +9.569,+1.002
1636218480,+3.46,+20.502, +9.555,+1.002
1636218540,+3.46,+20.485, +9.579,+1.001
1636218600,+3.46,+20.468, +9.595,+1.001
1636218660,+3.46,+20.510, +9.579,+1.001
1636218720,+3.46,+20.535, +9.589,+1.001
1636218780,+3.46,+20.619, +9.578,+1.002
1636218840,+3.46,+20.594, +9.583,+1.001
1636218900,+3.46,+20.568, +9.577,+1.001
1636218960,+3.46,+20.543, +9.599,+1.000
1636219020,+3.46,+20.535, +9.605,+1.001
1636219080,+3.46,+20.552, +9.604,+1.000
1636219140,+3.46,+20.560, +9.600,+1.000
1636219200,+3.46,+20.577, +9.594,+1.000
1636219260,+3.46,+20.594, +9.596,+1.000
1636219320,+3.46,+20.627, +9.596,+1.000
1636219380,+3.46,+20.652, +9.588,+1.000
1636219440,+3.46,+20.694, +9.576,+1.000
1636219500,+3.46,+20.753, +9.568,+1.000
1636219560,+3.46,+20.778, +9.553,+0.999
1636219620,+3.45,+20.886, +9.574,+1.000
1636219680,+3.45,+20.895, +9.545,+0.999
1636219740,+3.45,+20.895, +9.570,+1.000
1636219800,+3.45,+21.012, +9.532,+1.000
1636219860,+3.45,+21.037, +9.499,+0.999
1636219920,+3.45,+21.054, +9.482,+0.999
1636219980,+3.46,+21.112, +9.469,+0.999
1636220040,+3.46,+21.121, +9.471,+0.999
1636220100,+3.46,+21.171, +9.470,+0.999
1636220160,+3.46,+21.196, +9.467,+0.999
1636220220,+3.46,+21.221, +9.482,+0.999
1636220280,+3.46,+21.271, +9.490,+0.999
1636220340,+3.46,+21.313, +9.491,+1.000
1636220400,+3.46,+21.338, +9.465,+0.999
1636220460,+3.46,+21.347, +9.479,+1.000
1636220520,+3.46,+21.338, +9.475,+1.000
1636220580,+3.46,+21.296, +9.458,+1.000
1636220640,+3.46,+21.238, +9.490,+1.000
1636220700,+3.46,+21.163, +9.521,+1.000
1636220760,+3.45,+21.129, +9.542,+1.000
1636220820,+3.45,+21.104, +9.542,+1.000
1636220880,+3.45,+21.087, +9.544,+1.001
1636220940,+3.45,+21.029, +9.541,+1.000
1636221000,+3.45,+21.012, +9.544,+1.000
1636221060,+3.45,+20.987, +9.548,+1.000
1636221120,+3.45,+20.970, +9.560,+1.001
1636221180,+3.45,+20.945, +9.549,+1.000
1636221240,+3.45,+20.920, +9.567,+1.000
1636221300,+3.45,+20.912, +9.565,+1.001
1636221360,+3.45,+20.870, +9.563,+1.000
1636221420,+3.45,+20.836, +9.586,+1.000
1636221480,+3.45,+20.811, +9.580,+0.999
1636221540,+3.45,+20.786, +9.566,+1.000
1636221600,+3.45,+20.753, +9.583,+1.000
1636221660,+3.45,+20.736, +9.593,+1.000
1636221720,+3.45,+20.736, +9.592,+0.999
1636221780,+3.45,+20.727, +9.607,+1.000
1636221840,+3.45,+20.736, +9.613,+1.000
1636221900,+3.45,+20.761, +9.601,+1.000
1636221960,+3.45,+20.769, +9.605,+1.000
1636222020,+3.45,+20.769, +9.599,+1.000
1636222080,+3.45,+20.753, +9.616,+1.000
1636222140,+3.45,+20.778, +9.610,+1.000
1636222200,+3.45,+20.761, +9.618,+1.000
1636222260,+3.45,+20.786, +9.626,+1.000
1636222320,+3.45,+20.820, +9.608,+1.000
1636222380,+3.45,+20.811, +9.622,+1.000
1636222440,+3.45,+20.845, +9.619,+1.000
1636222500,+3.45,+20.861, +9.623,+1.000
1636222560,+3.45,+20.895, +9.629,+1.001
1636222620,+3.45,+20.895, +9.614,+1.000
1636222680,+3.45,+20.928, +9.606,+1.000
1636222740,+3.45,+20.953, +9.602,+1.000
1636222800,+3.45,+20.987, +9.590,+1.000
1636222860,+3.44,+20.987, +9.593,+1.000
1636222920,+3.44,+20.995, +9.592,+1.000
1636222980,+3.44,+21.012, +9.600,+1.000
1636223040,+3.44,+21.029, +9.580,+1.000
1636223100,+3.44,+21.045, +9.580,+1.000
1636223160,+3.44,+21.029, +9.598,+0.999
1636223220,+3.44,+21.020, +9.612,+0.999
1636223280,+3.44,+21.054, +9.607,+1.000
1636223340,+3.44,+21.054, +9.618,+0.999
1636223400,+3.44,+21.062, +9.622,+1.000
1636223460,+3.45,+21.096, +9.610,+0.999
1636223520,+3.45,+21.104, +9.609,+0.999
1636223580,+3.45,+21.154, +9.584,+0.999
1636223640,+3.45,+21.137, +9.598,+0.999
1636223700,+3.45,+21.163, +9.599,+0.999
1636223760,+3.45,+21.204, +9.549,+0.998
1636223820,+3.45,+21.221, +9.543,+0.998
1636223880,+3.45,+21.255, +9.552,+0.999
1636223940,+3.45,+21.280, +9.552,+0.998
1636224000,+3.45,+21.296, +9.560,+0.998
1636224060,+3.45,+21.330, +9.571,+0.999
1636224120,+3.45,+21.305, +9.561,+0.998
1636224180,+3.45,+21.288, +8.889,+0.997
1636224240,+3.45,+21.221, +9.486,+0.998
1636224300,+3.45,+21.196, +9.646,+0.998
1636224360,+3.45,+21.188, +9.682,+0.998
1636224420,+3.45,+21.213, +9.714,+0.997
1636224480,+3.45,+21.255, +9.711,+0.996
1636224540,+3.45,+21.263, +9.723,+0.996
1636224600,+3.45,+21.296, +9.703,+0.996
1636224660,+3.45,+21.305, +9.731,+0.996
1636224720,+3.45,+21.338, +9.733,+0.996
1636224780,+3.45,+21.388, +9.724,+0.995
1636224840,+3.45,+21.422, +9.725,+0.996
1636224900,+3.45,+21.455, +9.734,+0.996
1636224960,+3.45,+21.472, +9.731,+0.996
1636225020,+3.45,+21.497, +9.702,+0.996
1636225080,+3.45,+21.497, +9.739,+0.996
1636225140,+3.45,+21.489, +9.678,+0.995
1636225200,+3.45,+21.447, +9.729,+0.995
1636225260,+3.45,+21.355, +8.860,+0.994
1636225320,+3.45,+20.435, +6.120,+0.986
1636225380,+3.45,+19.278, +4.242,+0.979
1636225440,+3.45,+18.757, +4.266,+0.984
1636225500,+3.45,+18.286, +4.252,+0.985
1636225560,+3.46,+18.050, +4.296,+0.989
1636225620,+3.45,+17.889, +4.319,+0.990
1636225680,+3.45,+17.797, +4.359,+0.990
1636225740,+3.45,+17.721, +4.395,+0.991
1636225800,+3.45,+17.653, +4.414,+0.991
1636225860,+3.45,+17.577, +4.420,+0.991
1636225920,+3.45,+17.492, +4.416,+0.992
1636225980,+3.45,+17.408, +4.430,+0.992
1636226040,+3.45,+17.357, +4.456,+0.992
1636226100,+3.45,+17.332, +4.477,+0.992
1636226160,+3.45,+17.281, +4.501,+0.992
1636226220,+3.45,+17.247, +4.502,+0.993
1636226280,+3.46,+17.179, +4.517,+0.993
1636226340,+3.46,+17.137, +4.527,+0.993
1636226400,+3.46,+17.120, +4.529,+0.993
1636226460,+3.46,+17.077, +4.534,+0.993
1636226520,+3.46,+17.069, +4.552,+0.993
1636226580,+3.46,+17.027, +4.555,+0.993
1636226640,+3.46,+17.010, +4.564,+0.993
1636226700,+3.46,+17.010, +4.573,+0.994
1636226760,+3.46,+16.976, +4.581,+0.994
1636226820,+3.46,+16.959, +4.580,+0.994
1636226880,+3.46,+16.925, +4.581,+0.993
1636226940,+3.45,+16.891, +4.586,+0.994
1636227000,+3.45,+16.891, +4.582,+0.994
1636227060,+3.45,+16.874, +4.589,+0.994
1636227120,+3.45,+16.865, +4.591,+0.994
1636227180,+3.45,+16.865, +4.592,+0.994
1636227240,+3.45,+16.848, +4.591,+0.994
1636227300,+3.45,+16.831, +4.595,+0.994
1636227360,+3.45,+16.831, +4.593,+0.994
1636227420,+3.45,+16.823, +4.592,+0.994
1636227480,+3.45,+16.823, +4.595,+0.994
1636227540,+3.45,+16.797, +4.589,+0.994
1636227600,+3.45,+16.780, +4.571,+0.994
1636227660,+3.45,+16.772, +4.556,+0.994
1636227720,+3.45,+16.755, +4.551,+0.994
1636227780,+3.45,+16.763, +4.542,+0.994
1636227840,+3.45,+16.738, +4.543,+0.994
1636227900,+3.45,+16.738, +4.540,+0.994
1636227960,+3.44,+16.738, +4.536,+0.994
1636228020,+3.44,+16.746, +4.537,+0.994
1636228080,+3.44,+16.721, +4.540,+0.994
1636228140,+3.44,+16.738, +4.536,+0.994
1636228200,+3.44,+16.729, +4.536,+0.994
1636228260,+3.44,+16.729, +4.537,+0.994
1636228320,+3.44,+16.738, +4.536,+0.994
1636228380,+3.44,+16.746, +4.534,+0.994
1636228440,+3.44,+16.729, +4.515,+0.994
1636228500,+3.44,+16.712, +4.501,+0.994
1636228560,+3.44,+16.729, +4.497,+0.994
1636228620,+3.44,+16.746, +4.493,+0.994
1636228680,+3.44,+16.738, +4.498,+0.994
1636228740,+3.44,+16.729, +4.501,+0.994
1636228800,+3.44,+16.729, +4.498,+0.994
1636228860,+3.44,+16.729, +4.494,+0.994
1636228920,+3.44,+16.729, +4.489,+0.994
1636228980,+3.44,+16.721, +4.489,+0.994
1636229040,+3.44,+16.738, +4.490,+0.994
1636229100,+3.44,+16.712, +4.492,+0.994
1636229160,+3.44,+16.721, +4.491,+0.994
1636229220,+3.44,+16.712, +4.495,+0.994
1636229280,+3.44,+16.729, +4.493,+0.994
1636229340,+3.44,+16.721, +4.498,+0.994
1636229400,+3.44,+16.729, +4.508,+0.994
1636229460,+3.44,+16.721, +4.506,+0.994
1636229520,+3.44,+16.729, +4.501,+0.994
1636229580,+3.44,+16.738, +4.499,+0.994
1636229640,+3.44,+16.755, +4.494,+0.994
1636229700,+3.44,+16.755, +4.493,+0.994
1636229760,+3.44,+16.746, +4.497,+0.994
1636229820,+3.44,+16.738, +4.496,+0.994
1636229880,+3.44,+16.746, +4.491,+0.994
1636229940,+3.44,+16.763, +4.480,+0.994
1636230000,+3.44,+16.755, +4.482,+0.994
1636230060,+3.44,+16.738, +4.481,+0.994
1636230120,+3.44,+16.746, +4.471,+0.994
1636230180,+3.44,+16.738, +4.471,+0.994
1636230240,+3.44,+16.729, +4.466,+0.994
1636230300,+3.44,+16.729, +4.467,+0.994
1636230360,+3.44,+16.746, +4.467,+0.994
1636230420,+3.44,+16.721, +4.474,+0.994
1636230480,+3.44,+16.738, +4.462,+0.994
1636230540,+3.44,+16.729, +4.463,+0.994
1636230600,+3.44,+16.763, +4.458,+0.994
1636230660,+3.44,+16.738, +4.462,+0.994
1636230720,+3.44,+16.729, +4.462,+0.994
1636230780,+3.44,+16.746, +4.458,+0.994
1636230840,+3.44,+16.738, +4.458,+0.994
1636230900,+3.44,+16.729, +4.459,+0.994
1636230960,+3.44,+16.738, +4.458,+0.994
1636231020,+3.44,+16.729, +4.459,+0.994
1636231080,+3.43,+16.721, +4.446,+0.994
1636231140,+3.43,+16.721, +4.440,+0.994
1636231200,+3.43,+16.729, +4.442,+0.994
1636231260,+3.44,+16.721, +4.436,+0.994
1636231320,+3.44,+16.738, +4.429,+0.994
1636231380,+3.43,+16.738, +4.420,+0.994
1636231440,+3.44,+16.721, +4.427,+0.994
1636231500,+3.44,+16.746, +4.416,+0.994
1636231560,+3.43,+16.721, +4.413,+0.994
1636231620,+3.43,+16.721, +4.408,+0.994
1636231680,+3.43,+16.721, +4.408,+0.994
1636231740,+3.44,+16.738, +4.401,+0.994
1636231800,+3.43,+16.738, +4.394,+0.994
1636231860,+3.43,+16.729, +4.386,+0.994
1636231920,+3.44,+16.721, +4.381,+0.994
1636231980,+3.44,+16.729, +4.372,+0.993
1636232040,+3.43,+16.721, +4.378,+0.994
1636232100,+3.43,+16.729, +4.379,+0.994
1636232160,+3.43,+16.738, +4.372,+0.994
1636232220,+3.43,+16.721, +4.377,+0.994
1636232280,+3.43,+16.729, +4.381,+0.994
1636232340,+3.44,+16.738, +4.383,+0.994
1636232400,+3.44,+16.738, +4.381,+0.994
1636232460,+3.43,+16.729, +4.387,+0.994
1636232520,+3.44,+16.746, +4.385,+0.994
1636232580,+3.43,+16.721, +4.386,+0.994
1636232640,+3.44,+16.721, +4.399,+0.994
1636232700,+3.44,+16.721, +4.419,+0.994
1636232760,+3.43,+16.721, +4.436,+0.994
1636232820,+3.44,+16.721, +4.440,+0.994
1636232880,+3.44,+16.721, +4.428,+0.994
1636232940,+3.43,+16.729, +4.424,+0.994
1636233000,+3.44,+16.738, +4.430,+0.994
1636233060,+3.44,+16.738, +4.438,+0.994
1636233120,+3.44,+16.721, +4.446,+0.994
1636233180,+3.43,+16.721, +4.444,+0.994
1636233240,+3.44,+16.712, +4.448,+0.994
1636233300,+3.44,+16.704, +4.443,+0.994
1636233360,+3.44,+16.704, +4.442,+0.994
1636233420,+3.44,+16.712, +4.441,+0.994
1636233480,+3.44,+16.704, +4.442,+0.994
1636233540,+3.44,+16.704, +4.441,+0.994
1636233600,+3.43,+16.729, +4.440,+0.994
1636233660,+3.43,+16.721, +4.440,+0.994
1636233720,+3.44,+16.746, +4.437,+0.994
1636233780,+3.43,+16.704, +4.440,+0.993
1636233840,+3.44,+16.721, +4.436,+0.994
1636233900,+3.44,+16.729, +4.429,+0.994
1636233960,+3.43,+16.712, +4.425,+0.994
1636234020,+3.44,+16.738, +4.411,+0.994
1636234080,+3.43,+16.721, +4.403,+0.994
1636234140,+3.44,+16.721, +4.391,+0.994
1636234200,+3.44,+16.704, +4.386,+0.994
1636234260,+3.44,+16.712, +4.383,+0.994
1636234320,+3.44,+16.721, +4.378,+0.994
1636234380,+3.44,+16.712, +4.376,+0.994
1636234440,+3.43,+16.712, +4.377,+0.994
1636234500,+3.44,+16.721, +4.385,+0.994
1636234560,+3.44,+16.712, +4.394,+0.994
1636234620,+3.44,+16.721, +4.398,+0.994
1636234680,+3.44,+16.712, +4.399,+0.994
1636234740,+3.44,+16.721, +4.399,+0.994
1636234800,+3.44,+16.721, +4.394,+0.994
1636234860,+3.44,+16.695, +4.401,+0.994
1636234920,+3.44,+16.729, +4.398,+0.994
1636234980,+3.44,+16.721, +4.403,+0.993
1636235040,+3.44,+16.712, +4.405,+0.994
1636235100,+3.44,+16.712, +4.398,+0.993
1636235160,+3.44,+16.695, +4.412,+0.993
1636235220,+3.44,+16.712, +4.411,+0.993
1636235280,+3.44,+16.695, +4.413,+0.994
1636235340,+3.44,+16.712, +4.412,+0.994
1636235400,+3.44,+16.695, +4.419,+0.993
1636235460,+3.44,+16.687, +4.424,+0.994
1636235520,+3.44,+16.704, +4.423,+0.994
1636235580,+3.44,+16.695, +4.428,+0.994
1636235640,+3.44,+16.704, +4.426,+0.993
1636235700,+3.44,+16.704, +4.432,+0.994
1636235760,+3.43,+16.695, +4.434,+0.994
1636235820,+3.44,+16.695, +4.429,+0.994
1636235880,+3.44,+16.712, +4.423,+0.994
1636235940,+3.44,+16.721, +4.421,+0.994
1636236000,+3.44,+16.695, +4.424,+0.994
1636236060,+3.44,+16.695, +4.421,+0.994
1636236120,+3.43,+16.704, +4.415,+0.994
1636236180,+3.44,+16.704, +4.409,+0.994
1636236240,+3.44,+16.704, +4.386,+0.993
1636236300,+3.44,+16.704, +4.369,+0.993
1636236360,+3.44,+16.712, +4.358,+0.993
1636236420,+3.44,+16.712, +4.359,+0.993
1636236480,+3.43,+16.687, +4.368,+0.994
1636236540,+3.44,+16.721, +4.374,+0.993
1636236600,+3.44,+16.704, +4.390,+0.993
1636236660,+3.44,+16.704, +4.397,+0.994
1636236720,+3.44,+16.712, +4.399,+0.994
1636236780,+3.44,+16.721, +4.395,+0.993
1636236840,+3.44,+16.712, +4.398,+0.993
1636236900,+3.44,+16.695, +4.399,+0.993
1636236960,+3.44,+16.712, +4.398,+0.993
1636237020,+3.44,+16.704, +4.405,+0.994
1636237080,+3.44,+16.704, +4.407,+0.993
1636237140,+3.44,+16.704, +4.410,+0.993
1636237200,+3.44,+16.729, +4.412,+0.993
1636237260,+3.43,+16.687, +4.416,+0.993
1636237320,+3.44,+16.712, +4.412,+0.994
1636237380,+3.44,+16.704, +4.412,+0.993
1636237440,+3.44,+16.704, +4.416,+0.994
1636237500,+3.43,+16.687, +4.420,+0.993
1636237560,+3.44,+16.704, +4.422,+0.993
1636237620,+3.44,+16.704, +4.423,+0.993
1636237680,+3.44,+16.695, +4.431,+0.994
1636237740,+3.44,+16.695, +4.428,+0.993
1636237800,+3.44,+16.704, +4.432,+0.993
1636237860,+3.44,+16.687, +4.440,+0.994
1636237920,+3.44,+16.695, +4.440,+0.993
1636237980,+3.44,+16.695, +4.443,+0.993
1636238040,+3.44,+16.687, +4.442,+0.993
1636238100,+3.44,+16.687, +4.438,+0.993
1636238160,+3.44,+16.704, +4.414,+0.993
1636238220,+3.44,+16.678, +4.401,+0.994
1636238280,+3.44,+16.687, +4.393,+0.993
1636238340,+3.44,+16.670, +4.394,+0.994
1636238400,+3.44,+16.687, +4.391,+0.993
1636238460,+3.44,+16.678, +4.395,+0.993
1636238520,+3.44,+16.678, +4.403,+0.993
1636238580,+3.44,+16.678, +4.410,+0.993
1636238640,+3.44,+16.678, +4.417,+0.993
1636238700,+3.44,+16.678, +4.415,+0.994
1636238760,+3.44,+16.695, +4.403,+0.993
1636238820,+3.44,+16.687, +4.403,+0.994
1636238880,+3.44,+16.687, +4.392,+0.993
1636238940,+3.44,+16.661, +4.396,+0.993
1636239000,+3.44,+16.687, +4.392,+0.993
1636239060,+3.44,+16.687, +4.388,+0.993
1636239120,+3.44,+16.704, +4.380,+0.993
1636239180,+3.44,+16.687, +4.380,+0.993
1636239240,+3.44,+16.695, +4.385,+0.993
1636239300,+3.44,+16.678, +4.390,+0.993
1636239360,+3.44,+16.687, +4.386,+0.993
1636239420,+3.44,+16.687, +4.380,+0.993
1636239480,+3.44,+16.695, +4.376,+0.993
1636239540,+3.44,+16.695, +4.371,+0.993
1636239600,+3.44,+16.687, +4.372,+0.993
1636239660,+3.44,+16.687, +4.367,+0.993
1636239720,+3.44,+16.661, +4.370,+0.993
1636239780,+3.44,+16.687, +4.363,+0.993
1636239840,+3.44,+16.687, +4.366,+0.993
1636239900,+3.44,+16.695, +4.362,+0.993
1636239960,+3.44,+16.695, +4.359,+0.993
1636240020,+3.44,+16.695, +4.354,+0.993
1636240080,+3.44,+16.695, +4.357,+0.993
1636240140,+3.44,+16.695, +4.355,+0.993
1636240200,+3.44,+16.687, +4.355,+0.993
1636240260,+3.44,+16.687, +4.358,+0.994
1636240320,+3.44,+16.687, +4.358,+0.993
1636240380,+3.44,+16.704, +4.354,+0.993
1636240440,+3.44,+16.704, +4.351,+0.993
1636240500,+3.44,+16.687, +4.356,+0.993
1636240560,+3.44,+16.704, +4.349,+0.993
1636240620,+3.44,+16.704, +4.343,+0.993
1636240680,+3.44,+16.704, +4.343,+0.993
1636240740,+3.44,+16.695, +4.345,+0.993
1636240800,+3.44,+16.721, +4.347,+0.993
1636240860,+3.44,+16.712, +4.344,+0.993
1636240920,+3.44,+16.704, +4.340,+0.993
1636240980,+3.44,+16.712, +4.339,+0.993
1636241040,+3.44,+16.704, +4.339,+0.993
1636241100,+3.44,+16.704, +4.335,+0.993
1636241160,+3.44,+16.712, +4.325,+0.993
1636241220,+3.44,+16.721, +4.322,+0.993
1636241280,+3.44,+16.712, +4.318,+0.993
1636241340,+3.44,+16.704, +4.317,+0.993
1636241400,+3.44,+16.704, +4.315,+0.993
1636241460,+3.44,+16.721, +4.310,+0.993
1636241520,+3.44,+16.712, +4.310,+0.993
1636241580,+3.44,+16.721, +4.306,+0.993
1636241640,+3.44,+16.712, +4.305,+0.993
1636241700,+3.44,+16.712, +4.301,+0.993
1636241760,+3.44,+16.721, +4.295,+0.993
1636241820,+3.44,+16.729, +4.295,+0.993
1636241880,+3.44,+16.712, +4.297,+0.993
1636241940,+3.44,+16.704, +4.297,+0.993
1636242000,+3.44,+16.704, +4.302,+0.993
1636242060,+3.44,+16.712, +4.300,+0.993
1636242120,+3.44,+16.704, +4.299,+0.993
1636242180,+3.44,+16.704, +4.301,+0.993
1636242240,+3.44,+16.687, +4.308,+0.993
1636242300,+3.44,+16.712, +4.305,+0.993
1636242360,+3.44,+16.704, +4.307,+0.993
1636242420,+3.44,+16.712, +4.307,+0.993
1636242480,+3.44,+16.704, +4.311,+0.993
1636242540,+3.44,+16.712, +4.312,+0.993
1636242600,+3.44,+16.712, +4.313,+0.993
1636242660,+3.44,+16.695, +4.318,+0.993
1636242720,+3.44,+16.712, +4.316,+0.993
1636242780,+3.44,+16.721, +4.315,+0.993
1636242840,+3.44,+16.704, +4.316,+0.993
1636242900,+3.44,+16.704, +4.314,+0.993
1636242960,+3.44,+16.712, +4.310,+0.993
1636243020,+3.44,+16.687, +4.314,+0.993
1636243080,+3.44,+16.704, +4.307,+0.993
1636243140,+3.44,+16.704, +4.308,+0.993
1636243200,+3.44,+16.704, +4.303,+0.993
1636243260,+3.44,+16.695, +4.305,+0.993
1636243320,+3.44,+16.712, +4.311,+0.993
1636243380,+3.44,+16.704, +4.319,+0.993
1636243440,+3.44,+16.695, +4.323,+0.993
1636243500,+3.44,+16.704, +4.333,+0.993
1636243560,+3.44,+16.721, +4.335,+0.993
1636243620,+3.44,+16.695, +4.342,+0.993
1636243680,+3.44,+16.695, +4.347,+0.993
1636243740,+3.44,+16.704, +4.365,+0.993
1636243800,+3.44,+16.695, +4.389,+0.993
1636243860,+3.44,+16.695, +4.420,+0.993
1636243920,+3.44,+16.695, +4.457,+0.993
1636243980,+3.44,+16.704, +4.468,+0.993
1636244040,+3.44,+16.704, +4.472,+0.993
1636244100,+3.44,+16.687, +4.504,+0.993
1636244160,+3.44,+16.695, +4.540,+0.993
1636244220,+3.44,+16.687, +4.574,+0.993
1636244280,+3.44,+16.695, +4.602,+0.993
1636244340,+3.44,+16.695, +4.626,+0.993
1636244400,+3.44,+16.678, +4.644,+0.993
1636244460,+3.44,+16.695, +4.652,+0.993
1636244520,+3.44,+16.695, +4.656,+0.993
1636244580,+3.44,+16.712, +4.661,+0.993
1636244640,+3.44,+16.687, +4.666,+0.993
1636244700,+3.44,+16.704, +4.664,+0.993
1636244760,+3.44,+16.695, +4.669,+0.993
1636244820,+3.44,+16.695, +4.670,+0.993
1636244880,+3.44,+16.687, +4.671,+0.993
1636244940,+3.44,+16.704, +4.669,+0.993
1636245000,+3.44,+16.704, +4.669,+0.993
1636245060,+3.44,+16.704, +4.672,+0.993
1636245120,+3.44,+16.687, +4.676,+0.993
1636245180,+3.44,+16.712, +4.672,+0.993
1636245240,+3.44,+16.704, +4.664,+0.993
1636245300,+3.44,+16.721, +4.640,+0.993
1636245360,+3.44,+16.712, +4.616,+0.993
1636245420,+3.44,+16.712, +4.611,+0.993
1636245480,+3.44,+16.704, +4.613,+0.993
1636245540,+3.44,+16.704, +4.618,+0.993
1636245600,+3.44,+16.712, +4.627,+0.993
1636245660,+3.44,+16.721, +4.637,+0.993
1636245720,+3.44,+16.721, +4.636,+0.993
1636245780,+3.44,+16.721, +4.626,+0.993
1636245840,+3.44,+16.712, +4.621,+0.993
1636245900,+3.44,+16.721, +4.607,+0.993
1636245960,+3.44,+16.721, +4.596,+0.993
1636246020,+3.44,+16.721, +4.594,+0.993
1636246080,+3.44,+16.712, +4.592,+0.993
1636246140,+3.44,+16.712, +4.589,+0.993
1636246200,+3.44,+16.721, +4.586,+0.993
1636246260,+3.44,+16.721, +4.569,+0.993
1636246320,+3.44,+16.738, +4.507,+0.993
1636246380,+3.44,+16.712, +4.451,+0.993
1636246440,+3.44,+16.712, +4.407,+0.993
1636246500,+3.44,+16.738, +4.378,+0.993
1636246560,+3.44,+16.712, +4.373,+0.993
1636246620,+3.44,+16.729, +4.371,+0.993
1636246680,+3.44,+16.738, +4.382,+0.993
1636246740,+3.44,+16.721, +4.402,+0.993
1636246800,+3.44,+16.721, +4.422,+0.993
1636246860,+3.44,+16.729, +4.432,+0.993
1636246920,+3.44,+16.729, +4.429,+0.993
1636246980,+3.44,+16.721, +4.432,+0.993
1636247040,+3.44,+16.729, +4.430,+0.993
1636247100,+3.44,+16.721, +4.443,+0.993
1636247160,+3.44,+16.729, +4.450,+0.993
1636247220,+3.44,+16.721, +4.451,+0.993
1636247280,+3.44,+16.729, +4.456,+0.993
1636247340,+3.44,+16.712, +4.460,+0.993
1636247400,+3.44,+16.738, +4.462,+0.993
1636247460,+3.44,+16.738, +4.467,+0.993
1636247520,+3.44,+16.729, +4.478,+0.993
1636247580,+3.44,+16.729, +4.482,+0.993
1636247640,+3.44,+16.729, +4.474,+0.993
1636247700,+3.44,+16.729, +4.474,+0.993
1636247760,+3.44,+16.721, +4.459,+0.993
1636247820,+3.44,+16.721, +4.450,+0.993
1636247880,+3.44,+16.738, +4.439,+0.993
1636247940,+3.44,+16.729, +4.434,+0.993
1636248000,+3.44,+16.721, +4.431,+0.993
1636248060,+3.44,+16.721, +4.426,+0.993
1636248120,+3.44,+16.721, +4.440,+0.993
1636248180,+3.44,+16.712, +4.451,+0.993
1636248240,+3.44,+16.729, +4.464,+0.993
1636248300,+3.44,+16.738, +4.471,+0.993
1636248360,+3.44,+16.712, +4.491,+0.993
1636248420,+3.44,+16.738, +4.512,+0.993
1636248480,+3.44,+16.738, +4.532,+0.993
1636248540,+3.44,+16.721, +4.551,+0.993
1636248600,+3.44,+16.738, +4.559,+0.993
1636248660,+3.44,+16.721, +4.578,+0.993
1636248720,+3.44,+16.721, +4.574,+0.993
1636248780,+3.44,+16.738, +4.570,+0.993
1636248840,+3.44,+16.738, +4.564,+0.993
1636248900,+3.44,+16.738, +4.556,+0.993
1636248960,+3.44,+16.738, +4.551,+0.993
1636249020,+3.44,+16.738, +4.544,+0.993
1636249080,+3.44,+16.721, +4.543,+0.993
1636249140,+3.44,+16.738, +4.538,+0.993
1636249200,+3.44,+16.746, +4.533,+0.993
1636249260,+3.44,+16.729, +4.528,+0.993
1636249320,+3.44,+16.712, +4.530,+0.993
1636249380,+3.44,+16.712, +4.533,+0.993
1636249440,+3.44,+16.712, +4.533,+0.993
1636249500,+3.44,+16.712, +4.537,+0.993
1636249560,+3.44,+16.721, +4.539,+0.993
1636249620,+3.44,+16.721, +4.533,+0.993
1636249680,+3.44,+16.712, +4.514,+0.993
1636249740,+3.44,+16.729, +4.503,+0.993
1636249800,+3.44,+16.729, +4.502,+0.993
1636249860,+3.44,+16.738, +4.504,+0.993
1636249920,+3.44,+16.721, +4.513,+0.993
1636249980,+3.44,+16.729, +4.518,+0.993
1636250040,+3.44,+16.729, +4.515,+0.993
1636250100,+3.44,+16.729, +4.487,+0.993
1636250160,+3.44,+16.712, +4.481,+0.993
1636250220,+3.44,+16.721, +4.480,+0.993
1636250280,+3.44,+16.729, +4.486,+0.993
1636250340,+3.44,+16.729, +4.491,+0.993
1636250400,+3.44,+16.746, +4.489,+0.993
1636250460,+3.44,+16.729, +4.496,+0.993
1636250520,+3.44,+16.712, +4.501,+0.993
1636250580,+3.44,+16.704, +4.507,+0.993
1636250640,+3.44,+16.738, +4.503,+0.993
1636250700,+3.44,+16.729, +4.499,+0.993
1636250760,+3.44,+16.721, +4.498,+0.993
1636250820,+3.44,+16.729, +4.493,+0.993
1636250880,+3.44,+16.738, +4.486,+0.993
1636250940,+3.44,+16.721, +4.484,+0.993
1636251000,+3.44,+16.729, +4.481,+0.993
1636251060,+3.44,+16.729, +4.483,+0.993
1636251120,+3.44,+16.729, +4.479,+0.993
1636251180,+3.44,+16.738, +4.477,+0.993
1636251240,+3.44,+16.729, +4.477,+0.993
1636251300,+3.44,+16.729, +4.480,+0.993
1636251360,+3.44,+16.712, +4.480,+0.993
1636251420,+3.44,+16.721, +4.479,+0.993
1636251480,+3.44,+16.721, +4.475,+0.993
1636251540,+3.44,+16.712, +4.476,+0.993
1636251600,+3.44,+16.738, +4.469,+0.993
1636251660,+3.44,+16.721, +4.471,+0.993
1636251720,+3.44,+16.729, +4.465,+0.993
1636251780,+3.44,+16.729, +4.456,+0.993
1636251840,+3.44,+16.729, +4.449,+0.993
1636251900,+3.44,+16.721, +4.448,+0.993
1636251960,+3.44,+16.746, +4.437,+0.993
1636252020,+3.44,+16.738, +4.441,+0.993
1636252080,+3.44,+16.738, +4.444,+0.993
1636252140,+3.44,+16.738, +4.451,+0.993
1636252200,+3.44,+16.738, +4.470,+0.993
1636252260,+3.44,+16.729, +4.497,+0.993
1636252320,+3.44,+16.729, +4.493,+0.993
1636252380,+3.44,+16.738, +4.486,+0.993
1636252440,+3.44,+16.746, +4.483,+0.993
1636252500,+3.44,+16.738, +4.481,+0.993
1636252560,+3.44,+16.721, +4.489,+0.993
1636252620,+3.44,+16.721, +4.497,+0.993
1636252680,+3.44,+16.729, +4.509,+0.993
1636252740,+3.44,+16.704, +4.516,+0.993
1636252800,+3.44,+16.721, +4.509,+0.993
1636252860,+3.44,+16.738, +4.508,+0.993
1636252920,+3.44,+16.729, +4.505,+0.993
1636252980,+3.44,+16.738, +4.501,+0.993
1636253040,+3.44,+16.721, +4.501,+0.993
1636253100,+3.44,+16.738, +4.494,+0.993
1636253160,+3.44,+16.721, +4.500,+0.993
1636253220,+3.44,+16.738, +4.517,+0.993
1636253280,+3.44,+16.738, +4.536,+0.993
1636253340,+3.44,+16.738, +4.547,+0.993
1636253400,+3.44,+16.721, +4.570,+0.993
1636253460,+3.44,+16.729, +4.581,+0.993
1636253520,+3.44,+16.738, +4.580,+0.993
1636253580,+3.44,+16.746, +4.576,+0.993
1636253640,+3.44,+16.746, +4.580,+0.993
1636253700,+3.44,+16.746, +4.580,+0.993
1636253760,+3.44,+16.729, +4.582,+0.993
1636253820,+3.44,+16.738, +4.573,+0.993
1636253880,+3.44,+16.738, +4.563,+0.993
1636253940,+3.44,+16.755, +4.546,+0.992
1636254000,+3.44,+16.746, +4.547,+0.993
1636254060,+3.44,+16.738, +4.548,+0.993
1636254120,+3.44,+16.738, +4.543,+0.993
1636254180,+3.44,+16.738, +4.547,+0.993
1636254240,+3.44,+16.738, +4.551,+0.993
1636254300,+3.44,+16.755, +4.554,+0.993
1636254360,+3.44,+16.738, +4.561,+0.993
1636254420,+3.44,+16.755, +4.561,+0.993
1636254480,+3.44,+16.746, +4.566,+0.993
1636254540,+3.44,+16.729, +4.568,+0.993
1636254600,+3.44,+16.738, +4.564,+0.993
1636254660,+3.44,+16.763, +4.561,+0.993
1636254720,+3.44,+16.738, +4.558,+0.993
1636254780,+3.44,+16.746, +4.550,+0.993
1636254840,+3.44,+16.738, +4.556,+0.993
1636254900,+3.44,+16.738, +4.549,+0.993
1636254960,+3.44,+16.721, +4.550,+0.993
1636255020,+3.44,+16.729, +4.544,+0.993
1636255080,+3.44,+16.738, +4.533,+0.993
1636255140,+3.44,+16.746, +4.528,+0.993
1636255200,+3.44,+16.755, +4.511,+0.993
1636255260,+3.44,+16.738, +4.504,+0.993
1636255320,+3.44,+16.729, +4.501,+0.993
1636255380,+3.44,+16.738, +4.490,+0.993
1636255440,+3.44,+16.746, +4.481,+0.993
1636255500,+3.44,+16.729, +4.482,+0.993
1636255560,+3.44,+16.738, +4.481,+0.993
1636255620,+3.44,+16.729, +4.481,+0.993
1636255680,+3.44,+16.738, +4.481,+0.993
1636255740,+3.44,+16.738, +4.477,+0.993
1636255800,+3.44,+16.755, +4.474,+0.993
1636255860,+3.44,+16.746, +4.482,+0.993
1636255920,+3.44,+16.738, +4.486,+0.993
1636255980,+3.44,+16.738, +4.482,+0.992
1636256040,+3.44,+16.738, +4.473,+0.993
1636256100,+3.44,+16.738, +4.455,+0.993
1636256160,+3.44,+16.763, +4.436,+0.993
1636256220,+3.44,+16.755, +4.434,+0.993
1636256280,+3.44,+16.738, +4.431,+0.993
1636256340,+3.44,+16.729, +4.422,+0.993
1636256400,+3.44,+16.729, +4.408,+0.993
1636256460,+3.44,+16.729, +4.407,+0.993
1636256520,+3.44,+16.738, +4.405,+0.993
1636256580,+3.44,+16.738, +4.410,+0.993
1636256640,+3.44,+16.738, +4.417,+0.993
1636256700,+3.44,+16.746, +4.425,+0.993
1636256760,+3.44,+16.729, +4.435,+0.993
1636256820,+3.44,+16.721, +4.441,+0.993
1636256880,+3.44,+16.746, +4.440,+0.993
1636256940,+3.44,+16.729, +4.443,+0.993
1636257000,+3.44,+16.738, +4.439,+0.993
1636257060,+3.44,+16.738, +4.436,+0.992
1636257120,+3.44,+16.755, +4.438,+0.993
1636257180,+3.44,+16.738, +4.438,+0.993
1636257240,+3.44,+16.712, +4.436,+0.992
1636257300,+3.44,+16.729, +4.430,+0.993
1636257360,+3.44,+16.721, +4.428,+0.993
1636257420,+3.44,+16.721, +4.431,+0.993
1636257480,+3.44,+16.729, +4.434,+0.993
1636257540,+3.44,+16.746, +4.435,+0.993
1636257600,+3.44,+16.721, +4.440,+0.993
1636257660,+3.44,+16.721, +4.431,+0.993
1636257720,+3.44,+16.729, +4.422,+0.993
1636257780,+3.44,+16.721, +4.418,+0.992
1636257840,+3.44,+16.746, +4.415,+0.992
1636257900,+3.44,+16.738, +4.417,+0.992
1636257960,+3.44,+16.738, +4.422,+0.993
1636258020,+3.44,+16.729, +4.426,+0.993
1636258080,+3.44,+16.721, +4.433,+0.993
1636258140,+3.44,+16.712, +4.429,+0.992
1636258200,+3.44,+16.738, +4.429,+0.993
1636258260,+3.44,+16.729, +4.433,+0.993
1636258320,+3.44,+16.738, +4.434,+0.993
1636258380,+3.44,+16.729, +4.438,+0.992
1636258440,+3.44,+16.738, +4.438,+0.993
1636258500,+3.44,+16.729, +4.441,+0.993
1636258560,+3.44,+16.729, +4.443,+0.992
1636258620,+3.44,+16.712, +4.447,+0.993
1636258680,+3.44,+16.738, +4.447,+0.993
1636258740,+3.44,+16.738, +4.448,+0.993
1636258800,+3.44,+16.729, +4.447,+0.993
1636258860,+3.44,+16.738, +4.442,+0.993
1636258920,+3.44,+16.746, +4.435,+0.993
1636258980,+3.44,+16.738, +4.438,+0.993
1636259040,+3.44,+16.738, +4.435,+0.992
1636259100,+3.44,+16.721, +4.439,+0.993
1636259160,+3.44,+16.721, +4.441,+0.993
1636259220,+3.44,+16.738, +4.433,+0.993
1636259280,+3.44,+16.729, +4.428,+0.992
1636259340,+3.44,+16.738, +4.430,+0.992
1636259400,+3.44,+16.746, +4.434,+0.992
1636259460,+3.44,+16.738, +4.441,+0.993
1636259520,+3.44,+16.746, +4.442,+0.992
1636259580,+3.44,+16.729, +4.451,+0.993
1636259640,+3.44,+16.738, +4.454,+0.993
1636259700,+3.44,+16.738, +4.458,+0.993
1636259760,+3.44,+16.729, +4.457,+0.992
1636259820,+3.44,+16.738, +4.457,+0.993
1636259880,+3.44,+16.755, +4.454,+0.992
1636259940,+3.44,+16.729, +4.460,+0.992
1636260000,+3.44,+16.755, +4.460,+0.993
1636260060,+3.44,+16.738, +4.464,+0.993
1636260120,+3.44,+16.746, +4.457,+0.993
1636260180,+3.44,+16.746, +4.451,+0.992
1636260240,+3.44,+16.746, +4.449,+0.993
1636260300,+3.44,+16.763, +4.451,+0.993
1636260360,+3.44,+16.746, +4.446,+0.992
1636260420,+3.44,+16.738, +4.445,+0.993
1636260480,+3.44,+16.746, +4.441,+0.992
1636260540,+3.44,+16.738, +4.444,+0.993
1636260600,+3.44,+16.738, +4.443,+0.993
1636260660,+3.44,+16.746, +4.446,+0.993
1636260720,+3.44,+16.746, +4.447,+0.993
1636260780,+3.44,+16.746, +4.434,+0.992
1636260840,+3.44,+16.738, +4.447,+0.993
1636260900,+3.44,+16.746, +4.436,+0.993
1636260960,+3.44,+16.738, +4.421,+0.992
1636261020,+3.44,+16.729, +4.415,+0.992
1636261080,+3.44,+16.729, +4.411,+0.992
1636261140,+3.44,+16.738, +4.409,+0.992
1636261200,+3.44,+16.729, +4.410,+0.992
1636261260,+3.44,+16.712, +4.400,+0.992
1636261320,+3.44,+16.729, +4.373,+0.992
1636261380,+3.44,+16.721, +4.359,+0.992
1636261440,+3.44,+16.712, +4.348,+0.992
1636261500,+3.44,+16.729, +4.336,+0.993
1636261560,+3.44,+16.712, +4.331,+0.992
1636261620,+3.44,+16.712, +4.327,+0.992
1636261680,+3.44,+16.721, +4.320,+0.992
1636261740,+3.44,+16.712, +4.318,+0.993
1636261800,+3.44,+16.721, +4.311,+0.993
1636261860,+3.44,+16.695, +4.317,+0.992
1636261920,+3.44,+16.704, +4.318,+0.993
1636261980,+3.44,+16.712, +4.320,+0.992
1636262040,+3.44,+16.712, +4.318,+0.992
1636262100,+3.44,+16.712, +4.320,+0.992
1636262160,+3.44,+16.704, +4.322,+0.992
1636262220,+3.44,+16.729, +4.318,+0.992
1636262280,+3.44,+16.721, +4.322,+0.992
1636262340,+3.44,+16.729, +4.323,+0.993
1636262400,+3.44,+16.738, +4.325,+0.992
1636262460,+3.44,+16.721, +4.336,+0.993
1636262520,+3.44,+16.729, +4.337,+0.992
1636262580,+3.44,+16.729, +4.346,+0.993
1636262640,+3.44,+16.738, +4.345,+0.992
1636262700,+3.44,+16.712, +4.355,+0.992
1636262760,+3.44,+16.712, +4.357,+0.992
1636262820,+3.44,+16.729, +4.360,+0.992
1636262880,+3.44,+16.729, +4.364,+0.993
1636262940,+3.44,+16.746, +4.367,+0.993
1636263000,+3.44,+16.738, +4.366,+0.992
1636263060,+3.44,+16.738, +4.370,+0.992
1636263120,+3.44,+16.721, +4.372,+0.992
1636263180,+3.44,+16.729, +4.376,+0.993
1636263240,+3.44,+16.729, +4.375,+0.992
1636263300,+3.44,+16.721, +4.380,+0.992
1636263360,+3.44,+16.738, +4.380,+0.992
1636263420,+3.44,+16.729, +4.379,+0.992
1636263480,+3.44,+16.738, +4.379,+0.992
1636263540,+3.44,+16.746, +4.377,+0.992
1636263600,+3.44,+16.746, +4.378,+0.993
1636263660,+3.44,+16.755, +4.373,+0.992
1636263720,+3.44,+16.738, +4.372,+0.992
1636263780,+3.44,+16.738, +4.371,+0.993
1636263840,+3.44,+16.755, +4.366,+0.993
1636263900,+3.44,+16.738, +4.367,+0.992
1636263960,+3.44,+16.729, +4.365,+0.992
1636264020,+3.44,+16.729, +4.368,+0.992
1636264080,+3.44,+16.746, +4.367,+0.993
1636264140,+3.44,+16.746, +4.366,+0.992
1636264200,+3.44,+16.738, +4.368,+0.992
1636264260,+3.44,+16.746, +4.365,+0.992
1636264320,+3.44,+16.738, +4.370,+0.992
1636264380,+3.44,+16.763, +4.370,+0.992
1636264440,+3.44,+16.746, +4.375,+0.992
1636264500,+3.44,+16.738, +4.379,+0.992
1636264560,+3.44,+16.755, +4.378,+0.992
1636264620,+3.44,+16.738, +4.383,+0.992
1636264680,+3.44,+16.729, +4.381,+0.992
1636264740,+3.44,+16.738, +4.378,+0.992
1636264800,+3.44,+16.738, +4.376,+0.992
1636264860,+3.44,+16.721, +4.375,+0.993
1636264920,+3.44,+16.721, +4.363,+0.992
1636264980,+3.44,+16.721, +4.357,+0.992
1636265040,+3.44,+16.721, +4.344,+0.992
1636265100,+3.44,+16.721, +4.334,+0.992
1636265160,+3.44,+16.712, +4.318,+0.992
1636265220,+3.44,+16.729, +4.313,+0.992
1636265280,+3.44,+16.704, +4.321,+0.992
1636265340,+3.44,+16.721, +4.323,+0.992
1636265400,+3.44,+16.704, +4.331,+0.992
1636265460,+3.44,+16.721, +4.335,+0.992
1636265520,+3.44,+16.712, +4.344,+0.992
1636265580,+3.44,+16.721, +4.350,+0.993
1636265640,+3.44,+16.721, +4.343,+0.992
1636265700,+3.44,+16.704, +4.336,+0.992
1636265760,+3.44,+16.729, +4.323,+0.992
1636265820,+3.44,+16.712, +4.315,+0.992
1636265880,+3.44,+16.712, +4.308,+0.992
1636265940,+3.44,+16.704, +4.305,+0.992
1636266000,+3.44,+16.687, +4.304,+0.992
1636266060,+3.44,+16.704, +4.295,+0.992
1636266120,+3.44,+16.704, +4.290,+0.992
1636266180,+3.44,+16.695, +4.286,+0.992
1636266240,+3.44,+16.695, +4.284,+0.993
1636266300,+3.44,+16.712, +4.276,+0.992
1636266360,+3.44,+16.704, +4.273,+0.992
1636266420,+3.44,+16.695, +4.273,+0.992
1636266480,+3.44,+16.712, +4.267,+0.992
1636266540,+3.44,+16.721, +4.263,+0.992
1636266600,+3.44,+16.712, +4.261,+0.992
1636266660,+3.44,+16.704, +4.261,+0.992
1636266720,+3.44,+16.721, +4.263,+0.992
1636266780,+3.44,+16.704, +4.270,+0.992
1636266840,+3.44,+16.704, +4.267,+0.992
1636266900,+3.44,+16.721, +4.262,+0.992
1636266960,+3.44,+16.712, +4.267,+0.992
1636267020,+3.44,+16.729, +4.266,+0.992
1636267080,+3.44,+16.721, +4.268,+0.992
1636267140,+3.44,+16.721, +4.269,+0.992
1636267200,+3.44,+16.729, +4.269,+0.992
1636267260,+3.44,+16.729, +4.268,+0.992
1636267320,+3.44,+16.729, +4.271,+0.992
1636267380,+3.44,+16.729, +4.274,+0.992
1636267440,+3.44,+16.746, +4.278,+0.992
1636267500,+3.44,+16.738, +4.282,+0.992
1636267560,+3.44,+16.746, +4.283,+0.992
1636267620,+3.44,+16.738, +4.289,+0.992
1636267680,+3.44,+16.738, +4.291,+0.992
1636267740,+3.44,+16.738, +4.292,+0.992
1636267800,+3.44,+16.738, +4.298,+0.992
1636267860,+3.44,+16.746, +4.296,+0.992
1636267920,+3.44,+16.729, +4.301,+0.992
1636267980,+3.44,+16.746, +4.300,+0.992
1636268040,+3.44,+16.746, +4.304,+0.992
1636268100,+3.44,+16.738, +4.303,+0.992
1636268160,+3.44,+16.738, +4.306,+0.992
1636268220,+3.44,+16.746, +4.299,+0.992
1636268280,+3.44,+16.755, +4.298,+0.992
1636268340,+3.44,+16.746, +4.291,+0.993
1636268400,+3.44,+16.729, +4.280,+0.992
1636268460,+3.44,+16.738, +4.268,+0.992
1636268520,+3.44,+16.746, +4.260,+0.992
1636268580,+3.44,+16.755, +4.245,+0.992
1636268640,+3.44,+16.746, +4.235,+0.992
1636268700,+3.44,+16.738, +4.228,+0.992
1636268760,+3.44,+16.755, +4.224,+0.992
1636268820,+3.44,+16.746, +4.222,+0.992
1636268880,+3.44,+16.738, +4.228,+0.992
1636268940,+3.44,+16.755, +4.235,+0.992
1636269000,+3.44,+16.746, +4.248,+0.992
1636269060,+3.44,+16.755, +4.243,+0.992
1636269120,+3.44,+16.746, +4.232,+0.992
1636269180,+3.44,+16.755, +4.222,+0.992
1636269240,+3.44,+16.746, +4.210,+0.992
1636269300,+3.44,+16.755, +4.194,+0.992
1636269360,+3.44,+16.746, +4.178,+0.992
1636269420,+3.44,+16.746, +4.177,+0.992
1636269480,+3.44,+16.746, +4.192,+0.992
1636269540,+3.44,+16.729, +4.207,+0.992
1636269600,+3.44,+16.746, +4.194,+0.992
1636269660,+3.44,+16.746, +4.163,+0.992
1636269720,+3.44,+16.746, +4.137,+0.992
1636269780,+3.44,+16.746, +4.119,+0.992
1636269840,+3.44,+16.763, +4.105,+0.992
1636269900,+3.44,+16.755, +4.101,+0.992
1636269960,+3.44,+16.738, +4.105,+0.993
1636270020,+3.44,+16.738, +4.111,+0.992
1636270080,+3.44,+16.746, +4.123,+0.992
1636270140,+3.44,+16.738, +4.141,+0.992
1636270200,+3.44,+16.729, +4.152,+0.992
1636270260,+3.44,+16.746, +4.156,+0.992
1636270320,+3.44,+16.763, +4.161,+0.992
1636270380,+3.44,+16.746, +4.166,+0.992
1636270440,+3.44,+16.738, +4.171,+0.992
1636270500,+3.44,+16.746, +4.173,+0.992
1636270560,+3.44,+16.738, +4.180,+0.992
1636270620,+3.44,+16.729, +4.181,+0.992
1636270680,+3.44,+16.721, +4.186,+0.992
1636270740,+3.44,+16.738, +4.189,+0.992
1636270800,+3.44,+16.729, +4.194,+0.992
1636270860,+3.44,+16.721, +4.199,+0.992
1636270920,+3.44,+16.729, +4.204,+0.992
1636270980,+3.44,+16.721, +4.212,+0.992
1636271040,+3.44,+16.712, +4.214,+0.992
1636271100,+3.44,+16.712, +4.212,+0.992
1636271160,+3.44,+16.712, +4.213,+0.992
1636271220,+3.44,+16.712, +4.216,+0.992
1636271280,+3.44,+16.721, +4.216,+0.992
1636271340,+3.44,+16.704, +4.219,+0.992
1636271400,+3.44,+16.712, +4.217,+0.992
1636271460,+3.44,+16.738, +4.218,+0.992
1636271520,+3.44,+16.721, +4.222,+0.992
1636271580,+3.44,+16.704, +4.226,+0.992
1636271640,+3.44,+16.712, +4.225,+0.992
1636271700,+3.44,+16.712, +4.229,+0.992
1636271760,+3.44,+16.712, +4.227,+0.992
1636271820,+3.44,+16.721, +4.226,+0.992
1636271880,+3.44,+16.704, +4.225,+0.992
1636271940,+3.44,+16.704, +4.229,+0.992
1636272000,+3.44,+16.712, +4.222,+0.992
1636272060,+3.44,+16.712, +4.225,+0.992
1636272120,+3.44,+16.712, +4.224,+0.992
1636272180,+3.44,+16.712, +4.222,+0.992
1636272240,+3.44,+16.712, +4.223,+0.992
1636272300,+3.44,+16.687, +4.227,+0.992
1636272360,+3.44,+16.704, +4.225,+0.992
1636272420,+3.44,+16.712, +4.222,+0.992
1636272480,+3.44,+16.721, +4.216,+0.992
1636272540,+3.44,+16.704, +4.213,+0.992
1636272600,+3.44,+16.712, +4.215,+0.992
1636272660,+3.44,+16.712, +4.215,+0.992
1636272720,+3.44,+16.729, +4.215,+0.992
1636272780,+3.44,+16.712, +4.217,+0.992
1636272840,+3.44,+16.712, +4.225,+0.992
1636272900,+3.44,+16.729, +4.225,+0.992
1636272960,+3.44,+16.712, +4.231,+0.992
1636273020,+3.44,+16.712, +4.228,+0.992
1636273080,+3.44,+16.738, +4.223,+0.992
1636273140,+3.44,+16.746, +4.215,+0.992
1636273200,+3.44,+16.738, +4.212,+0.992
1636273260,+3.44,+16.729, +4.209,+0.992
1636273320,+3.44,+16.729, +4.206,+0.992
1636273380,+3.44,+16.755, +4.201,+0.992
1636273440,+3.44,+16.746, +4.202,+0.992
1636273500,+3.44,+16.746, +4.205,+0.992
1636273560,+3.44,+16.746, +4.209,+0.992
1636273620,+3.44,+16.755, +4.217,+0.992
1636273680,+3.44,+16.738, +4.224,+0.992
1636273740,+3.44,+16.746, +4.231,+0.993
1636273800,+3.44,+16.746, +4.234,+0.992
1636273860,+3.44,+16.729, +4.234,+0.992
1636273920,+3.44,+16.746, +4.218,+0.992
1636273980,+3.44,+16.763, +4.213,+0.992
1636274040,+3.44,+16.738, +4.212,+0.992
1636274100,+3.44,+16.763, +4.205,+0.992
1636274160,+3.44,+16.746, +4.205,+0.992
1636274220,+3.44,+16.755, +4.198,+0.992
1636274280,+3.44,+16.746, +4.194,+0.992
1636274340,+3.44,+16.763, +4.189,+0.992
1636274400,+3.44,+16.755, +4.184,+0.992
1636274460,+3.44,+16.763, +4.176,+0.992
1636274520,+3.44,+16.746, +4.172,+0.992
1636274580,+3.44,+16.763, +4.164,+0.992
1636274640,+3.44,+16.772, +4.161,+0.992
1636274700,+3.44,+16.780, +4.156,+0.992
1636274760,+3.44,+16.746, +4.157,+0.992
1636274820,+3.44,+16.755, +4.158,+0.992
1636274880,+3.44,+16.763, +4.154,+0.992
1636274940,+3.44,+16.755, +4.153,+0.992
1636275000,+3.44,+16.755, +4.155,+0.992
1636275060,+3.44,+16.763, +4.156,+0.992
1636275120,+3.44,+16.755, +4.164,+0.992
1636275180,+3.44,+16.755, +4.168,+0.992
1636275240,+3.44,+16.738, +4.176,+0.992
1636275300,+3.44,+16.738, +4.172,+0.992
1636275360,+3.44,+16.729, +4.176,+0.992
1636275420,+3.44,+16.738, +4.181,+0.992
1636275480,+3.44,+16.738, +4.178,+0.992
1636275540,+3.44,+16.729, +4.181,+0.992
1636275600,+3.44,+16.738, +4.154,+0.992
1636275660,+3.44,+16.704, +4.129,+0.992
1636275720,+3.44,+16.712, +4.112,+0.992
1636275780,+3.44,+16.712, +4.092,+0.992
1636275840,+3.44,+16.695, +4.080,+0.992
1636275900,+3.44,+16.687, +4.085,+0.992
1636275960,+3.44,+16.704, +4.064,+0.992
1636276020,+3.44,+16.687, +4.004,+0.992
1636276080,+3.44,+16.695, +3.957,+0.992
1636276140,+3.44,+16.695, +3.939,+0.992
1636276200,+3.44,+16.695, +3.944,+0.992
1636276260,+3.44,+16.695, +3.944,+0.992
1636276320,+3.44,+16.670, +3.986,+0.992
1636276380,+3.44,+16.670, +4.024,+0.992
1636276440,+3.44,+16.678, +4.050,+0.992
1636276500,+3.44,+16.687, +4.062,+0.992
1636276560,+3.44,+16.678, +4.062,+0.992
1636276620,+3.44,+16.653, +4.052,+0.992
1636276680,+3.44,+16.661, +4.034,+0.992
1636276740,+3.44,+16.678, +4.025,+0.992
1636276800,+3.44,+16.678, +4.032,+0.992
1636276860,+3.44,+16.678, +4.030,+0.992
1636276920,+3.44,+16.687, +4.028,+0.992
1636276980,+3.44,+16.670, +4.023,+0.992
1636277040,+3.44,+16.695, +4.008,+0.992
1636277100,+3.44,+16.678, +4.020,+0.992
1636277160,+3.44,+16.670, +4.018,+0.992
1636277220,+3.44,+16.687, +4.011,+0.992
1636277280,+3.44,+16.687, +4.017,+0.992
1636277340,+3.44,+16.695, +4.021,+0.992
1636277400,+3.44,+16.678, +4.030,+0.992
1636277460,+3.44,+16.678, +4.031,+0.992
1636277520,+3.44,+16.678, +4.030,+0.992
1636277580,+3.44,+16.678, +4.026,+0.992
1636277640,+3.44,+16.695, +4.021,+0.992
1636277700,+3.44,+16.678, +4.026,+0.992
1636277760,+3.44,+16.704, +4.023,+0.992
1636277820,+3.44,+16.687, +4.028,+0.992
1636277880,+3.44,+16.695, +4.031,+0.992
1636277940,+3.44,+16.687, +4.032,+0.992
1636278000,+3.44,+16.704, +4.029,+0.992
1636278060,+3.44,+16.704, +4.030,+0.992
1636278120,+3.44,+16.729, +4.032,+0.992
1636278180,+3.44,+16.729, +4.032,+0.992
1636278240,+3.44,+16.729, +4.041,+0.992
1636278300,+3.44,+16.721, +4.036,+0.992
1636278360,+3.44,+16.721, +4.037,+0.992
1636278420,+3.44,+16.729, +4.039,+0.992
1636278480,+3.44,+16.746, +4.047,+0.992
1636278540,+3.44,+16.763, +4.054,+0.992
1636278600,+3.44,+16.738, +4.073,+0.992
1636278660,+3.44,+16.746, +4.084,+0.992
1636278720,+3.44,+16.763, +4.088,+0.992
1636278780,+3.44,+16.755, +4.098,+0.992
1636278840,+3.44,+16.746, +4.106,+0.992
1636278900,+3.44,+16.738, +4.113,+0.992
1636278960,+3.44,+16.755, +4.114,+0.992
1636279020,+3.44,+16.763, +4.103,+0.992
1636279080,+3.44,+16.746, +4.104,+0.992
1636279140,+3.44,+16.746, +4.106,+0.992
1636279200,+3.44,+16.738, +4.105,+0.992
1636279260,+3.44,+16.746, +4.106,+0.992
1636279320,+3.44,+16.755, +4.105,+0.992
1636279380,+3.44,+16.755, +4.114,+0.992
1636279440,+3.44,+16.746, +4.118,+0.992
1636279500,+3.44,+16.755, +4.122,+0.992
1636279560,+3.44,+16.755, +4.122,+0.992
1636279620,+3.44,+16.755, +4.119,+0.992
1636279680,+3.44,+16.755, +4.118,+0.992
1636279740,+3.44,+16.763, +4.117,+0.992
1636279800,+3.44,+16.755, +4.120,+0.992
1636279860,+3.44,+16.763, +4.119,+0.992
1636279920,+3.44,+16.772, +4.121,+0.992
1636279980,+3.44,+16.763, +4.126,+0.992
1636280040,+3.44,+16.755, +4.133,+0.992
1636280100,+3.44,+16.755, +4.131,+0.992
1636280160,+3.44,+16.763, +4.135,+0.992
1636280220,+3.44,+16.755, +4.131,+0.992
1636280280,+3.44,+16.772, +4.122,+0.992
1636280340,+3.44,+16.780, +4.126,+0.992
1636280400,+3.44,+16.780, +4.125,+0.992
1636280460,+3.44,+16.772, +4.122,+0.992
1636280520,+3.44,+16.746, +4.083,+0.992
1636280580,+3.44,+16.763, +4.031,+0.992
1636280640,+3.44,+16.738, +3.999,+0.992
1636280700,+3.44,+16.763, +3.956,+0.992
1636280760,+3.44,+16.746, +3.937,+0.992
1636280820,+3.44,+16.755, +3.928,+0.992
1636280880,+3.44,+16.729, +3.925,+0.992
1636280940,+3.44,+16.729, +3.906,+0.992
1636281000,+3.44,+16.729, +3.880,+0.992
1636281060,+3.44,+16.721, +3.892,+0.992
1636281120,+3.44,+16.721, +3.911,+0.992
1636281180,+3.44,+16.721, +3.917,+0.992
1636281240,+3.44,+16.704, +3.942,+0.992
1636281300,+3.44,+16.695, +3.937,+0.992
1636281360,+3.44,+16.712, +3.928,+0.991
1636281420,+3.44,+16.695, +3.914,+0.992
1636281480,+3.44,+16.704, +3.939,+0.992
1636281540,+3.44,+16.712, +3.944,+0.992
1636281600,+3.44,+16.704, +3.940,+0.992
1636281660,+3.44,+16.687, +3.930,+0.992
1636281720,+3.44,+16.695, +3.930,+0.992
1636281780,+3.44,+16.678, +3.934,+0.992
1636281840,+3.44,+16.678, +3.944,+0.992
1636281900,+3.44,+16.678, +3.954,+0.992
1636281960,+3.44,+16.678, +3.953,+0.992
1636282020,+3.44,+16.695, +3.957,+0.992
1636282080,+3.44,+16.670, +3.961,+0.992
1636282140,+3.44,+16.678, +3.959,+0.992
1636282200,+3.44,+16.695, +3.975,+0.992
1636282260,+3.44,+16.678, +3.981,+0.992
1636282320,+3.44,+16.678, +4.002,+0.992
1636282380,+3.44,+16.661, +4.008,+0.992
1636282440,+3.44,+16.704, +3.998,+0.992
1636282500,+3.44,+16.695, +4.003,+0.992
1636282560,+3.44,+16.687, +4.025,+0.992
1636282620,+3.44,+16.687, +4.048,+0.992
1636282680,+3.44,+16.687, +4.061,+0.992
1636282740,+3.44,+16.704, +4.058,+0.992
1636282800,+3.44,+16.687, +4.062,+0.992
1636282860,+3.44,+16.687, +4.062,+0.992
1636282920,+3.44,+16.695, +4.060,+0.992
1636282980,+3.44,+16.670, +4.064,+0.992
1636283040,+3.44,+16.695, +4.061,+0.992
1636283100,+3.44,+16.687, +4.064,+0.992
1636283160,+3.44,+16.678, +4.062,+0.992
1636283220,+3.44,+16.678, +4.060,+0.992
1636283280,+3.44,+16.687, +4.060,+0.992
1636283340,+3.44,+16.695, +4.059,+0.992
1636283400,+3.44,+16.678, +4.056,+0.992
1636283460,+3.44,+16.687, +4.053,+0.992
1636283520,+3.44,+16.695, +4.051,+0.992
1636283580,+3.44,+16.687, +4.053,+0.992
1636283640,+3.44,+16.687, +4.050,+0.992
1636283700,+3.44,+16.695, +4.051,+0.992
1636283760,+3.44,+16.695, +4.051,+0.992
1636283820,+3.44,+16.687, +4.054,+0.992
1636283880,+3.44,+16.687, +4.057,+0.992
1636283940,+3.44,+16.678, +4.058,+0.992
1636284000,+3.44,+16.695, +4.055,+0.992
1636284060,+3.44,+16.704, +4.054,+0.992
1636284120,+3.44,+16.687, +4.053,+0.992
1636284180,+3.44,+16.704, +4.042,+0.992
1636284240,+3.44,+16.695, +4.045,+0.992
1636284300,+3.44,+16.695, +4.039,+0.992
1636284360,+3.44,+16.695, +4.041,+0.992
1636284420,+3.44,+16.704, +4.037,+0.992
1636284480,+3.44,+16.687, +4.042,+0.992
1636284540,+3.44,+16.695, +4.049,+0.992
1636284600,+3.44,+16.704, +4.045,+0.992
1636284660,+3.44,+16.695, +4.056,+0.992
1636284720,+3.44,+16.704, +4.063,+0.992
1636284780,+3.44,+16.695, +4.066,+0.992
1636284840,+3.44,+16.704, +4.067,+0.992
1636284900,+3.44,+16.687, +4.065,+0.992
1636284960,+3.44,+16.695, +4.063,+0.992
1636285020,+3.44,+16.687, +4.058,+0.992
1636285080,+3.44,+16.695, +4.062,+0.992
1636285140,+3.44,+16.687, +4.080,+0.992
1636285200,+3.44,+16.687, +4.096,+0.992
1636285260,+3.44,+16.704, +4.101,+0.992
1636285320,+3.44,+16.695, +4.104,+0.992
1636285380,+3.44,+16.687, +4.104,+0.992
1636285440,+3.44,+16.687, +4.111,+0.992
1636285500,+3.44,+16.678, +4.111,+0.992
1636285560,+3.44,+16.695, +4.106,+0.992
1636285620,+3.44,+16.687, +4.114,+0.992
1636285680,+3.44,+16.695, +4.116,+0.992
1636285740,+3.44,+16.687, +4.114,+0.992
1636285800,+3.44,+16.695, +4.112,+0.992
1636285860,+3.44,+16.687, +4.112,+0.992
1636285920,+3.44,+16.687, +4.110,+0.992
1636285980,+3.44,+16.695, +4.109,+0.992
1636286040,+3.44,+16.678, +4.109,+0.992
1636286100,+3.44,+16.678, +4.106,+0.992
1636286160,+3.44,+16.704, +4.097,+0.992
1636286220,+3.44,+16.695, +4.111,+0.992
1636286280,+3.44,+16.695, +4.113,+0.992
1636286340,+3.44,+16.678, +4.110,+0.992
1636286400,+3.44,+16.687, +4.101,+0.992
1636286460,+3.44,+16.670, +4.098,+0.992
1636286520,+3.44,+16.704, +4.083,+0.992
1636286580,+3.44,+16.687, +4.085,+0.992
1636286640,+3.44,+16.678, +4.087,+0.992
1636286700,+3.44,+16.687, +4.081,+0.992
1636286760,+3.44,+16.670, +4.083,+0.992
1636286820,+3.44,+16.678, +4.078,+0.992
1636286880,+3.44,+16.670, +4.079,+0.992
1636286940,+3.44,+16.678, +4.088,+0.992
1636287000,+3.44,+16.661, +4.096,+0.992
1636287060,+3.44,+16.661, +4.107,+0.992
1636287120,+3.44,+16.678, +4.108,+0.992
1636287180,+3.44,+16.687, +4.107,+0.992
1636287240,+3.44,+16.661, +4.109,+0.992
1636287300,+3.44,+16.695, +4.100,+0.992
1636287360,+3.44,+16.670, +4.101,+0.992
1636287420,+3.44,+16.678, +4.095,+0.992
1636287480,+3.44,+16.661, +4.093,+0.992
1636287540,+3.44,+16.670, +4.094,+0.992
1636287600,+3.44,+16.712, +4.081,+0.992
1636287660,+3.44,+16.695, +4.086,+0.992
1636287720,+3.44,+16.687, +4.088,+0.992
1636287780,+3.44,+16.678, +4.102,+0.992
1636287840,+3.44,+16.687, +4.108,+0.992
1636287900,+3.44,+16.687, +4.116,+0.992
1636287960,+3.44,+16.678, +4.102,+0.992
1636288020,+3.44,+16.678, +4.089,+0.992
1636288080,+3.44,+16.661, +4.068,+0.992
1636288140,+3.44,+16.687, +4.051,+0.992
1636288200,+3.44,+16.687, +4.062,+0.992
1636288260,+3.44,+16.687, +4.049,+0.992
1636288320,+3.44,+16.687, +4.040,+0.992
1636288380,+3.44,+16.678, +4.036,+0.992
1636288440,+3.44,+16.670, +4.041,+0.992
1636288500,+3.44,+16.670, +4.033,+0.992
1636288560,+3.44,+16.678, +4.028,+0.992
1636288620,+3.44,+16.670, +4.029,+0.992
1636288680,+3.44,+16.670, +4.033,+0.992
1636288740,+3.44,+16.670, +4.029,+0.992
1636288800,+3.44,+16.678, +4.020,+0.992
1636288860,+3.44,+16.661, +3.998,+0.992
1636288920,+3.44,+16.678, +3.963,+0.992
1636288980,+3.44,+16.687, +3.931,+0.992
1636289040,+3.44,+16.687, +3.914,+0.992
1636289100,+3.44,+16.687, +3.929,+0.992
1636289160,+3.44,+16.687, +3.951,+0.992
1636289220,+3.44,+16.670, +3.954,+0.992
1636289280,+3.44,+16.670, +3.930,+0.992
1636289340,+3.44,+16.670, +3.894,+0.992
1636289400,+3.44,+16.678, +3.865,+0.992
1636289460,+3.44,+16.678, +3.845,+0.992
1636289520,+3.44,+16.670, +3.836,+0.992
1636289580,+3.44,+16.661, +3.844,+0.992
1636289640,+3.44,+16.670, +3.850,+0.991
1636289700,+3.44,+16.670, +3.878,+0.991
1636289760,+3.44,+16.670, +3.899,+0.992
1636289820,+3.44,+16.661, +3.916,+0.992
1636289880,+3.44,+16.670, +3.910,+0.992
1636289940,+3.44,+16.678, +3.885,+0.991
1636290000,+3.44,+16.653, +3.880,+0.992
1636290060,+3.44,+16.670, +3.872,+0.992
1636290120,+3.44,+16.653, +3.874,+0.992
1636290180,+3.44,+16.678, +3.858,+0.992
1636290240,+3.44,+16.678, +3.845,+0.992
1636290300,+3.44,+16.670, +3.907,+0.992
1636290360,+3.44,+16.670, +3.935,+0.992
1636290420,+3.44,+16.678, +3.946,+0.992
1636290480,+3.44,+16.661, +3.961,+0.992
1636290540,+3.44,+16.661, +3.972,+0.992
1636290600,+3.44,+16.661, +3.979,+0.992
1636290660,+3.44,+16.670, +3.985,+0.992
1636290720,+3.44,+16.678, +3.992,+0.992
1636290780,+3.44,+16.678, +3.991,+0.992
1636290840,+3.44,+16.678, +3.991,+0.992
1636290900,+3.44,+16.670, +3.986,+0.992
1636290960,+3.44,+16.653, +3.974,+0.992
1636291020,+3.44,+16.661, +3.956,+0.992
1636291080,+3.44,+16.670, +3.945,+0.992
1636291140,+3.44,+16.661, +3.937,+0.992
1636291200,+3.44,+16.670, +3.928,+0.992
1636291260,+3.44,+16.670, +3.921,+0.992
1636291320,+3.44,+16.653, +3.917,+0.992
1636291380,+3.44,+16.678, +3.908,+0.992
1636291440,+3.44,+16.670, +3.909,+0.992
1636291500,+3.44,+16.661, +3.911,+0.992
1636291560,+3.44,+16.687, +3.928,+0.992
1636291620,+3.44,+16.670, +3.938,+0.992
1636291680,+3.44,+16.670, +3.942,+0.992
1636291740,+3.44,+16.687, +3.941,+0.992
1636291800,+3.44,+16.678, +3.945,+0.992
1636291860,+3.44,+16.687, +4.050,+0.992
1636291920,+3.44,+16.678, +4.111,+0.992
1636291980,+3.44,+16.712, +4.156,+0.992
1636292040,+3.44,+16.687, +4.223,+0.992
1636292100,+3.44,+16.695, +4.278,+0.992
1636292160,+3.44,+16.712, +4.322,+0.992
1636292220,+3.44,+16.712, +4.354,+0.992
1636292280,+3.44,+16.695, +4.383,+0.992
1636292340,+3.44,+16.695, +4.397,+0.992
1636292400,+3.44,+16.687, +4.367,+0.992
1636292460,+3.44,+16.687, +4.341,+0.992
1636292520,+3.44,+16.678, +4.314,+0.992
1636292580,+3.44,+16.687, +4.291,+0.992
1636292640,+3.44,+16.695, +4.289,+0.992
1636292700,+3.44,+16.687, +4.288,+0.992
1636292760,+3.44,+16.695, +4.293,+0.992
1636292820,+3.44,+16.695, +4.291,+0.992
1636292880,+3.44,+16.712, +4.282,+0.992
1636292940,+3.44,+16.687, +4.285,+0.992
1636293000,+3.44,+16.704, +4.277,+0.992
1636293060,+3.44,+16.704, +4.266,+0.992
1636293120,+3.44,+16.687, +4.244,+0.992
1636293180,+3.44,+16.695, +4.229,+0.992
1636293240,+3.44,+16.695, +4.216,+0.992
1636293300,+3.44,+16.704, +4.203,+0.992
1636293360,+3.44,+16.687, +4.192,+0.992
1636293420,+3.44,+16.695, +4.179,+0.992
1636293480,+3.44,+16.712, +4.163,+0.992
1636293540,+3.44,+16.712, +4.153,+0.992
1636293600,+3.44,+16.687, +4.151,+0.992
1636293660,+3.44,+16.695, +4.153,+0.992
1636293720,+3.44,+16.704, +4.168,+0.992
1636293780,+3.44,+16.695, +4.186,+0.992
1636293840,+3.44,+16.704, +4.207,+0.992
1636293900,+3.44,+16.712, +4.235,+0.992
1636293960,+3.44,+16.721, +4.277,+0.992
1636294020,+3.44,+16.712, +4.334,+0.992
1636294080,+3.44,+16.712, +4.500,+0.992
1636294140,+3.44,+16.695, +4.562,+0.992
1636294200,+3.44,+16.712, +4.604,+0.992
1636294260,+3.44,+16.687, +4.650,+0.992
1636294320,+3.44,+16.712, +4.670,+0.992
1636294380,+3.44,+16.712, +4.686,+0.992
1636294440,+3.44,+16.704, +4.694,+0.992
1636294500,+3.44,+16.695, +4.681,+0.992
1636294560,+3.44,+16.695, +4.548,+0.992
1636294620,+3.44,+16.687, +4.332,+0.992
1636294680,+3.44,+16.678, +4.174,+0.992
1636294740,+3.44,+16.678, +4.086,+0.992
1636294800,+3.44,+16.670, +3.983,+0.992
1636294860,+3.44,+16.678, +3.926,+0.992
1636294920,+3.44,+16.661, +3.913,+0.992
1636294980,+3.44,+16.661, +3.880,+0.992
1636295040,+3.44,+16.653, +3.856,+0.992
1636295100,+3.44,+16.670, +3.813,+0.992
1636295160,+3.44,+16.661, +3.796,+0.992
1636295220,+3.44,+16.678, +3.791,+0.991
1636295280,+3.44,+16.644, +3.788,+0.992
1636295340,+3.44,+16.653, +3.760,+0.992
1636295400,+3.44,+16.653, +3.709,+0.992
1636295460,+3.44,+16.653, +3.664,+0.991
1636295520,+3.44,+16.670, +3.636,+0.991
1636295580,+3.44,+16.661, +3.627,+0.991
1636295640,+3.44,+16.670, +3.618,+0.991
1636295700,+3.44,+16.670, +3.605,+0.991
1636295760,+3.44,+16.670, +3.603,+0.991
1636295820,+3.44,+16.670, +3.588,+0.991
1636295880,+3.44,+16.670, +3.553,+0.991
1636295940,+3.44,+16.670, +3.532,+0.991
1636296000,+3.44,+16.678, +3.513,+0.991
1636296060,+3.44,+16.678, +3.505,+0.991
1636296120,+3.44,+16.695, +3.505,+0.991
1636296180,+3.44,+16.678, +3.528,+0.991
1636296240,+3.44,+16.678, +3.534,+0.991
1636296300,+3.44,+16.687, +3.536,+0.991
1636296360,+3.44,+16.678, +3.543,+0.991
1636296420,+3.44,+16.687, +3.558,+0.991
1636296480,+3.44,+16.695, +3.572,+0.991
1636296540,+3.44,+16.687, +3.559,+0.991
1636296600,+3.44,+16.670, +3.548,+0.991
1636296660,+3.44,+16.687, +3.551,+0.991
1636296720,+3.44,+16.687, +3.528,+0.991
1636296780,+3.44,+16.678, +3.491,+0.991
1636296840,+3.44,+16.670, +3.470,+0.991
1636296900,+3.44,+16.678, +3.480,+0.991
1636296960,+3.44,+16.678, +3.490,+0.991
1636297020,+3.44,+16.687, +3.504,+0.991
1636297080,+3.44,+16.687, +3.538,+0.991
1636297140,+3.44,+16.678, +3.566,+0.991
1636297200,+3.44,+16.678, +3.597,+0.991
1636297260,+3.44,+16.695, +3.624,+0.992
1636297320,+3.44,+16.687, +3.705,+0.992
1636297380,+3.44,+16.687, +3.733,+0.992
1636297440,+3.44,+16.678, +3.770,+0.992
1636297500,+3.44,+16.695, +3.808,+0.992
1636297560,+3.44,+16.687, +3.868,+0.991
1636297620,+3.44,+16.695, +3.801,+0.992
1636297680,+3.44,+16.678, +3.782,+0.992
1636297740,+3.44,+16.678, +3.784,+0.991
1636297800,+3.44,+16.678, +3.787,+0.991
1636297860,+3.44,+16.678, +3.763,+0.991
1636297920,+3.44,+16.678, +3.762,+0.991
1636297980,+3.44,+16.678, +3.849,+0.991
1636298040,+3.44,+16.678, +3.954,+0.992
1636298100,+3.44,+16.695, +4.043,+0.992
1636298160,+3.44,+16.670, +4.115,+0.992
1636298220,+3.44,+16.687, +4.106,+0.992
1636298280,+3.44,+16.687, +4.098,+0.992
1636298340,+3.44,+16.678, +4.122,+0.992
1636298400,+3.44,+16.678, +4.149,+0.991
1636298460,+3.44,+16.678, +4.171,+0.992
1636298520,+3.44,+16.687, +4.094,+0.992
1636298580,+3.44,+16.670, +3.954,+0.992
1636298640,+3.44,+16.670, +3.844,+0.991
1636298700,+3.44,+16.670, +3.821,+0.992
1636298760,+3.44,+16.670, +3.878,+0.991
1636298820,+3.44,+16.678, +3.966,+0.992
1636298880,+3.44,+16.661, +4.028,+0.992
1636298940,+3.44,+16.687, +4.037,+0.992
1636299000,+3.44,+16.678, +4.019,+0.992
1636299060,+3.44,+16.687, +3.985,+0.992
1636299120,+3.44,+16.687, +3.971,+0.992
1636299180,+3.44,+16.670, +3.947,+0.992
1636299240,+3.44,+16.695, +3.924,+0.992
1636299300,+3.44,+16.678, +3.911,+0.992
1636299360,+3.44,+16.678, +3.917,+0.992
1636299420,+3.44,+16.704, +3.914,+0.991
1636299480,+3.44,+16.670, +3.925,+0.991
1636299540,+3.44,+16.670, +3.934,+0.992
1636299600,+3.44,+16.687, +3.949,+0.992
1636299660,+3.44,+16.678, +3.985,+0.992
1636299720,+3.44,+16.687, +4.008,+0.992
1636299780,+3.44,+16.678, +4.031,+0.992
1636299840,+3.44,+16.678, +4.046,+0.992
1636299900,+3.44,+16.670, +4.068,+0.992
1636299960,+3.44,+16.670, +4.097,+0.992
1636300020,+3.44,+16.712, +4.132,+0.992
1636300080,+3.44,+16.704, +4.161,+0.992
1636300140,+3.44,+16.695, +4.181,+0.992
1636300200,+3.44,+16.687, +4.191,+0.992
1636300260,+3.44,+16.695, +4.199,+0.992
1636300320,+3.44,+16.687, +4.210,+0.992
1636300380,+3.44,+16.678, +4.230,+0.992
1636300440,+3.44,+16.695, +4.248,+0.992
1636300500,+3.44,+16.678, +4.266,+0.992
1636300560,+3.44,+16.704, +4.275,+0.992
1636300620,+3.44,+16.678, +4.290,+0.992
1636300680,+3.44,+16.695, +4.289,+0.992
1636300740,+3.44,+16.678, +4.307,+0.992
1636300800,+3.44,+16.687, +4.313,+0.992
1636300860,+3.44,+16.704, +4.346,+0.992
1636300920,+3.44,+16.670, +4.400,+0.992
1636300980,+3.44,+16.687, +4.435,+0.992
1636301040,+3.44,+16.704, +4.460,+0.992
1636301100,+3.44,+16.704, +4.473,+0.992
1636301160,+3.44,+16.704, +4.481,+0.992
1636301220,+3.44,+16.678, +4.490,+0.992
1636301280,+3.44,+16.704, +4.483,+0.992
1636301340,+3.44,+16.678, +4.484,+0.992
1636301400,+3.44,+16.704, +4.479,+0.992
1636301460,+3.44,+16.670, +4.474,+0.992
1636301520,+3.44,+16.695, +4.435,+0.992
1636301580,+3.44,+16.678, +4.406,+0.992
1636301640,+3.44,+16.678, +4.357,+0.992
1636301700,+3.44,+16.678, +4.301,+0.992
1636301760,+3.44,+16.670, +4.232,+0.992
1636301820,+3.44,+16.661, +4.171,+0.992
1636301880,+3.44,+16.678, +4.136,+0.992
1636301940,+3.44,+16.661, +4.101,+0.991
1636302000,+3.44,+16.661, +4.071,+0.992
1636302060,+3.44,+16.661, +4.044,+0.992
1636302120,+3.44,+16.661, +4.026,+0.992
1636302180,+3.44,+16.653, +4.008,+0.992
1636302240,+3.44,+16.661, +3.996,+0.992
1636302300,+3.44,+16.670, +3.980,+0.992
1636302360,+3.44,+16.653, +3.974,+0.992
1636302420,+3.44,+16.653, +3.966,+0.992
1636302480,+3.44,+16.653, +3.961,+0.992
1636302540,+3.44,+16.644, +3.954,+0.992
1636302600,+3.44,+16.653, +3.932,+0.992
1636302660,+3.44,+16.636, +3.918,+0.992
1636302720,+3.44,+16.644, +3.906,+0.992
1636302780,+3.44,+16.644, +3.888,+0.992
1636302840,+3.44,+16.661, +3.878,+0.991
1636302900,+3.44,+16.644, +3.889,+0.992
1636302960,+3.44,+16.653, +3.890,+0.992
1636303020,+3.44,+16.644, +3.884,+0.991
1636303080,+3.44,+16.644, +3.886,+0.991
1636303140,+3.44,+16.627, +3.900,+0.992
1636303200,+3.44,+16.627, +3.912,+0.991
1636303260,+3.44,+16.644, +3.922,+0.991
1636303320,+3.44,+16.653, +3.931,+0.992
1636303380,+3.44,+16.636, +3.940,+0.991
1636303440,+3.44,+16.636, +3.950,+0.992
1636303500,+3.44,+16.644, +3.951,+0.992
1636303560,+3.44,+16.627, +3.952,+0.992
1636303620,+3.44,+16.644, +3.943,+0.992
1636303680,+3.44,+16.627, +3.947,+0.991
