7450-839638
OS REV: 1.05 Sensor Cal: 1615486580
Time (sec),  BV (Volts),  T (deg C),  DO (mg/l),  Q ()
1636303740,+3.44,+16.619, +3.955,+0.992
1636303800,+3.44,+16.619, +3.958,+0.992
1636303860,+3.44,+16.610, +3.963,+0.992
1636303920,+3.44,+16.636, +3.962,+0.991
1636303980,+3.44,+16.636, +3.968,+0.992
1636304040,+3.44,+16.636, +3.969,+0.992
1636304100,+3.44,+16.619, +3.970,+0.992
1636304160,+3.44,+16.619, +3.974,+0.992
1636304220,+3.44,+16.627, +3.971,+0.992
1636304280,+3.44,+16.627, +3.963,+0.992
1636304340,+3.44,+16.627, +3.957,+0.992
1636304400,+3.44,+16.602, +3.957,+0.992
1636304460,+3.44,+16.627, +3.949,+0.992
1636304520,+3.44,+16.619, +3.942,+0.991
1636304580,+3.44,+16.627, +3.936,+0.992
1636304640,+3.44,+16.644, +3.923,+0.992
1636304700,+3.44,+16.610, +3.931,+0.992
1636304760,+3.44,+16.619, +3.909,+0.991
1636304820,+3.44,+16.627, +3.904,+0.991
1636304880,+3.44,+16.627, +3.912,+0.991
1636304940,+3.44,+16.602, +3.932,+0.992
1636305000,+3.44,+16.610, +3.943,+0.992
1636305060,+3.44,+16.619, +3.947,+0.992
1636305120,+3.44,+16.627, +3.944,+0.992
1636305180,+3.44,+16.619, +3.927,+0.992
1636305240,+3.44,+16.619, +3.909,+0.992
1636305300,+3.44,+16.627, +3.898,+0.992
1636305360,+3.44,+16.636, +3.896,+0.992
1636305420,+3.44,+16.627, +3.900,+0.992
1636305480,+3.44,+16.619, +3.891,+0.992
1636305540,+3.44,+16.627, +3.872,+0.992
1636305600,+3.44,+16.627, +3.858,+0.992
1636305660,+3.44,+16.627, +3.850,+0.991
1636305720,+3.44,+16.627, +3.863,+0.992
1636305780,+3.44,+16.627, +3.882,+0.991
1636305840,+3.44,+16.602, +3.897,+0.991
1636305900,+3.44,+16.627, +3.911,+0.992
1636305960,+3.44,+16.636, +3.908,+0.992
1636306020,+3.44,+16.636, +3.887,+0.992
1636306080,+3.44,+16.636, +3.869,+0.991
1636306140,+3.44,+16.619, +3.864,+0.991
1636306200,+3.44,+16.636, +3.856,+0.992
1636306260,+3.44,+16.644, +3.850,+0.992
1636306320,+3.44,+16.627, +3.848,+0.991
1636306380,+3.44,+16.644, +3.844,+0.992
1636306440,+3.44,+16.644, +3.849,+0.991
1636306500,+3.44,+16.627, +3.852,+0.991
1636306560,+3.44,+16.636, +3.850,+0.992
1636306620,+3.44,+16.627, +3.845,+0.991
1636306680,+3.44,+16.644, +3.843,+0.992
1636306740,+3.44,+16.636, +3.833,+0.991
1636306800,+3.44,+16.627, +3.830,+0.991
1636306860,+3.44,+16.653, +3.837,+0.992
1636306920,+3.44,+16.627, +3.850,+0.992
1636306980,+3.44,+16.636, +3.848,+0.991
1636307040,+3.44,+16.636, +3.854,+0.992
1636307100,+3.44,+16.636, +3.848,+0.992
1636307160,+3.44,+16.636, +3.849,+0.992
1636307220,+3.44,+16.627, +3.848,+0.991
1636307280,+3.44,+16.644, +3.843,+0.992
1636307340,+3.44,+16.619, +3.838,+0.991
1636307400,+3.44,+16.610, +3.839,+0.992
1636307460,+3.44,+16.636, +3.835,+0.992
1636307520,+3.44,+16.636, +3.844,+0.992
1636307580,+3.44,+16.627, +3.852,+0.992
1636307640,+3.44,+16.610, +3.863,+0.992
1636307700,+3.44,+16.619, +3.859,+0.991
1636307760,+3.44,+16.644, +3.845,+0.991
1636307820,+3.44,+16.627, +3.849,+0.992
1636307880,+3.44,+16.636, +3.851,+0.992
1636307940,+3.44,+16.627, +3.856,+0.992
1636308000,+3.44,+16.627, +3.851,+0.991
1636308060,+3.44,+16.627, +3.843,+0.991
1636308120,+3.44,+16.636, +3.836,+0.992
1636308180,+3.44,+16.627, +3.835,+0.991
1636308240,+3.44,+16.627, +3.836,+0.992
1636308300,+3.44,+16.619, +3.830,+0.991
1636308360,+3.44,+16.619, +3.822,+0.991
1636308420,+3.44,+16.636, +3.813,+0.992
1636308480,+3.44,+16.636, +3.815,+0.992
1636308540,+3.44,+16.627, +3.810,+0.992
1636308600,+3.44,+16.619, +3.809,+0.992
1636308660,+3.44,+16.619, +3.806,+0.991
1636308720,+3.44,+16.610, +3.805,+0.991
1636308780,+3.44,+16.627, +3.805,+0.991
1636308840,+3.44,+16.619, +3.801,+0.991
1636308900,+3.44,+16.610, +3.797,+0.991
1636308960,+3.44,+16.636, +3.797,+0.992
1636309020,+3.44,+16.636, +3.798,+0.992
1636309080,+3.44,+16.619, +3.796,+0.991
1636309140,+3.44,+16.627, +3.794,+0.991
1636309200,+3.44,+16.619, +3.794,+0.991
1636309260,+3.44,+16.627, +3.794,+0.991
1636309320,+3.44,+16.644, +3.794,+0.991
1636309380,+3.44,+16.627, +3.803,+0.991
1636309440,+3.44,+16.619, +3.812,+0.991
1636309500,+3.44,+16.627, +3.816,+0.991
1636309560,+3.44,+16.619, +3.820,+0.991
1636309620,+3.44,+16.627, +3.819,+0.991
1636309680,+3.44,+16.627, +3.815,+0.991
1636309740,+3.44,+16.627, +3.810,+0.992
1636309800,+3.44,+16.636, +3.802,+0.991
1636309860,+3.44,+16.627, +3.806,+0.991
1636309920,+3.44,+16.610, +3.828,+0.992
1636309980,+3.44,+16.619, +3.841,+0.992
1636310040,+3.44,+16.619, +3.847,+0.991
1636310100,+3.44,+16.619, +3.849,+0.991
1636310160,+3.44,+16.644, +3.845,+0.992
1636310220,+3.44,+16.610, +3.849,+0.991
1636310280,+3.44,+16.619, +3.841,+0.992
1636310340,+3.44,+16.619, +3.830,+0.992
1636310400,+3.44,+16.619, +3.827,+0.991
1636310460,+3.44,+16.644, +3.816,+0.992
1636310520,+3.44,+16.619, +3.811,+0.991
1636310580,+3.44,+16.627, +3.808,+0.992
1636310640,+3.44,+16.627, +3.800,+0.991
1636310700,+3.44,+16.627, +3.792,+0.991
1636310760,+3.44,+16.619, +3.803,+0.991
1636310820,+3.44,+16.610, +3.800,+0.991
1636310880,+3.44,+16.619, +3.799,+0.992
1636310940,+3.44,+16.610, +3.802,+0.991
1636311000,+3.44,+16.636, +3.805,+0.992
1636311060,+3.44,+16.619, +3.805,+0.991
1636311120,+3.44,+16.602, +3.801,+0.991
1636311180,+3.44,+16.593, +3.811,+0.992
1636311240,+3.44,+16.585, +3.816,+0.992
1636311300,+3.44,+16.619, +3.809,+0.991
1636311360,+3.44,+16.593, +3.817,+0.992
1636311420,+3.44,+16.610, +3.807,+0.991
1636311480,+3.44,+16.602, +3.809,+0.992
1636311540,+3.44,+16.610, +3.808,+0.991
1636311600,+3.44,+16.610, +3.812,+0.991
1636311660,+3.44,+16.610, +3.817,+0.991
1636311720,+3.44,+16.619, +3.827,+0.992
1636311780,+3.44,+16.619, +3.830,+0.991
1636311840,+3.44,+16.602, +3.841,+0.991
1636311900,+3.44,+16.602, +3.839,+0.991
1636311960,+3.44,+16.602, +3.838,+0.991
1636312020,+3.44,+16.627, +3.827,+0.991
1636312080,+3.44,+16.602, +3.824,+0.992
1636312140,+3.44,+16.602, +3.811,+0.992
1636312200,+3.44,+16.602, +3.807,+0.991
1636312260,+3.44,+16.602, +3.812,+0.991
1636312320,+3.44,+16.610, +3.809,+0.992
1636312380,+3.44,+16.610, +3.819,+0.991
1636312440,+3.44,+16.593, +3.831,+0.991
1636312500,+3.44,+16.619, +3.839,+0.992
1636312560,+3.44,+16.619, +3.854,+0.992
1636312620,+3.44,+16.602, +3.843,+0.992
1636312680,+3.44,+16.602, +3.824,+0.991
1636312740,+3.44,+16.602, +3.801,+0.991
1636312800,+3.44,+16.627, +3.776,+0.991
1636312860,+3.44,+16.602, +3.767,+0.991
1636312920,+3.44,+16.610, +3.762,+0.991
1636312980,+3.44,+16.619, +3.752,+0.991
1636313040,+3.44,+16.627, +3.744,+0.991
1636313100,+3.44,+16.610, +3.745,+0.991
1636313160,+3.44,+16.619, +3.740,+0.991
1636313220,+3.44,+16.602, +3.745,+0.992
1636313280,+3.44,+16.610, +3.746,+0.991
1636313340,+3.44,+16.636, +3.733,+0.991
1636313400,+3.44,+16.619, +3.725,+0.991
1636313460,+3.44,+16.627, +3.704,+0.991
1636313520,+3.44,+16.619, +3.690,+0.991
1636313580,+3.44,+16.619, +3.684,+0.991
1636313640,+3.44,+16.619, +3.693,+0.992
1636313700,+3.44,+16.627, +3.694,+0.991
1636313760,+3.44,+16.619, +3.702,+0.991
1636313820,+3.44,+16.610, +3.737,+0.991
1636313880,+3.44,+16.602, +3.765,+0.991
1636313940,+3.44,+16.619, +3.767,+0.991
1636314000,+3.44,+16.627, +3.769,+0.991
1636314060,+3.44,+16.610, +3.787,+0.991
1636314120,+3.44,+16.610, +3.811,+0.992
1636314180,+3.44,+16.627, +3.850,+0.991
1636314240,+3.44,+16.627, +3.915,+0.992
1636314300,+3.44,+16.619, +3.967,+0.992
1636314360,+3.44,+16.602, +4.070,+0.992
1636314420,+3.44,+16.610, +4.073,+0.992
1636314480,+3.44,+16.610, +4.033,+0.992
1636314540,+3.44,+16.619, +4.004,+0.992
1636314600,+3.44,+16.627, +3.976,+0.992
1636314660,+3.44,+16.627, +3.952,+0.992
1636314720,+3.44,+16.619, +3.946,+0.992
1636314780,+3.44,+16.627, +3.982,+0.991
1636314840,+3.44,+16.627, +4.039,+0.992
1636314900,+3.44,+16.627, +4.105,+0.992
1636314960,+3.44,+16.627, +4.147,+0.992
1636315020,+3.44,+16.619, +4.157,+0.992
1636315080,+3.44,+16.610, +4.184,+0.992
1636315140,+3.44,+16.619, +4.208,+0.992
1636315200,+3.44,+16.610, +4.269,+0.992
1636315260,+3.44,+16.610, +4.296,+0.992
1636315320,+3.44,+16.627, +4.297,+0.992
1636315380,+3.44,+16.602, +4.278,+0.992
1636315440,+3.44,+16.627, +4.236,+0.992
1636315500,+3.44,+16.619, +4.216,+0.992
1636315560,+3.44,+16.610, +4.203,+0.992
1636315620,+3.44,+16.627, +4.185,+0.992
1636315680,+3.44,+16.610, +4.175,+0.992
1636315740,+3.44,+16.610, +4.179,+0.992
1636315800,+3.44,+16.602, +4.198,+0.992
1636315860,+3.44,+16.610, +4.203,+0.992
1636315920,+3.44,+16.619, +4.194,+0.992
1636315980,+3.44,+16.610, +4.199,+0.992
1636316040,+3.44,+16.602, +4.213,+0.992
1636316100,+3.44,+16.602, +4.218,+0.992
1636316160,+3.44,+16.602, +4.223,+0.992
1636316220,+3.44,+16.619, +4.216,+0.992
1636316280,+3.44,+16.602, +4.207,+0.992
1636316340,+3.44,+16.619, +4.198,+0.992
1636316400,+3.44,+16.602, +4.195,+0.992
1636316460,+3.44,+16.619, +4.195,+0.992
1636316520,+3.44,+16.593, +4.202,+0.992
1636316580,+3.44,+16.602, +4.196,+0.992
1636316640,+3.44,+16.610, +4.191,+0.992
1636316700,+3.44,+16.602, +4.195,+0.992
1636316760,+3.44,+16.610, +4.198,+0.992
1636316820,+3.44,+16.610, +4.207,+0.992
1636316880,+3.44,+16.619, +4.220,+0.992
1636316940,+3.44,+16.602, +4.247,+0.992
1636317000,+3.44,+16.593, +4.269,+0.992
1636317060,+3.44,+16.593, +4.268,+0.992
1636317120,+3.44,+16.610, +4.254,+0.992
1636317180,+3.44,+16.610, +4.246,+0.992
1636317240,+3.44,+16.619, +4.231,+0.992
1636317300,+3.44,+16.593, +4.209,+0.992
1636317360,+3.44,+16.610, +4.185,+0.992
1636317420,+3.44,+16.619, +4.168,+0.991
1636317480,+3.44,+16.593, +4.168,+0.992
1636317540,+3.44,+16.610, +4.155,+0.992
1636317600,+3.44,+16.602, +4.151,+0.992
1636317660,+3.44,+16.602, +4.155,+0.992
1636317720,+3.44,+16.585, +4.161,+0.992
1636317780,+3.44,+16.593, +4.161,+0.992
1636317840,+3.44,+16.602, +4.158,+0.992
1636317900,+3.44,+16.619, +4.147,+0.992
1636317960,+3.44,+16.602, +4.139,+0.992
1636318020,+3.44,+16.602, +4.135,+0.992
1636318080,+3.44,+16.602, +4.134,+0.992
1636318140,+3.44,+16.619, +4.125,+0.992
1636318200,+3.44,+16.610, +4.136,+0.992
1636318260,+3.44,+16.610, +4.137,+0.992
1636318320,+3.44,+16.610, +4.131,+0.992
1636318380,+3.44,+16.610, +4.123,+0.992
1636318440,+3.44,+16.602, +4.122,+0.992
1636318500,+3.44,+16.593, +4.121,+0.992
1636318560,+3.44,+16.602, +4.120,+0.992
1636318620,+3.44,+16.610, +4.118,+0.992
1636318680,+3.44,+16.602, +4.116,+0.992
1636318740,+3.44,+16.610, +4.116,+0.992
1636318800,+3.44,+16.602, +4.121,+0.992
1636318860,+3.44,+16.610, +4.119,+0.992
1636318920,+3.44,+16.610, +4.115,+0.992
1636318980,+3.44,+16.610, +4.112,+0.992
1636319040,+3.44,+16.602, +4.112,+0.992
1636319100,+3.44,+16.619, +4.110,+0.992
1636319160,+3.44,+16.610, +4.108,+0.992
1636319220,+3.44,+16.602, +4.108,+0.992
1636319280,+3.44,+16.610, +4.107,+0.992
1636319340,+3.44,+16.610, +4.102,+0.992
1636319400,+3.44,+16.627, +4.096,+0.992
1636319460,+3.44,+16.627, +4.095,+0.992
1636319520,+3.44,+16.610, +4.092,+0.992
1636319580,+3.44,+16.602, +4.088,+0.992
1636319640,+3.44,+16.610, +4.083,+0.992
1636319700,+3.44,+16.610, +4.077,+0.992
1636319760,+3.44,+16.610, +4.075,+0.992
1636319820,+3.44,+16.619, +4.083,+0.992
1636319880,+3.44,+16.602, +4.092,+0.992
1636319940,+3.44,+16.610, +4.092,+0.992
1636320000,+3.44,+16.585, +4.107,+0.992
1636320060,+3.44,+16.593, +4.133,+0.992
1636320120,+3.44,+16.593, +4.166,+0.992
1636320180,+3.44,+16.602, +4.193,+0.992
1636320240,+3.44,+16.602, +4.216,+0.992
1636320300,+3.44,+16.593, +4.223,+0.992
1636320360,+3.44,+16.602, +4.218,+0.992
1636320420,+3.44,+16.585, +4.218,+0.992
1636320480,+3.44,+16.585, +4.215,+0.992
1636320540,+3.44,+16.602, +4.203,+0.992
1636320600,+3.44,+16.585, +4.203,+0.992
1636320660,+3.44,+16.585, +4.191,+0.992
1636320720,+3.44,+16.576, +4.183,+0.992
1636320780,+3.44,+16.585, +4.174,+0.991
1636320840,+3.44,+16.585, +4.171,+0.992
1636320900,+3.44,+16.585, +4.171,+0.992
1636320960,+3.44,+16.576, +4.168,+0.992
1636321020,+3.44,+16.593, +4.161,+0.992
1636321080,+3.44,+16.576, +4.165,+0.992
1636321140,+3.44,+16.585, +4.168,+0.992
1636321200,+3.44,+16.576, +4.172,+0.992
1636321260,+3.44,+16.593, +4.175,+0.992
1636321320,+3.44,+16.585, +4.228,+0.992
1636321380,+3.44,+16.593, +4.312,+0.992
1636321440,+3.44,+16.593, +4.387,+0.992
1636321500,+3.44,+16.585, +4.403,+0.992
1636321560,+3.44,+16.593, +4.418,+0.992
1636321620,+3.44,+16.585, +4.441,+0.992
1636321680,+3.44,+16.576, +4.441,+0.992
1636321740,+3.44,+16.576, +4.425,+0.992
1636321800,+3.44,+16.585, +4.418,+0.992
1636321860,+3.44,+16.593, +4.444,+0.992
1636321920,+3.44,+16.576, +4.470,+0.992
1636321980,+3.44,+16.585, +4.498,+0.992
1636322040,+3.44,+16.593, +4.509,+0.992
1636322100,+3.44,+16.593, +4.506,+0.992
1636322160,+3.44,+16.602, +4.508,+0.992
1636322220,+3.44,+16.593, +4.525,+0.992
1636322280,+3.44,+16.593, +4.532,+0.992
1636322340,+3.44,+16.585, +4.510,+0.992
1636322400,+3.44,+16.576, +4.503,+0.992
1636322460,+3.44,+16.585, +4.506,+0.992
1636322520,+3.44,+16.602, +4.509,+0.992
1636322580,+3.44,+16.576, +4.509,+0.992
1636322640,+3.44,+16.602, +4.477,+0.992
1636322700,+3.44,+16.602, +4.472,+0.992
1636322760,+3.44,+16.593, +4.480,+0.992
1636322820,+3.44,+16.602, +4.486,+0.992
1636322880,+3.44,+16.568, +4.508,+0.992
1636322940,+3.44,+16.568, +4.542,+0.992
1636323000,+3.44,+16.593, +4.567,+0.992
1636323060,+3.44,+16.593, +4.576,+0.992
1636323120,+3.44,+16.585, +4.584,+0.992
1636323180,+3.44,+16.576, +4.571,+0.992
1636323240,+3.44,+16.602, +4.566,+0.992
1636323300,+3.44,+16.593, +4.566,+0.992
1636323360,+3.44,+16.593, +4.584,+0.992
1636323420,+3.44,+16.585, +4.585,+0.992
1636323480,+3.44,+16.576, +4.588,+0.992
1636323540,+3.44,+16.576, +4.588,+0.992
1636323600,+3.44,+16.585, +4.584,+0.991
1636323660,+3.44,+16.576, +4.587,+0.992
1636323720,+3.44,+16.585, +4.579,+0.992
1636323780,+3.44,+16.585, +4.580,+0.992
1636323840,+3.44,+16.576, +4.574,+0.992
1636323900,+3.44,+16.602, +4.556,+0.992
1636323960,+3.44,+16.585, +4.550,+0.992
1636324020,+3.44,+16.593, +4.549,+0.992
1636324080,+3.44,+16.585, +4.533,+0.992
1636324140,+3.44,+16.602, +4.502,+0.992
1636324200,+3.44,+16.576, +4.486,+0.992
1636324260,+3.44,+16.585, +4.452,+0.992
1636324320,+3.44,+16.585, +4.439,+0.992
1636324380,+3.44,+16.593, +4.445,+0.992
1636324440,+3.44,+16.585, +4.456,+0.992
1636324500,+3.44,+16.585, +4.470,+0.992
1636324560,+3.44,+16.576, +4.477,+0.992
1636324620,+3.44,+16.585, +4.497,+0.991
1636324680,+3.44,+16.576, +4.525,+0.992
1636324740,+3.44,+16.576, +4.544,+0.992
1636324800,+3.44,+16.585, +4.548,+0.992
1636324860,+3.44,+16.576, +4.568,+0.992
1636324920,+3.44,+16.593, +4.576,+0.992
1636324980,+3.44,+16.568, +4.586,+0.992
1636325040,+3.44,+16.568, +4.583,+0.992
1636325100,+3.44,+16.568, +4.584,+0.992
1636325160,+3.44,+16.585, +4.590,+0.992
1636325220,+3.44,+16.568, +4.591,+0.992
1636325280,+3.44,+16.576, +4.586,+0.991
1636325340,+3.44,+16.568, +4.589,+0.992
1636325400,+3.44,+16.593, +4.582,+0.992
1636325460,+3.44,+16.593, +4.575,+0.992
1636325520,+3.44,+16.576, +4.575,+0.992
1636325580,+3.44,+16.568, +4.575,+0.992
1636325640,+3.44,+16.576, +4.572,+0.992
1636325700,+3.44,+16.585, +4.576,+0.992
1636325760,+3.44,+16.585, +4.579,+0.992
1636325820,+3.44,+16.585, +4.579,+0.992
1636325880,+3.44,+16.585, +4.580,+0.992
1636325940,+3.44,+16.576, +4.588,+0.992
1636326000,+3.44,+16.568, +4.607,+0.992
1636326060,+3.44,+16.576, +4.605,+0.992
1636326120,+3.44,+16.576, +4.597,+0.992
1636326180,+3.44,+16.576, +4.609,+0.992
1636326240,+3.44,+16.576, +4.645,+0.992
1636326300,+3.44,+16.568, +4.684,+0.992
1636326360,+3.44,+16.559, +4.706,+0.992
1636326420,+3.44,+16.576, +4.734,+0.992
1636326480,+3.44,+16.576, +4.775,+0.992
1636326540,+3.44,+16.568, +4.787,+0.992
1636326600,+3.44,+16.585, +4.792,+0.992
1636326660,+3.44,+16.568, +4.787,+0.992
1636326720,+3.44,+16.576, +4.790,+0.992
1636326780,+3.44,+16.559, +4.795,+0.992
1636326840,+3.44,+16.559, +4.795,+0.992
1636326900,+3.44,+16.559, +4.803,+0.992
1636326960,+3.44,+16.593, +4.786,+0.992
1636327020,+3.44,+16.559, +4.763,+0.992
1636327080,+3.44,+16.559, +4.737,+0.992
1636327140,+3.44,+16.559, +4.715,+0.992
1636327200,+3.44,+16.568, +4.702,+0.992
1636327260,+3.44,+16.559, +4.702,+0.992
1636327320,+3.44,+16.576, +4.698,+0.992
1636327380,+3.44,+16.568, +4.686,+0.992
1636327440,+3.44,+16.576, +4.660,+0.992
1636327500,+3.44,+16.568, +4.652,+0.992
1636327560,+3.44,+16.568, +4.643,+0.992
1636327620,+3.44,+16.568, +4.637,+0.992
1636327680,+3.44,+16.568, +4.626,+0.992
1636327740,+3.44,+16.568, +4.623,+0.992
1636327800,+3.44,+16.576, +4.616,+0.992
1636327860,+3.44,+16.585, +4.600,+0.992
1636327920,+3.44,+16.593, +4.587,+0.992
1636327980,+3.44,+16.568, +4.587,+0.992
1636328040,+3.44,+16.576, +4.576,+0.992
1636328100,+3.44,+16.576, +4.559,+0.992
1636328160,+3.44,+16.576, +4.523,+0.992
1636328220,+3.44,+16.593, +4.529,+0.992
1636328280,+3.44,+16.585, +4.556,+0.992
1636328340,+3.44,+16.551, +4.576,+0.992
1636328400,+3.44,+16.576, +4.597,+0.992
1636328460,+3.44,+16.585, +4.622,+0.992
1636328520,+3.44,+16.559, +4.664,+0.992
1636328580,+3.44,+16.576, +4.690,+0.992
1636328640,+3.44,+16.576, +4.716,+0.992
1636328700,+3.44,+16.559, +4.729,+0.991
1636328760,+3.44,+16.576, +4.735,+0.992
1636328820,+3.44,+16.568, +4.741,+0.992
1636328880,+3.44,+16.559, +4.743,+0.992
1636328940,+3.44,+16.568, +4.748,+0.992
1636329000,+3.44,+16.568, +4.745,+0.992
1636329060,+3.44,+16.568, +4.740,+0.992
1636329120,+3.44,+16.576, +4.718,+0.992
1636329180,+3.44,+16.585, +4.714,+0.992
1636329240,+3.44,+16.585, +4.710,+0.992
1636329300,+3.44,+16.559, +4.709,+0.992
1636329360,+3.44,+16.568, +4.704,+0.992
1636329420,+3.44,+16.585, +4.682,+0.992
1636329480,+3.44,+16.576, +4.686,+0.992
1636329540,+3.44,+16.576, +4.685,+0.992
1636329600,+3.44,+16.585, +4.680,+0.992
1636329660,+3.44,+16.593, +4.653,+0.992
1636329720,+3.44,+16.576, +4.627,+0.992
1636329780,+3.44,+16.568, +4.611,+0.992
1636329840,+3.44,+16.585, +4.600,+0.992
1636329900,+3.44,+16.568, +4.610,+0.992
1636329960,+3.44,+16.593, +4.633,+0.992
1636330020,+3.44,+16.602, +4.649,+0.992
1636330080,+3.44,+16.585, +4.668,+0.992
1636330140,+3.44,+16.576, +4.682,+0.992
1636330200,+3.44,+16.576, +4.682,+0.992
1636330260,+3.44,+16.576, +4.682,+0.992
1636330320,+3.44,+16.576, +4.679,+0.992
1636330380,+3.44,+16.585, +4.672,+0.992
1636330440,+3.44,+16.585, +4.676,+0.992
1636330500,+3.44,+16.576, +4.675,+0.992
1636330560,+3.44,+16.585, +4.677,+0.992
1636330620,+3.44,+16.568, +4.698,+0.992
1636330680,+3.44,+16.576, +4.714,+0.992
1636330740,+3.44,+16.576, +4.722,+0.992
1636330800,+3.44,+16.593, +4.721,+0.992
1636330860,+3.44,+16.593, +4.710,+0.992
1636330920,+3.44,+16.585, +4.695,+0.992
1636330980,+3.44,+16.593, +4.679,+0.992
1636331040,+3.44,+16.585, +4.667,+0.992
1636331100,+3.44,+16.576, +4.660,+0.992
1636331160,+3.44,+16.602, +4.658,+0.992
1636331220,+3.44,+16.627, +4.664,+0.992
1636331280,+3.44,+16.627, +4.666,+0.992
1636331340,+3.44,+16.636, +4.683,+0.992
1636331400,+3.44,+16.619, +4.714,+0.992
1636331460,+3.44,+16.627, +4.725,+0.992
1636331520,+3.44,+16.644, +4.732,+0.992
1636331580,+3.44,+16.627, +4.738,+0.992
1636331640,+3.44,+16.619, +4.732,+0.992
1636331700,+3.44,+16.610, +4.702,+0.992
1636331760,+3.44,+16.610, +4.697,+0.992
1636331820,+3.44,+16.619, +4.688,+0.992
1636331880,+3.44,+16.593, +4.684,+0.992
1636331940,+3.44,+16.602, +4.674,+0.992
1636332000,+3.44,+16.602, +4.680,+0.992
1636332060,+3.44,+16.602, +4.692,+0.992
1636332120,+3.44,+16.593, +4.691,+0.992
1636332180,+3.44,+16.602, +4.676,+0.992
1636332240,+3.44,+16.593, +4.647,+0.992
1636332300,+3.44,+16.602, +4.624,+0.992
1636332360,+3.44,+16.602, +4.615,+0.992
1636332420,+3.44,+16.602, +4.604,+0.992
1636332480,+3.44,+16.602, +4.607,+0.992
1636332540,+3.44,+16.593, +4.604,+0.992
1636332600,+3.44,+16.602, +4.611,+0.992
1636332660,+3.44,+16.610, +4.606,+0.992
1636332720,+3.44,+16.610, +4.578,+0.992
1636332780,+3.44,+16.610, +4.539,+0.992
1636332840,+3.44,+16.602, +4.500,+0.992
1636332900,+3.44,+16.602, +4.506,+0.992
1636332960,+3.44,+16.602, +4.550,+0.992
1636333020,+3.44,+16.593, +4.593,+0.992
1636333080,+3.44,+16.602, +4.637,+0.992
1636333140,+3.44,+16.602, +4.664,+0.992
1636333200,+3.44,+16.593, +4.696,+0.992
1636333260,+3.44,+16.585, +4.713,+0.992
1636333320,+3.44,+16.602, +4.730,+0.992
1636333380,+3.44,+16.593, +4.737,+0.992
1636333440,+3.44,+16.602, +4.744,+0.992
1636333500,+3.44,+16.568, +4.750,+0.992
1636333560,+3.44,+16.602, +4.744,+0.992
1636333620,+3.44,+16.568, +4.744,+0.992
1636333680,+3.44,+16.610, +4.740,+0.992
1636333740,+3.44,+16.585, +4.752,+0.992
1636333800,+3.44,+16.593, +4.757,+0.992
1636333860,+3.44,+16.593, +4.767,+0.992
1636333920,+3.44,+16.610, +4.783,+0.992
1636333980,+3.44,+16.593, +4.789,+0.992
1636334040,+3.44,+16.585, +4.786,+0.992
1636334100,+3.44,+16.585, +4.764,+0.992
1636334160,+3.44,+16.585, +4.748,+0.992
1636334220,+3.44,+16.576, +4.740,+0.992
1636334280,+3.44,+16.585, +4.721,+0.992
1636334340,+3.44,+16.593, +4.726,+0.992
1636334400,+3.44,+16.593, +4.716,+0.992
1636334460,+3.44,+16.593, +4.703,+0.992
1636334520,+3.44,+16.585, +4.708,+0.992
1636334580,+3.44,+16.585, +4.729,+0.992
1636334640,+3.44,+16.585, +4.743,+0.992
1636334700,+3.44,+16.576, +4.754,+0.992
1636334760,+3.44,+16.576, +4.773,+0.992
1636334820,+3.44,+16.568, +4.781,+0.992
1636334880,+3.44,+16.585, +4.775,+0.992
1636334940,+3.44,+16.602, +4.767,+0.992
1636335000,+3.44,+16.593, +4.763,+0.992
1636335060,+3.44,+16.585, +4.760,+0.992
1636335120,+3.44,+16.585, +4.757,+0.992
1636335180,+3.44,+16.585, +4.745,+0.992
1636335240,+3.44,+16.602, +4.737,+0.992
1636335300,+3.44,+16.610, +4.748,+0.992
1636335360,+3.44,+16.602, +4.751,+0.992
1636335420,+3.44,+16.593, +4.751,+0.992
1636335480,+3.44,+16.585, +4.754,+0.992
1636335540,+3.44,+16.593, +4.747,+0.992
1636335600,+3.44,+16.593, +4.733,+0.992
1636335660,+3.44,+16.585, +4.710,+0.992
1636335720,+3.44,+16.593, +4.651,+0.992
1636335780,+3.44,+16.610, +4.630,+0.992
1636335840,+3.44,+16.602, +4.628,+0.992
1636335900,+3.44,+16.602, +4.628,+0.992
1636335960,+3.44,+16.593, +4.624,+0.992
1636336020,+3.44,+16.593, +4.622,+0.992
1636336080,+3.44,+16.610, +4.620,+0.992
1636336140,+3.44,+16.593, +4.636,+0.992
1636336200,+3.44,+16.585, +4.629,+0.992
1636336260,+3.44,+16.602, +4.619,+0.992
1636336320,+3.44,+16.602, +4.610,+0.992
1636336380,+3.44,+16.593, +4.594,+0.992
1636336440,+3.44,+16.602, +4.590,+0.992
1636336500,+3.44,+16.610, +4.603,+0.992
1636336560,+3.44,+16.602, +4.631,+0.992
1636336620,+3.44,+16.585, +4.646,+0.992
1636336680,+3.44,+16.585, +4.665,+0.992
1636336740,+3.44,+16.585, +4.682,+0.992
1636336800,+3.44,+16.585, +4.690,+0.992
1636336860,+3.44,+16.576, +4.687,+0.992
1636336920,+3.44,+16.585, +4.704,+0.992
1636336980,+3.44,+16.585, +4.707,+0.992
1636337040,+3.44,+16.568, +4.701,+0.992
1636337100,+3.44,+16.585, +4.695,+0.992
1636337160,+3.44,+16.576, +4.700,+0.992
1636337220,+3.44,+16.602, +4.696,+0.992
1636337280,+3.44,+16.568, +4.693,+0.992
1636337340,+3.44,+16.568, +4.697,+0.992
1636337400,+3.44,+16.585, +4.688,+0.992
1636337460,+3.44,+16.576, +4.686,+0.992
1636337520,+3.44,+16.593, +4.680,+0.992
1636337580,+3.44,+16.576, +4.665,+0.992
1636337640,+3.44,+16.585, +4.656,+0.992
1636337700,+3.44,+16.585, +4.661,+0.992
1636337760,+3.44,+16.568, +4.666,+0.992
1636337820,+3.44,+16.568, +4.656,+0.992
1636337880,+3.44,+16.568, +4.659,+0.992
1636337940,+3.44,+16.576, +4.656,+0.992
1636338000,+3.44,+16.576, +4.657,+0.992
1636338060,+3.44,+16.585, +4.655,+0.992
1636338120,+3.44,+16.576, +4.641,+0.992
1636338180,+3.44,+16.576, +4.641,+0.992
1636338240,+3.44,+16.576, +4.643,+0.992
1636338300,+3.44,+16.576, +4.633,+0.992
1636338360,+3.44,+16.593, +4.625,+0.992
1636338420,+3.44,+16.585, +4.610,+0.992
1636338480,+3.44,+16.568, +4.604,+0.992
1636338540,+3.44,+16.585, +4.588,+0.992
1636338600,+3.44,+16.576, +4.590,+0.992
1636338660,+3.44,+16.576, +4.597,+0.992
1636338720,+3.44,+16.568, +4.600,+0.992
1636338780,+3.44,+16.568, +4.593,+0.992
1636338840,+3.44,+16.576, +4.587,+0.992
1636338900,+3.44,+16.568, +4.582,+0.992
1636338960,+3.44,+16.568, +4.565,+0.992
1636339020,+3.44,+16.568, +4.553,+0.992
1636339080,+3.44,+16.585, +4.541,+0.992
1636339140,+3.44,+16.576, +4.545,+0.992
1636339200,+3.44,+16.568, +4.546,+0.992
1636339260,+3.44,+16.568, +4.546,+0.992
1636339320,+3.44,+16.568, +4.540,+0.992
1636339380,+3.44,+16.576, +4.531,+0.992
1636339440,+3.44,+16.576, +4.523,+0.992
1636339500,+3.44,+16.576, +4.523,+0.992
1636339560,+3.44,+16.551, +4.523,+0.992
1636339620,+3.44,+16.568, +4.516,+0.992
1636339680,+3.44,+16.551, +4.518,+0.992
1636339740,+3.44,+16.559, +4.516,+0.992
1636339800,+3.44,+16.585, +4.514,+0.992
1636339860,+3.44,+16.568, +4.513,+0.992
1636339920,+3.44,+16.551, +4.523,+0.992
1636339980,+3.44,+16.568, +4.521,+0.992
1636340040,+3.44,+16.568, +4.518,+0.992
1636340100,+3.44,+16.559, +4.518,+0.992
1636340160,+3.44,+16.551, +4.517,+0.992
1636340220,+3.44,+16.568, +4.554,+0.992
1636340280,+3.44,+16.576, +4.570,+0.992
1636340340,+3.44,+16.576, +4.564,+0.992
1636340400,+3.44,+16.559, +4.563,+0.992
1636340460,+3.44,+16.568, +4.555,+0.992
1636340520,+3.44,+16.559, +4.552,+0.992
1636340580,+3.44,+16.585, +4.540,+0.992
1636340640,+3.44,+16.568, +4.536,+0.992
1636340700,+3.44,+16.568, +4.527,+0.992
1636340760,+3.44,+16.568, +4.519,+0.992
1636340820,+3.44,+16.568, +4.520,+0.992
1636340880,+3.44,+16.585, +4.498,+0.992
1636340940,+3.44,+16.559, +4.478,+0.992
1636341000,+3.44,+16.568, +4.472,+0.992
1636341060,+3.44,+16.568, +4.470,+0.992
1636341120,+3.44,+16.585, +4.453,+0.992
1636341180,+3.44,+16.559, +4.445,+0.992
1636341240,+3.44,+16.568, +4.433,+0.992
1636341300,+3.44,+16.593, +4.423,+0.992
1636341360,+3.44,+16.576, +4.417,+0.992
1636341420,+3.44,+16.576, +4.423,+0.992
1636341480,+3.44,+16.585, +4.420,+0.992
1636341540,+3.44,+16.585, +4.422,+0.992
1636341600,+3.44,+16.585, +4.423,+0.992
1636341660,+3.44,+16.593, +4.419,+0.992
1636341720,+3.44,+16.593, +4.419,+0.992
1636341780,+3.44,+16.602, +4.417,+0.992
1636341840,+3.44,+16.602, +4.413,+0.992
1636341900,+3.44,+16.585, +4.417,+0.992
1636341960,+3.44,+16.602, +4.418,+0.992
1636342020,+3.44,+16.593, +4.412,+0.992
1636342080,+3.44,+16.585, +4.405,+0.992
1636342140,+3.44,+16.619, +4.398,+0.992
1636342200,+3.44,+16.593, +4.398,+0.992
1636342260,+3.44,+16.576, +4.393,+0.992
1636342320,+3.44,+16.593, +4.394,+0.992
1636342380,+3.44,+16.593, +4.387,+0.992
1636342440,+3.44,+16.585, +4.378,+0.992
1636342500,+3.44,+16.610, +4.367,+0.992
1636342560,+3.44,+16.568, +4.374,+0.992
1636342620,+3.44,+16.585, +4.376,+0.992
1636342680,+3.44,+16.585, +4.387,+0.992
1636342740,+3.44,+16.585, +4.416,+0.992
1636342800,+3.44,+16.593, +4.451,+0.992
1636342860,+3.44,+16.568, +4.465,+0.992
1636342920,+3.44,+16.593, +4.458,+0.992
1636342980,+3.44,+16.585, +4.472,+0.992
1636343040,+3.44,+16.559, +4.489,+0.992
1636343100,+3.44,+16.585, +4.485,+0.992
1636343160,+3.44,+16.576, +4.489,+0.992
1636343220,+3.44,+16.593, +4.494,+0.992
1636343280,+3.44,+16.576, +4.503,+0.992
1636343340,+3.44,+16.593, +4.507,+0.992
1636343400,+3.44,+16.585, +4.505,+0.992
1636343460,+3.44,+16.576, +4.506,+0.992
1636343520,+3.44,+16.568, +4.510,+0.992
1636343580,+3.44,+16.585, +4.486,+0.992
1636343640,+3.44,+16.576, +4.426,+0.992
1636343700,+3.44,+16.576, +4.393,+0.992
1636343760,+3.44,+16.568, +4.385,+0.992
1636343820,+3.44,+16.576, +4.405,+0.992
1636343880,+3.44,+16.576, +4.433,+0.992
1636343940,+3.44,+16.568, +4.451,+0.992
1636344000,+3.44,+16.559, +4.468,+0.992
1636344060,+3.44,+16.559, +4.471,+0.992
1636344120,+3.44,+16.559, +4.479,+0.992
1636344180,+3.44,+16.551, +4.489,+0.992
1636344240,+3.44,+16.576, +4.493,+0.992
1636344300,+3.44,+16.568, +4.495,+0.992
1636344360,+3.44,+16.551, +4.496,+0.992
1636344420,+3.44,+16.585, +4.490,+0.992
1636344480,+3.44,+16.568, +4.492,+0.992
1636344540,+3.44,+16.568, +4.488,+0.992
1636344600,+3.44,+16.576, +4.476,+0.991
1636344660,+3.44,+16.576, +4.466,+0.992
1636344720,+3.44,+16.576, +4.458,+0.992
1636344780,+3.44,+16.585, +4.446,+0.992
1636344840,+3.44,+16.559, +4.444,+0.992
1636344900,+3.44,+16.568, +4.436,+0.992
1636344960,+3.44,+16.559, +4.428,+0.992
1636345020,+3.44,+16.585, +4.418,+0.992
1636345080,+3.44,+16.542, +4.426,+0.992
1636345140,+3.44,+16.585, +4.425,+0.992
1636345200,+3.44,+16.585, +4.416,+0.992
1636345260,+3.44,+16.593, +4.406,+0.992
1636345320,+3.44,+16.585, +4.396,+0.992
1636345380,+3.44,+16.585, +4.380,+0.992
1636345440,+3.44,+16.593, +4.365,+0.992
1636345500,+3.44,+16.576, +4.355,+0.992
1636345560,+3.44,+16.585, +4.339,+0.992
1636345620,+3.44,+16.568, +4.340,+0.992
1636345680,+3.44,+16.585, +4.325,+0.992
1636345740,+3.44,+16.576, +4.316,+0.992
1636345800,+3.44,+16.576, +4.318,+0.992
1636345860,+3.44,+16.576, +4.314,+0.992
1636345920,+3.44,+16.585, +4.304,+0.991
1636345980,+3.44,+16.585, +4.299,+0.992
1636346040,+3.44,+16.585, +4.287,+0.992
1636346100,+3.44,+16.585, +4.279,+0.991
1636346160,+3.44,+16.585, +4.273,+0.991
1636346220,+3.44,+16.593, +4.267,+0.992
1636346280,+3.44,+16.576, +4.260,+0.992
1636346340,+3.44,+16.593, +4.249,+0.991
1636346400,+3.44,+16.593, +4.243,+0.992
1636346460,+3.44,+16.585, +4.238,+0.992
1636346520,+3.44,+16.585, +4.234,+0.992
1636346580,+3.44,+16.585, +4.237,+0.992
1636346640,+3.44,+16.610, +4.241,+0.992
1636346700,+3.44,+16.585, +4.249,+0.992
1636346760,+3.44,+16.568, +4.254,+0.992
1636346820,+3.44,+16.576, +4.261,+0.992
1636346880,+3.44,+16.593, +4.264,+0.991
1636346940,+3.44,+16.576, +4.270,+0.991
1636347000,+3.44,+16.585, +4.270,+0.992
1636347060,+3.44,+16.559, +4.282,+0.992
1636347120,+3.44,+16.568, +4.291,+0.992
1636347180,+3.44,+16.559, +4.298,+0.992
1636347240,+3.44,+16.585, +4.297,+0.992
1636347300,+3.44,+16.593, +4.294,+0.991
1636347360,+3.44,+16.585, +4.295,+0.992
1636347420,+3.44,+16.585, +4.294,+0.992
1636347480,+3.44,+16.585, +4.287,+0.992
1636347540,+3.44,+16.576, +4.275,+0.991
1636347600,+3.44,+16.568, +4.278,+0.992
1636347660,+3.44,+16.585, +4.272,+0.992
1636347720,+3.44,+16.585, +4.277,+0.992
1636347780,+3.44,+16.593, +4.284,+0.991
1636347840,+3.44,+16.576, +4.296,+0.992
1636347900,+3.44,+16.593, +4.296,+0.991
1636347960,+3.44,+16.585, +4.304,+0.992
1636348020,+3.44,+16.602, +4.298,+0.992
1636348080,+3.44,+16.576, +4.299,+0.992
1636348140,+3.44,+16.585, +4.287,+0.992
1636348200,+3.44,+16.585, +4.277,+0.992
1636348260,+3.44,+16.585, +4.283,+0.991
1636348320,+3.44,+16.585, +4.287,+0.992
1636348380,+3.44,+16.585, +4.285,+0.992
1636348440,+3.44,+16.568, +4.291,+0.992
1636348500,+3.44,+16.585, +4.291,+0.992
1636348560,+3.44,+16.576, +4.289,+0.992
1636348620,+3.44,+16.585, +4.285,+0.992
1636348680,+3.44,+16.576, +4.278,+0.991
1636348740,+3.44,+16.568, +4.284,+0.992
1636348800,+3.44,+16.585, +4.295,+0.992
1636348860,+3.44,+16.559, +4.324,+0.992
1636348920,+3.44,+16.576, +4.355,+0.992
1636348980,+3.44,+16.568, +4.383,+0.992
1636349040,+3.44,+16.542, +4.413,+0.992
1636349100,+3.44,+16.576, +4.421,+0.992
1636349160,+3.44,+16.576, +4.431,+0.992
1636349220,+3.44,+16.576, +4.437,+0.992
1636349280,+3.44,+16.576, +4.436,+0.992
1636349340,+3.44,+16.551, +4.441,+0.992
1636349400,+3.44,+16.568, +4.444,+0.992
1636349460,+3.44,+16.576, +4.449,+0.992
1636349520,+3.44,+16.551, +4.458,+0.992
1636349580,+3.44,+16.568, +4.457,+0.992
1636349640,+3.44,+16.585, +4.447,+0.991
1636349700,+3.44,+16.576, +4.445,+0.992
1636349760,+3.44,+16.576, +4.445,+0.992
1636349820,+3.44,+16.568, +4.434,+0.992
1636349880,+3.44,+16.568, +4.429,+0.992
1636349940,+3.44,+16.568, +4.415,+0.991
1636350000,+3.44,+16.568, +4.415,+0.992
1636350060,+3.44,+16.559, +4.410,+0.992
1636350120,+3.44,+16.568, +4.405,+0.992
1636350180,+3.44,+16.568, +4.397,+0.992
1636350240,+3.44,+16.568, +4.390,+0.992
1636350300,+3.44,+16.568, +4.393,+0.992
1636350360,+3.44,+16.568, +4.387,+0.992
1636350420,+3.44,+16.559, +4.389,+0.992
1636350480,+3.44,+16.559, +4.382,+0.992
1636350540,+3.44,+16.576, +4.373,+0.992
1636350600,+3.44,+16.559, +4.376,+0.992
1636350660,+3.44,+16.568, +4.378,+0.992
1636350720,+3.44,+16.551, +4.375,+0.992
1636350780,+3.44,+16.568, +4.364,+0.992
1636350840,+3.44,+16.576, +4.357,+0.992
1636350900,+3.44,+16.576, +4.359,+0.992
1636350960,+3.44,+16.559, +4.354,+0.992
1636351020,+3.44,+16.576, +4.355,+0.992
1636351080,+3.44,+16.568, +4.359,+0.992
1636351140,+3.44,+16.576, +4.363,+0.992
1636351200,+3.44,+16.559, +4.364,+0.992
1636351260,+3.44,+16.568, +4.363,+0.992
1636351320,+3.44,+16.568, +4.369,+0.992
1636351380,+3.44,+16.568, +4.372,+0.992
1636351440,+3.44,+16.576, +4.370,+0.992
1636351500,+3.44,+16.559, +4.372,+0.992
1636351560,+3.44,+16.576, +4.360,+0.992
1636351620,+3.44,+16.551, +4.356,+0.992
1636351680,+3.44,+16.585, +4.350,+0.992
1636351740,+3.44,+16.585, +4.355,+0.992
1636351800,+3.44,+16.576, +4.358,+0.992
1636351860,+3.44,+16.576, +4.359,+0.992
1636351920,+3.44,+16.576, +4.366,+0.992
1636351980,+3.44,+16.568, +4.375,+0.992
1636352040,+3.44,+16.568, +4.379,+0.992
1636352100,+3.44,+16.568, +4.388,+0.992
1636352160,+3.44,+16.576, +4.389,+0.992
1636352220,+3.44,+16.559, +4.394,+0.992
1636352280,+3.44,+16.568, +4.403,+0.992
1636352340,+3.44,+16.568, +4.410,+0.992
1636352400,+3.44,+16.568, +4.421,+0.992
1636352460,+3.44,+16.576, +4.423,+0.992
1636352520,+3.44,+16.576, +4.428,+0.992
1636352580,+3.44,+16.559, +4.430,+0.992
1636352640,+3.44,+16.576, +4.425,+0.992
1636352700,+3.44,+16.568, +4.424,+0.992
1636352760,+3.44,+16.568, +4.423,+0.992
1636352820,+3.44,+16.576, +4.422,+0.992
1636352880,+3.44,+16.551, +4.428,+0.992
1636352940,+3.44,+16.568, +4.425,+0.992
1636353000,+3.44,+16.542, +4.426,+0.992
1636353060,+3.44,+16.576, +4.419,+0.992
1636353120,+3.44,+16.576, +4.420,+0.992
1636353180,+3.44,+16.576, +4.425,+0.992
1636353240,+3.44,+16.568, +4.422,+0.992
1636353300,+3.44,+16.576, +4.417,+0.992
1636353360,+3.44,+16.568, +4.414,+0.992
1636353420,+3.44,+16.568, +4.410,+0.992
1636353480,+3.44,+16.568, +4.411,+0.992
1636353540,+3.44,+16.559, +4.408,+0.992
1636353600,+3.44,+16.568, +4.387,+0.992
1636353660,+3.44,+16.551, +4.374,+0.992
1636353720,+3.44,+16.568, +4.363,+0.992
1636353780,+3.44,+16.559, +4.363,+0.992
1636353840,+3.44,+16.576, +4.350,+0.991
1636353900,+3.44,+16.576, +4.342,+0.992
1636353960,+3.44,+16.576, +4.321,+0.992
1636354020,+3.44,+16.585, +4.303,+0.992
1636354080,+3.44,+16.559, +4.307,+0.992
1636354140,+3.44,+16.568, +4.321,+0.992
1636354200,+3.44,+16.559, +4.338,+0.992
1636354260,+3.44,+16.559, +4.347,+0.992
1636354320,+3.44,+16.559, +4.352,+0.991
1636354380,+3.44,+16.568, +4.363,+0.992
1636354440,+3.44,+16.568, +4.368,+0.992
1636354500,+3.44,+16.559, +4.375,+0.992
1636354560,+3.44,+16.559, +4.370,+0.992
1636354620,+3.44,+16.551, +4.376,+0.992
1636354680,+3.44,+16.568, +4.371,+0.992
1636354740,+3.44,+16.559, +4.366,+0.992
1636354800,+3.44,+16.559, +4.361,+0.992
1636354860,+3.44,+16.559, +4.354,+0.992
1636354920,+3.44,+16.559, +4.345,+0.992
1636354980,+3.44,+16.568, +4.329,+0.991
1636355040,+3.44,+16.551, +4.323,+0.992
1636355100,+3.44,+16.568, +4.316,+0.992
1636355160,+3.44,+16.568, +4.313,+0.991
1636355220,+3.44,+16.551, +4.316,+0.992
1636355280,+3.44,+16.568, +4.307,+0.991
1636355340,+3.44,+16.551, +4.308,+0.992
1636355400,+3.44,+16.559, +4.303,+0.992
1636355460,+3.44,+16.576, +4.306,+0.992
1636355520,+3.44,+16.576, +4.311,+0.992
1636355580,+3.44,+16.576, +4.323,+0.992
1636355640,+3.44,+16.585, +4.330,+0.992
1636355700,+3.44,+16.585, +4.333,+0.992
1636355760,+3.44,+16.593, +4.335,+0.992
1636355820,+3.44,+16.593, +4.338,+0.992
1636355880,+3.44,+16.576, +4.340,+0.991
1636355940,+3.44,+16.593, +4.340,+0.991
1636356000,+3.44,+16.576, +4.340,+0.992
1636356060,+3.44,+16.593, +4.330,+0.992
1636356120,+3.44,+16.585, +4.322,+0.992
1636356180,+3.44,+16.593, +4.306,+0.992
1636356240,+3.44,+16.576, +4.304,+0.992
1636356300,+3.44,+16.585, +4.299,+0.992
1636356360,+3.44,+16.576, +4.305,+0.992
1636356420,+3.44,+16.576, +4.308,+0.992
1636356480,+3.44,+16.576, +4.310,+0.992
1636356540,+3.44,+16.585, +4.310,+0.992
1636356600,+3.44,+16.568, +4.315,+0.991
1636356660,+3.44,+16.576, +4.326,+0.992
1636356720,+3.44,+16.585, +4.329,+0.992
1636356780,+3.44,+16.585, +4.326,+0.992
1636356840,+3.44,+16.585, +4.328,+0.992
1636356900,+3.44,+16.559, +4.334,+0.992
1636356960,+3.44,+16.585, +4.332,+0.992
1636357020,+3.44,+16.576, +4.327,+0.991
1636357080,+3.44,+16.568, +4.327,+0.991
1636357140,+3.44,+16.559, +4.329,+0.992
1636357200,+3.44,+16.559, +4.339,+0.992
1636357260,+3.44,+16.576, +4.345,+0.992
1636357320,+3.44,+16.568, +4.352,+0.991
1636357380,+3.44,+16.576, +4.357,+0.992
1636357440,+3.44,+16.568, +4.363,+0.992
1636357500,+3.44,+16.585, +4.364,+0.992
1636357560,+3.44,+16.568, +4.363,+0.992
1636357620,+3.44,+16.576, +4.347,+0.992
1636357680,+3.44,+16.585, +4.334,+0.992
1636357740,+3.44,+16.585, +4.313,+0.992
1636357800,+3.44,+16.559, +4.295,+0.992
1636357860,+3.44,+16.576, +4.281,+0.992
1636357920,+3.44,+16.576, +4.267,+0.991
1636357980,+3.44,+16.576, +4.261,+0.992
1636358040,+3.44,+16.559, +4.263,+0.992
1636358100,+3.44,+16.576, +4.262,+0.992
1636358160,+3.44,+16.568, +4.263,+0.992
1636358220,+3.44,+16.576, +4.268,+0.992
1636358280,+3.44,+16.568, +4.285,+0.992
1636358340,+3.44,+16.568, +4.293,+0.992
1636358400,+3.44,+16.593, +4.292,+0.992
1636358460,+3.44,+16.576, +4.305,+0.992
1636358520,+3.44,+16.593, +4.321,+0.992
1636358580,+3.44,+16.559, +4.334,+0.992
1636358640,+3.44,+16.568, +4.341,+0.992
1636358700,+3.44,+16.576, +4.353,+0.992
1636358760,+3.44,+16.559, +4.366,+0.992
1636358820,+3.44,+16.559, +4.370,+0.992
1636358880,+3.44,+16.568, +4.377,+0.992
1636358940,+3.44,+16.551, +4.382,+0.992
1636359000,+3.44,+16.559, +4.379,+0.992
1636359060,+3.44,+16.576, +4.374,+0.992
1636359120,+3.44,+16.559, +4.364,+0.992
1636359180,+3.44,+16.559, +4.356,+0.992
1636359240,+3.44,+16.559, +4.346,+0.992
1636359300,+3.44,+16.542, +4.339,+0.992
1636359360,+3.44,+16.542, +4.334,+0.992
1636359420,+3.44,+16.568, +4.318,+0.991
1636359480,+3.44,+16.568, +4.313,+0.992
1636359540,+3.44,+16.551, +4.310,+0.992
1636359600,+3.44,+16.576, +4.300,+0.991
1636359660,+3.44,+16.559, +4.302,+0.992
1636359720,+3.44,+16.551, +4.298,+0.992
1636359780,+3.44,+16.576, +4.291,+0.991
1636359840,+3.44,+16.551, +4.300,+0.992
1636359900,+3.44,+16.559, +4.294,+0.991
1636359960,+3.44,+16.551, +4.299,+0.992
1636360020,+3.44,+16.551, +4.289,+0.991
1636360080,+3.44,+16.542, +4.290,+0.992
1636360140,+3.44,+16.559, +4.287,+0.992
1636360200,+3.44,+16.559, +4.290,+0.991
1636360260,+3.44,+16.559, +4.290,+0.992
1636360320,+3.44,+16.559, +4.289,+0.992
1636360380,+3.44,+16.568, +4.292,+0.992
1636360440,+3.44,+16.551, +4.312,+0.992
1636360500,+3.44,+16.576, +4.322,+0.992
1636360560,+3.44,+16.559, +4.330,+0.992
1636360620,+3.44,+16.568, +4.340,+0.992
1636360680,+3.44,+16.568, +4.351,+0.992
1636360740,+3.44,+16.576, +4.354,+0.992
1636360800,+3.44,+16.576, +4.344,+0.992
1636360860,+3.44,+16.576, +4.341,+0.991
1636360920,+3.44,+16.568, +4.338,+0.992
1636360980,+3.44,+16.559, +4.330,+0.992
1636361040,+3.44,+16.559, +4.317,+0.992
1636361100,+3.44,+16.568, +4.313,+0.992
1636361160,+3.44,+16.576, +4.316,+0.992
1636361220,+3.44,+16.576, +4.313,+0.991
1636361280,+3.44,+16.568, +4.315,+0.992
1636361340,+3.44,+16.568, +4.314,+0.992
1636361400,+3.44,+16.576, +4.301,+0.991
1636361460,+3.44,+16.576, +4.302,+0.992
1636361520,+3.44,+16.568, +4.303,+0.992
1636361580,+3.44,+16.593, +4.322,+0.991
1636361640,+3.44,+16.568, +4.349,+0.991
1636361700,+3.44,+16.593, +4.353,+0.992
1636361760,+3.44,+16.576, +4.352,+0.991
1636361820,+3.44,+16.568, +4.349,+0.991
1636361880,+3.44,+16.576, +4.347,+0.992
1636361940,+3.44,+16.576, +4.342,+0.992
1636362000,+3.44,+16.576, +4.330,+0.992
1636362060,+3.44,+16.576, +4.317,+0.991
1636362120,+3.44,+16.568, +4.312,+0.992
1636362180,+3.44,+16.576, +4.309,+0.992
1636362240,+3.44,+16.593, +4.313,+0.992
1636362300,+3.44,+16.576, +4.322,+0.992
1636362360,+3.44,+16.559, +4.326,+0.992
1636362420,+3.44,+16.559, +4.330,+0.992
1636362480,+3.44,+16.568, +4.327,+0.992
1636362540,+3.44,+16.559, +4.322,+0.992
1636362600,+3.44,+16.559, +4.316,+0.992
1636362660,+3.44,+16.568, +4.304,+0.992
1636362720,+3.44,+16.568, +4.287,+0.992
1636362780,+3.44,+16.585, +4.274,+0.992
1636362840,+3.44,+16.585, +4.262,+0.991
1636362900,+3.44,+16.593, +4.261,+0.991
1636362960,+3.44,+16.585, +4.268,+0.992
1636363020,+3.44,+16.602, +4.262,+0.991
1636363080,+3.44,+16.576, +4.270,+0.992
1636363140,+3.44,+16.593, +4.266,+0.991
1636363200,+3.44,+16.585, +4.270,+0.992
1636363260,+3.44,+16.585, +4.268,+0.992
1636363320,+3.44,+16.576, +4.265,+0.992
1636363380,+3.44,+16.585, +4.257,+0.992
1636363440,+3.44,+16.602, +4.240,+0.992
1636363500,+3.44,+16.602, +4.229,+0.991
1636363560,+3.44,+16.602, +4.232,+0.992
1636363620,+3.44,+16.602, +4.242,+0.992
1636363680,+3.44,+16.610, +4.254,+0.992
1636363740,+3.44,+16.602, +4.268,+0.992
1636363800,+3.44,+16.602, +4.285,+0.992
1636363860,+3.44,+16.576, +4.312,+0.992
1636363920,+3.44,+16.593, +4.332,+0.992
1636363980,+3.44,+16.593, +4.333,+0.992
1636364040,+3.44,+16.602, +4.332,+0.992
1636364100,+3.44,+16.602, +4.344,+0.992
1636364160,+3.44,+16.576, +4.360,+0.992
1636364220,+3.44,+16.593, +4.362,+0.992
1636364280,+3.44,+16.593, +4.349,+0.992
1636364340,+3.44,+16.602, +4.355,+0.992
1636364400,+3.44,+16.585, +4.363,+0.992
1636364460,+3.44,+16.593, +4.361,+0.992
1636364520,+3.44,+16.576, +4.357,+0.992
1636364580,+3.44,+16.585, +4.370,+0.992
1636364640,+3.44,+16.585, +4.384,+0.992
1636364700,+3.44,+16.585, +4.386,+0.991
1636364760,+3.44,+16.568, +4.397,+0.992
1636364820,+3.44,+16.585, +4.394,+0.992
1636364880,+3.44,+16.576, +4.385,+0.992
1636364940,+3.44,+16.568, +4.364,+0.992
1636365000,+3.44,+16.585, +4.361,+0.992
1636365060,+3.44,+16.576, +4.369,+0.992
1636365120,+3.44,+16.576, +4.372,+0.992
1636365180,+3.44,+16.593, +4.366,+0.992
1636365240,+3.44,+16.576, +4.365,+0.992
1636365300,+3.44,+16.576, +4.354,+0.991
1636365360,+3.44,+16.568, +4.356,+0.992
1636365420,+3.44,+16.559, +4.350,+0.992
1636365480,+3.44,+16.559, +4.344,+0.992
1636365540,+3.44,+16.568, +4.333,+0.992
1636365600,+3.44,+16.551, +4.329,+0.992
1636365660,+3.44,+16.576, +4.321,+0.992
1636365720,+3.44,+16.568, +4.325,+0.992
1636365780,+3.44,+16.559, +4.321,+0.992
1636365840,+3.44,+16.576, +4.319,+0.992
1636365900,+3.44,+16.585, +4.323,+0.992
1636365960,+3.44,+16.585, +4.325,+0.992
1636366020,+3.44,+16.568, +4.318,+0.992
1636366080,+3.44,+16.568, +4.317,+0.992
1636366140,+3.44,+16.559, +4.317,+0.992
1636366200,+3.44,+16.576, +4.308,+0.992
1636366260,+3.44,+16.585, +4.298,+0.992
1636366320,+3.44,+16.568, +4.290,+0.992
1636366380,+3.44,+16.559, +4.286,+0.992
1636366440,+3.44,+16.559, +4.280,+0.991
1636366500,+3.44,+16.568, +4.284,+0.992
1636366560,+3.44,+16.551, +4.283,+0.992
1636366620,+3.44,+16.568, +4.272,+0.992
1636366680,+3.44,+16.559, +4.273,+0.992
1636366740,+3.44,+16.559, +4.275,+0.992
1636366800,+3.44,+16.568, +4.272,+0.992
1636366860,+3.44,+16.559, +4.272,+0.992
1636366920,+3.44,+16.568, +4.264,+0.992
1636366980,+3.44,+16.559, +4.259,+0.992
1636367040,+3.44,+16.568, +4.246,+0.992
1636367100,+3.44,+16.568, +4.239,+0.992
1636367160,+3.44,+16.559, +4.237,+0.992
1636367220,+3.44,+16.559, +4.236,+0.992
1636367280,+3.44,+16.559, +4.235,+0.991
1636367340,+3.44,+16.559, +4.235,+0.992
1636367400,+3.44,+16.585, +4.229,+0.992
1636367460,+3.44,+16.568, +4.229,+0.991
1636367520,+3.44,+16.568, +4.232,+0.992
1636367580,+3.44,+16.551, +4.238,+0.992
1636367640,+3.44,+16.568, +4.243,+0.992
1636367700,+3.44,+16.576, +4.251,+0.992
1636367760,+3.44,+16.559, +4.261,+0.992
1636367820,+3.44,+16.568, +4.265,+0.991
1636367880,+3.44,+16.576, +4.274,+0.992
1636367940,+3.44,+16.568, +4.277,+0.991
1636368000,+3.44,+16.559, +4.287,+0.992
1636368060,+3.44,+16.559, +4.293,+0.992
1636368120,+3.44,+16.568, +4.301,+0.992
1636368180,+3.44,+16.559, +4.308,+0.992
1636368240,+3.44,+16.568, +4.306,+0.992
1636368300,+3.44,+16.568, +4.302,+0.992
1636368360,+3.44,+16.585, +4.288,+0.992
1636368420,+3.44,+16.559, +4.287,+0.992
1636368480,+3.44,+16.568, +4.287,+0.992
1636368540,+3.44,+16.568, +4.289,+0.992
1636368600,+3.44,+16.559, +4.287,+0.992
1636368660,+3.44,+16.551, +4.288,+0.992
1636368720,+3.44,+16.559, +4.282,+0.992
1636368780,+3.44,+16.559, +4.274,+0.991
1636368840,+3.44,+16.568, +4.265,+0.992
1636368900,+3.44,+16.559, +4.256,+0.992
1636368960,+3.44,+16.576, +4.245,+0.991
1636369020,+3.44,+16.568, +4.235,+0.991
1636369080,+3.44,+16.559, +4.236,+0.992
1636369140,+3.44,+16.551, +4.239,+0.992
1636369200,+3.44,+16.568, +4.230,+0.992
1636369260,+3.44,+16.576, +4.228,+0.991
1636369320,+3.44,+16.568, +4.240,+0.992
1636369380,+3.44,+16.551, +4.248,+0.992
1636369440,+3.44,+16.559, +4.258,+0.992
1636369500,+3.44,+16.568, +4.265,+0.992
1636369560,+3.44,+16.551, +4.274,+0.992
1636369620,+3.44,+16.568, +4.268,+0.992
1636369680,+3.44,+16.559, +4.267,+0.992
1636369740,+3.44,+16.585, +4.246,+0.992
1636369800,+3.44,+16.559, +4.249,+0.992
1636369860,+3.44,+16.585, +4.254,+0.992
1636369920,+3.44,+16.576, +4.269,+0.992
1636369980,+3.44,+16.576, +4.278,+0.992
1636370040,+3.44,+16.568, +4.291,+0.992
1636370100,+3.44,+16.585, +4.303,+0.992
1636370160,+3.44,+16.585, +4.306,+0.992
1636370220,+3.44,+16.576, +4.309,+0.992
1636370280,+3.44,+16.576, +4.311,+0.992
1636370340,+3.44,+16.585, +4.302,+0.992
1636370400,+3.44,+16.576, +4.292,+0.992
1636370460,+3.44,+16.585, +4.289,+0.992
1636370520,+3.44,+16.585, +4.292,+0.992
1636370580,+3.44,+16.576, +4.293,+0.992
1636370640,+3.44,+16.576, +4.298,+0.991
1636370700,+3.44,+16.576, +4.305,+0.992
1636370760,+3.44,+16.585, +4.309,+0.992
1636370820,+3.44,+16.576, +4.310,+0.992
1636370880,+3.44,+16.585, +4.308,+0.992
1636370940,+3.44,+16.568, +4.309,+0.992
1636371000,+3.44,+16.568, +4.306,+0.992
1636371060,+3.44,+16.559, +4.304,+0.992
1636371120,+3.44,+16.568, +4.297,+0.992
1636371180,+3.44,+16.585, +4.287,+0.992
1636371240,+3.44,+16.568, +4.292,+0.992
1636371300,+3.44,+16.576, +4.286,+0.992
1636371360,+3.44,+16.576, +4.283,+0.992
1636371420,+3.44,+16.576, +4.280,+0.992
1636371480,+3.44,+16.576, +4.272,+0.992
1636371540,+3.44,+16.576, +4.262,+0.991
1636371600,+3.44,+16.593, +4.252,+0.992
1636371660,+3.44,+16.559, +4.260,+0.992
1636371720,+3.44,+16.576, +4.262,+0.992
1636371780,+3.44,+16.576, +4.271,+0.992
1636371840,+3.44,+16.568, +4.281,+0.992
1636371900,+3.44,+16.585, +4.269,+0.992
1636371960,+3.44,+16.559, +4.271,+0.992
1636372020,+3.44,+16.568, +4.275,+0.992
1636372080,+3.44,+16.576, +4.273,+0.992
1636372140,+3.44,+16.585, +4.279,+0.992
1636372200,+3.44,+16.585, +4.274,+0.992
1636372260,+3.44,+16.576, +4.274,+0.992
1636372320,+3.44,+16.568, +4.278,+0.991
1636372380,+3.44,+16.559, +4.298,+0.992
1636372440,+3.44,+16.576, +4.292,+0.991
1636372500,+3.44,+16.559, +4.301,+0.992
1636372560,+3.44,+16.585, +4.305,+0.992
1636372620,+3.44,+16.585, +4.312,+0.992
1636372680,+3.44,+16.585, +4.313,+0.992
1636372740,+3.44,+16.568, +4.319,+0.992
1636372800,+3.44,+16.585, +4.315,+0.992
1636372860,+3.44,+16.576, +4.305,+0.992
1636372920,+3.44,+16.568, +4.299,+0.992
1636372980,+3.44,+16.576, +4.286,+0.992
1636373040,+3.44,+16.576, +4.276,+0.991
1636373100,+3.44,+16.568, +4.272,+0.991
1636373160,+3.44,+16.559, +4.276,+0.992
1636373220,+3.44,+16.585, +4.271,+0.992
1636373280,+3.44,+16.585, +4.266,+0.992
1636373340,+3.44,+16.568, +4.260,+0.992
1636373400,+3.44,+16.568, +4.255,+0.992
1636373460,+3.44,+16.568, +4.246,+0.992
1636373520,+3.44,+16.576, +4.242,+0.992
1636373580,+3.44,+16.576, +4.236,+0.992
1636373640,+3.44,+16.576, +4.234,+0.992
1636373700,+3.44,+16.568, +4.229,+0.992
1636373760,+3.44,+16.568, +4.216,+0.992
1636373820,+3.44,+16.568, +4.251,+0.992
1636373880,+3.44,+16.568, +4.254,+0.991
1636373940,+3.44,+16.568, +4.242,+0.991
1636374000,+3.44,+16.585, +4.232,+0.992
1636374060,+3.44,+16.585, +4.219,+0.992
1636374120,+3.44,+16.576, +4.208,+0.992
1636374180,+3.44,+16.568, +4.191,+0.992
1636374240,+3.44,+16.585, +4.166,+0.991
1636374300,+3.44,+16.585, +4.156,+0.992
1636374360,+3.44,+16.585, +4.150,+0.992
1636374420,+3.44,+16.576, +4.148,+0.991
1636374480,+3.44,+16.602, +4.149,+0.991
1636374540,+3.44,+16.576, +4.159,+0.992
1636374600,+3.44,+16.576, +4.162,+0.992
1636374660,+3.44,+16.568, +4.158,+0.991
1636374720,+3.44,+16.576, +4.161,+0.992
1636374780,+3.44,+16.576, +4.162,+0.991
1636374840,+3.44,+16.585, +4.162,+0.992
1636374900,+3.44,+16.585, +4.157,+0.992
1636374960,+3.44,+16.585, +4.156,+0.992
1636375020,+3.44,+16.551, +4.162,+0.992
1636375080,+3.44,+16.585, +4.164,+0.992
1636375140,+3.44,+16.576, +4.187,+0.992
1636375200,+3.44,+16.568, +4.207,+0.992
1636375260,+3.44,+16.585, +4.213,+0.992
1636375320,+3.44,+16.593, +4.218,+0.992
1636375380,+3.44,+16.585, +4.219,+0.991
1636375440,+3.44,+16.593, +4.216,+0.992
1636375500,+3.44,+16.602, +4.211,+0.992
1636375560,+3.44,+16.585, +4.210,+0.992
1636375620,+3.44,+16.585, +4.210,+0.992
1636375680,+3.44,+16.585, +4.208,+0.992
1636375740,+3.44,+16.593, +4.205,+0.992
1636375800,+3.44,+16.585, +4.202,+0.992
1636375860,+3.44,+16.585, +4.202,+0.992
1636375920,+3.44,+16.585, +4.201,+0.992
1636375980,+3.44,+16.585, +4.201,+0.992
1636376040,+3.44,+16.593, +4.202,+0.992
1636376100,+3.44,+16.568, +4.207,+0.992
1636376160,+3.44,+16.585, +4.201,+0.992
1636376220,+3.44,+16.576, +4.200,+0.991
1636376280,+3.44,+16.585, +4.199,+0.992
1636376340,+3.44,+16.576, +4.196,+0.992
1636376400,+3.44,+16.585, +4.193,+0.991
1636376460,+3.44,+16.602, +4.192,+0.992
1636376520,+3.44,+16.585, +4.197,+0.992
1636376580,+3.44,+16.585, +4.195,+0.992
1636376640,+3.44,+16.559, +4.196,+0.992
1636376700,+3.44,+16.576, +4.195,+0.992
1636376760,+3.44,+16.593, +4.217,+0.992
1636376820,+3.44,+16.576, +4.233,+0.992
1636376880,+3.44,+16.593, +4.244,+0.992
1636376940,+3.44,+16.568, +4.249,+0.992
1636377000,+3.44,+16.576, +4.242,+0.992
1636377060,+3.44,+16.576, +4.239,+0.992
1636377120,+3.44,+16.602, +4.237,+0.992
1636377180,+3.44,+16.585, +4.241,+0.992
1636377240,+3.44,+16.593, +4.230,+0.992
1636377300,+3.44,+16.593, +4.223,+0.992
1636377360,+3.44,+16.576, +4.218,+0.992
1636377420,+3.44,+16.576, +4.206,+0.992
1636377480,+3.44,+16.576, +4.199,+0.992
1636377540,+3.44,+16.585, +4.233,+0.991
1636377600,+3.44,+16.593, +4.333,+0.992
1636377660,+3.44,+16.568, +4.404,+0.992
1636377720,+3.44,+16.568, +4.402,+0.992
1636377780,+3.44,+16.568, +4.362,+0.992
1636377840,+3.44,+16.576, +4.348,+0.992
1636377900,+3.44,+16.585, +4.352,+0.992
1636377960,+3.44,+16.585, +4.332,+0.992
1636378020,+3.44,+16.585, +4.318,+0.992
1636378080,+3.44,+16.576, +4.303,+0.992
1636378140,+3.44,+16.585, +4.301,+0.992
1636378200,+3.44,+16.576, +4.313,+0.992
1636378260,+3.44,+16.593, +4.324,+0.992
1636378320,+3.44,+16.585, +4.341,+0.992
1636378380,+3.44,+16.585, +4.354,+0.992
1636378440,+3.44,+16.602, +4.367,+0.992
1636378500,+3.44,+16.576, +4.382,+0.992
1636378560,+3.44,+16.576, +4.421,+0.992
1636378620,+3.44,+16.585, +4.434,+0.992
1636378680,+3.44,+16.576, +4.453,+0.992
1636378740,+3.44,+16.593, +4.476,+0.992
1636378800,+3.44,+16.593, +4.494,+0.992
1636378860,+3.44,+16.593, +4.517,+0.992
1636378920,+3.44,+16.576, +4.547,+0.992
1636378980,+3.44,+16.585, +4.533,+0.992
1636379040,+3.44,+16.585, +4.457,+0.992
1636379100,+3.44,+16.585, +4.383,+0.992
1636379160,+3.44,+16.576, +4.349,+0.992
1636379220,+3.44,+16.593, +4.320,+0.992
1636379280,+3.44,+16.585, +4.307,+0.992
1636379340,+3.44,+16.576, +4.288,+0.992
1636379400,+3.44,+16.576, +4.296,+0.992
1636379460,+3.44,+16.585, +4.344,+0.991
1636379520,+3.44,+16.568, +4.342,+0.992
1636379580,+3.44,+16.593, +4.285,+0.992
1636379640,+3.44,+16.576, +4.252,+0.992
1636379700,+3.44,+16.585, +4.232,+0.992
1636379760,+3.44,+16.593, +4.252,+0.992
1636379820,+3.44,+16.593, +4.277,+0.992
1636379880,+3.44,+16.602, +4.280,+0.992
1636379940,+3.44,+16.593, +4.270,+0.992
1636380000,+3.44,+16.576, +4.248,+0.992
1636380060,+3.44,+16.568, +4.241,+0.992
1636380120,+3.44,+16.585, +4.240,+0.991
1636380180,+3.44,+16.585, +4.231,+0.992
1636380240,+3.44,+16.593, +4.220,+0.992
1636380300,+3.44,+16.593, +4.217,+0.992
1636380360,+3.44,+16.585, +4.213,+0.992
1636380420,+3.44,+16.602, +4.197,+0.991
1636380480,+3.44,+16.585, +4.189,+0.992
1636380540,+3.44,+16.576, +4.174,+0.991
1636380600,+3.44,+16.576, +4.168,+0.991
1636380660,+3.44,+16.602, +4.166,+0.991
1636380720,+3.44,+16.585, +4.167,+0.991
1636380780,+3.44,+16.576, +4.172,+0.992
1636380840,+3.44,+16.576, +4.173,+0.992
1636380900,+3.44,+16.593, +4.157,+0.992
1636380960,+3.44,+16.576, +4.150,+0.991
1636381020,+3.44,+16.568, +4.430,+0.992
1636381080,+3.44,+16.568, +4.563,+0.992
1636381140,+3.44,+16.585, +4.619,+0.992
1636381200,+3.44,+16.568, +4.653,+0.992
1636381260,+3.44,+16.576, +4.665,+0.992
1636381320,+3.44,+16.568, +4.693,+0.992
1636381380,+3.44,+16.585, +4.733,+0.992
1636381440,+3.44,+16.559, +4.786,+0.992
1636381500,+3.44,+16.576, +4.807,+0.992
1636381560,+3.44,+16.551, +4.823,+0.992
1636381620,+3.44,+16.576, +4.820,+0.992
1636381680,+3.44,+16.559, +4.826,+0.992
1636381740,+3.44,+16.585, +4.814,+0.992
1636381800,+3.44,+16.568, +4.805,+0.992
1636381860,+3.44,+16.568, +4.792,+0.992
1636381920,+3.44,+16.585, +4.766,+0.992
1636381980,+3.44,+16.585, +4.748,+0.992
1636382040,+3.44,+16.576, +4.709,+0.992
1636382100,+3.44,+16.568, +4.680,+0.992
1636382160,+3.44,+16.585, +4.664,+0.992
1636382220,+3.44,+16.551, +4.657,+0.992
1636382280,+3.44,+16.568, +4.733,+0.992
1636382340,+3.44,+16.568, +4.805,+0.992
1636382400,+3.44,+16.576, +4.843,+0.992
1636382460,+3.44,+16.568, +4.868,+0.992
1636382520,+3.44,+16.576, +4.888,+0.992
1636382580,+3.44,+16.576, +4.902,+0.992
1636382640,+3.44,+16.585, +4.913,+0.992
1636382700,+3.44,+16.585, +4.933,+0.992
1636382760,+3.44,+16.593, +4.929,+0.992
1636382820,+3.44,+16.585, +4.925,+0.992
1636382880,+3.44,+16.576, +4.908,+0.992
1636382940,+3.44,+16.576, +4.870,+0.992
1636383000,+3.44,+16.593, +4.821,+0.992
1636383060,+3.44,+16.585, +4.773,+0.992
1636383120,+3.44,+16.585, +4.731,+0.992
1636383180,+3.44,+16.593, +4.697,+0.992
1636383240,+3.44,+16.602, +4.678,+0.992
1636383300,+3.44,+16.602, +4.669,+0.992
1636383360,+3.44,+16.602, +4.656,+0.992
1636383420,+3.44,+16.568, +4.660,+0.992
1636383480,+3.44,+16.593, +4.653,+0.992
1636383540,+3.44,+16.576, +4.705,+0.992
1636383600,+3.44,+16.585, +4.740,+0.992
1636383660,+3.44,+16.593, +4.766,+0.991
1636383720,+3.44,+16.585, +4.761,+0.992
1636383780,+3.44,+16.585, +4.822,+0.992
1636383840,+3.44,+16.568, +4.883,+0.992
1636383900,+3.44,+16.568, +4.966,+0.992
1636383960,+3.44,+16.568, +4.932,+0.992
1636384020,+3.44,+16.568, +4.784,+0.992
1636384080,+3.44,+16.568, +4.686,+0.992
1636384140,+3.44,+16.585, +4.673,+0.992
1636384200,+3.44,+16.568, +4.740,+0.992
1636384260,+3.44,+16.568, +4.810,+0.992
1636384320,+3.44,+16.576, +4.855,+0.992
1636384380,+3.44,+16.576, +4.884,+0.992
1636384440,+3.44,+16.576, +4.746,+0.992
1636384500,+3.44,+16.593, +4.425,+0.992
1636384560,+3.44,+16.585, +4.274,+0.992
1636384620,+3.44,+16.576, +4.253,+0.992
1636384680,+3.44,+16.576, +4.290,+0.992
1636384740,+3.44,+16.576, +4.334,+0.992
1636384800,+3.44,+16.568, +4.295,+0.992
1636384860,+3.44,+16.568, +4.175,+0.992
1636384920,+3.44,+16.568, +4.062,+0.991
1636384980,+3.44,+16.568, +3.969,+0.991
1636385040,+3.44,+16.585, +3.914,+0.992
1636385100,+3.44,+16.568, +3.877,+0.991
1636385160,+3.44,+16.585, +3.846,+0.992
1636385220,+3.44,+16.593, +3.814,+0.991
1636385280,+3.44,+16.576, +3.799,+0.991
1636385340,+3.44,+16.576, +3.783,+0.991
1636385400,+3.44,+16.576, +3.769,+0.991
1636385460,+3.44,+16.576, +3.758,+0.991
1636385520,+3.44,+16.568, +3.758,+0.992
1636385580,+3.44,+16.576, +3.742,+0.991
1636385640,+3.44,+16.585, +3.736,+0.991
1636385700,+3.44,+16.576, +3.758,+0.991
1636385760,+3.44,+16.585, +3.789,+0.991
1636385820,+3.44,+16.576, +3.812,+0.991
1636385880,+3.44,+16.568, +3.852,+0.991
1636385940,+3.44,+16.559, +3.866,+0.991
1636386000,+3.44,+16.576, +3.864,+0.991
1636386060,+3.44,+16.568, +3.865,+0.991
1636386120,+3.44,+16.568, +3.857,+0.991
1636386180,+3.44,+16.559, +3.857,+0.991
1636386240,+3.44,+16.568, +3.856,+0.992
1636386300,+3.44,+16.593, +3.848,+0.991
1636386360,+3.44,+16.568, +3.848,+0.991
1636386420,+3.44,+16.568, +3.844,+0.991
1636386480,+3.44,+16.576, +3.845,+0.991
1636386540,+3.44,+16.568, +3.848,+0.992
1636386600,+3.44,+16.568, +3.841,+0.991
1636386660,+3.44,+16.585, +3.837,+0.991
1636386720,+3.44,+16.585, +3.836,+0.991
1636386780,+3.44,+16.568, +3.839,+0.991
1636386840,+3.44,+16.568, +3.839,+0.992
1636386900,+3.44,+16.568, +3.839,+0.991
1636386960,+3.44,+16.585, +3.842,+0.991
1636387020,+3.44,+16.568, +3.851,+0.991
1636387080,+3.44,+16.593, +3.854,+0.991
1636387140,+3.44,+16.576, +3.865,+0.991
1636387200,+3.44,+16.585, +3.864,+0.991
1636387260,+3.44,+16.593, +3.866,+0.991
1636387320,+3.44,+16.585, +3.871,+0.991
1636387380,+3.44,+16.576, +3.872,+0.991
1636387440,+3.44,+16.585, +3.868,+0.991
1636387500,+3.44,+16.585, +3.859,+0.991
1636387560,+3.44,+16.585, +3.852,+0.991
1636387620,+3.44,+16.593, +3.841,+0.991
1636387680,+3.44,+16.576, +3.837,+0.991
1636387740,+3.44,+16.568, +3.833,+0.991
1636387800,+3.44,+16.585, +3.831,+0.991
1636387860,+3.44,+16.568, +3.835,+0.991
1636387920,+3.44,+16.576, +3.842,+0.991
1636387980,+3.44,+16.576, +3.842,+0.991
1636388040,+3.44,+16.568, +3.841,+0.991
1636388100,+3.44,+16.576, +3.848,+0.991
1636388160,+3.44,+16.576, +3.851,+0.991
1636388220,+3.44,+16.576, +3.852,+0.991
1636388280,+3.44,+16.576, +3.869,+0.991
1636388340,+3.44,+16.585, +3.879,+0.991
1636388400,+3.44,+16.576, +3.877,+0.992
1636388460,+3.44,+16.593, +3.874,+0.991
1636388520,+3.44,+16.559, +3.895,+0.991
1636388580,+3.44,+16.585, +3.902,+0.991
1636388640,+3.44,+16.568, +3.905,+0.991
1636388700,+3.44,+16.576, +3.892,+0.991
1636388760,+3.44,+16.576, +3.888,+0.991
1636388820,+3.44,+16.568, +3.911,+0.992
1636388880,+3.44,+16.585, +3.955,+0.992
1636388940,+3.44,+16.585, +4.019,+0.992
1636389000,+3.44,+16.568, +4.077,+0.992
1636389060,+3.44,+16.568, +4.124,+0.991
1636389120,+3.44,+16.568, +4.158,+0.992
1636389180,+3.44,+16.568, +4.175,+0.992
1636389240,+3.44,+16.568, +4.189,+0.992
1636389300,+3.44,+16.568, +4.206,+0.992
1636389360,+3.44,+16.568, +4.223,+0.992
1636389420,+3.44,+16.568, +4.285,+0.992
1636389480,+3.44,+16.576, +4.304,+0.992
1636389540,+3.44,+16.559, +4.314,+0.992
1636389600,+3.44,+16.559, +4.319,+0.991
1636389660,+3.44,+16.559, +4.341,+0.992
1636389720,+3.44,+16.568, +4.344,+0.992
1636389780,+3.44,+16.568, +4.374,+0.992
1636389840,+3.44,+16.568, +4.413,+0.992
1636389900,+3.44,+16.568, +4.442,+0.992
1636389960,+3.44,+16.568, +4.461,+0.992
1636390020,+3.44,+16.576, +4.470,+0.992
1636390080,+3.44,+16.576, +4.478,+0.991
