7450-839638
OS REV: 1.05 Sensor Cal: 1615486580
Time (sec),  BV (Volts),  T (deg C),  DO (mg/l),  Q ()
1636390140,+3.44,+16.568, +4.492,+0.992
1636390200,+3.44,+16.576, +4.503,+0.992
1636390260,+3.44,+16.568, +4.511,+0.992
1636390320,+3.44,+16.559, +4.511,+0.992
1636390380,+3.44,+16.568, +4.505,+0.992
1636390440,+3.44,+16.576, +4.507,+0.992
1636390500,+3.44,+16.568, +4.496,+0.992
1636390560,+3.44,+16.576, +4.496,+0.991
1636390620,+3.44,+16.568, +4.512,+0.992
1636390680,+3.44,+16.568, +4.525,+0.992
1636390740,+3.44,+16.568, +4.534,+0.992
1636390800,+3.44,+16.585, +4.535,+0.991
1636390860,+3.44,+16.585, +4.551,+0.992
1636390920,+3.44,+16.559, +4.570,+0.992
1636390980,+3.44,+16.576, +4.568,+0.992
1636391040,+3.44,+16.559, +4.560,+0.992
1636391100,+3.44,+16.542, +4.583,+0.992
1636391160,+3.44,+16.542, +4.613,+0.992
1636391220,+3.44,+16.551, +4.634,+0.992
1636391280,+3.44,+16.568, +4.640,+0.992
1636391340,+3.44,+16.568, +4.594,+0.992
1636391400,+3.44,+16.559, +4.568,+0.992
1636391460,+3.44,+16.559, +4.476,+0.992
1636391520,+3.44,+16.559, +4.488,+0.992
1636391580,+3.44,+16.576, +4.494,+0.992
1636391640,+3.44,+16.576, +4.517,+0.992
1636391700,+3.44,+16.568, +4.524,+0.992
1636391760,+3.44,+16.551, +4.476,+0.992
1636391820,+3.44,+16.568, +4.466,+0.992
1636391880,+3.44,+16.559, +4.505,+0.992
1636391940,+3.44,+16.576, +4.514,+0.992
1636392000,+3.44,+16.559, +4.470,+0.992
1636392060,+3.44,+16.568, +4.387,+0.992
1636392120,+3.44,+16.568, +4.358,+0.992
1636392180,+3.44,+16.585, +4.344,+0.992
1636392240,+3.44,+16.568, +4.335,+0.992
1636392300,+3.44,+16.576, +4.319,+0.992
1636392360,+3.44,+16.568, +4.329,+0.992
1636392420,+3.44,+16.568, +4.337,+0.992
1636392480,+3.44,+16.568, +4.353,+0.992
1636392540,+3.44,+16.568, +4.342,+0.992
1636392600,+3.44,+16.559, +4.328,+0.992
1636392660,+3.44,+16.576, +4.291,+0.992
1636392720,+3.44,+16.568, +4.288,+0.992
1636392780,+3.44,+16.585, +4.292,+0.992
1636392840,+3.44,+16.576, +4.285,+0.992
1636392900,+3.44,+16.568, +4.271,+0.992
1636392960,+3.44,+16.576, +4.250,+0.992
1636393020,+3.44,+16.593, +4.227,+0.992
1636393080,+3.44,+16.551, +4.218,+0.991
1636393140,+3.44,+16.568, +4.201,+0.992
1636393200,+3.44,+16.576, +4.196,+0.991
1636393260,+3.44,+16.568, +4.193,+0.992
1636393320,+3.44,+16.576, +4.191,+0.992
1636393380,+3.44,+16.585, +4.188,+0.992
1636393440,+3.44,+16.568, +4.196,+0.992
1636393500,+3.44,+16.585, +4.193,+0.992
1636393560,+3.44,+16.559, +4.190,+0.992
1636393620,+3.44,+16.576, +4.186,+0.991
1636393680,+3.44,+16.576, +4.178,+0.992
1636393740,+3.44,+16.568, +4.168,+0.992
1636393800,+3.44,+16.585, +4.165,+0.992
1636393860,+3.44,+16.585, +4.168,+0.991
1636393920,+3.44,+16.568, +4.185,+0.991
1636393980,+3.44,+16.568, +4.202,+0.992
1636394040,+3.44,+16.551, +4.210,+0.992
1636394100,+3.44,+16.568, +4.215,+0.992
1636394160,+3.44,+16.559, +4.216,+0.991
1636394220,+3.44,+16.576, +4.214,+0.992
1636394280,+3.44,+16.576, +4.210,+0.992
1636394340,+3.44,+16.576, +4.204,+0.992
1636394400,+3.44,+16.559, +4.199,+0.991
1636394460,+3.44,+16.576, +4.191,+0.992
1636394520,+3.44,+16.559, +4.195,+0.992
1636394580,+3.44,+16.559, +4.197,+0.992
1636394640,+3.44,+16.568, +4.185,+0.991
1636394700,+3.44,+16.559, +4.181,+0.991
1636394760,+3.44,+16.568, +4.178,+0.992
1636394820,+3.44,+16.559, +4.180,+0.991
1636394880,+3.44,+16.585, +4.167,+0.992
1636394940,+3.44,+16.551, +4.168,+0.992
1636395000,+3.44,+16.576, +4.158,+0.991
1636395060,+3.44,+16.576, +4.158,+0.991
1636395120,+3.44,+16.559, +4.163,+0.992
1636395180,+3.44,+16.576, +4.169,+0.992
1636395240,+3.44,+16.576, +4.180,+0.992
1636395300,+3.44,+16.559, +4.179,+0.992
1636395360,+3.44,+16.551, +4.176,+0.992
1636395420,+3.44,+16.559, +4.173,+0.992
1636395480,+3.44,+16.576, +4.160,+0.991
1636395540,+3.44,+16.576, +4.164,+0.992
1636395600,+3.44,+16.585, +4.151,+0.991
1636395660,+3.44,+16.551, +4.151,+0.992
1636395720,+3.44,+16.568, +4.142,+0.992
1636395780,+3.44,+16.568, +4.131,+0.992
1636395840,+3.44,+16.576, +4.117,+0.992
1636395900,+3.44,+16.559, +4.112,+0.992
1636395960,+3.44,+16.568, +4.105,+0.992
1636396020,+3.44,+16.568, +4.101,+0.992
1636396080,+3.44,+16.576, +4.109,+0.992
1636396140,+3.44,+16.576, +4.134,+0.992
1636396200,+3.44,+16.576, +4.169,+0.992
1636396260,+3.44,+16.585, +4.183,+0.992
1636396320,+3.44,+16.551, +4.196,+0.992
1636396380,+3.44,+16.568, +4.199,+0.992
1636396440,+3.44,+16.551, +4.205,+0.992
1636396500,+3.44,+16.576, +4.199,+0.992
1636396560,+3.44,+16.576, +4.198,+0.992
1636396620,+3.44,+16.576, +4.204,+0.992
1636396680,+3.44,+16.576, +4.202,+0.991
1636396740,+3.44,+16.585, +4.204,+0.991
1636396800,+3.44,+16.576, +4.215,+0.992
1636396860,+3.44,+16.559, +4.228,+0.992
1636396920,+3.44,+16.559, +4.253,+0.992
1636396980,+3.44,+16.576, +4.324,+0.992
1636397040,+3.44,+16.559, +4.353,+0.992
1636397100,+3.44,+16.585, +4.395,+0.992
1636397160,+3.44,+16.559, +4.440,+0.992
1636397220,+3.44,+16.568, +4.470,+0.992
1636397280,+3.44,+16.568, +4.458,+0.992
1636397340,+3.44,+16.551, +4.491,+0.992
1636397400,+3.44,+16.559, +4.492,+0.992
1636397460,+3.44,+16.585, +4.452,+0.992
1636397520,+3.44,+16.568, +4.410,+0.992
1636397580,+3.44,+16.568, +4.429,+0.992
1636397640,+3.44,+16.542, +4.437,+0.992
1636397700,+3.44,+16.551, +4.410,+0.992
1636397760,+3.44,+16.559, +4.392,+0.992
1636397820,+3.44,+16.559, +4.374,+0.992
1636397880,+3.44,+16.559, +4.361,+0.992
1636397940,+3.44,+16.568, +4.350,+0.992
1636398000,+3.44,+16.576, +4.316,+0.992
1636398060,+3.44,+16.568, +4.301,+0.992
1636398120,+3.44,+16.559, +4.285,+0.992
1636398180,+3.44,+16.568, +4.256,+0.992
1636398240,+3.44,+16.568, +4.266,+0.992
1636398300,+3.44,+16.568, +4.258,+0.992
1636398360,+3.44,+16.576, +4.260,+0.992
1636398420,+3.44,+16.551, +4.240,+0.992
1636398480,+3.44,+16.568, +4.231,+0.992
1636398540,+3.44,+16.576, +4.229,+0.992
1636398600,+3.44,+16.559, +4.218,+0.992
1636398660,+3.44,+16.559, +4.207,+0.992
1636398720,+3.44,+16.593, +4.202,+0.992
1636398780,+3.44,+16.585, +4.189,+0.992
1636398840,+3.44,+16.576, +4.183,+0.992
1636398900,+3.44,+16.585, +4.158,+0.991
1636398960,+3.44,+16.559, +4.157,+0.992
1636399020,+3.44,+16.576, +4.165,+0.991
1636399080,+3.44,+16.576, +4.167,+0.992
1636399140,+3.44,+16.568, +4.162,+0.992
1636399200,+3.44,+16.576, +4.155,+0.991
1636399260,+3.44,+16.568, +4.152,+0.992
1636399320,+3.44,+16.576, +4.136,+0.991
1636399380,+3.44,+16.568, +4.124,+0.992
1636399440,+3.44,+16.576, +4.136,+0.991
1636399500,+3.44,+16.559, +4.143,+0.992
1636399560,+3.44,+16.568, +4.144,+0.992
1636399620,+3.44,+16.576, +4.160,+0.992
1636399680,+3.44,+16.551, +4.156,+0.991
1636399740,+3.44,+16.576, +4.150,+0.991
1636399800,+3.44,+16.568, +4.154,+0.992
1636399860,+3.44,+16.593, +4.150,+0.992
1636399920,+3.44,+16.576, +4.144,+0.991
1636399980,+3.44,+16.568, +4.136,+0.992
1636400040,+3.44,+16.568, +4.126,+0.992
1636400100,+3.44,+16.568, +4.112,+0.992
1636400160,+3.44,+16.568, +4.109,+0.992
1636400220,+3.44,+16.559, +4.108,+0.992
1636400280,+3.44,+16.568, +4.141,+0.992
1636400340,+3.44,+16.551, +4.207,+0.992
1636400400,+3.44,+16.568, +4.266,+0.992
1636400460,+3.44,+16.568, +4.305,+0.992
1636400520,+3.44,+16.576, +4.318,+0.992
1636400580,+3.44,+16.559, +4.327,+0.992
1636400640,+3.44,+16.576, +4.329,+0.992
1636400700,+3.44,+16.568, +4.362,+0.992
1636400760,+3.44,+16.576, +4.384,+0.991
1636400820,+3.44,+16.568, +4.378,+0.992
1636400880,+3.44,+16.551, +4.364,+0.992
1636400940,+3.44,+16.568, +4.347,+0.992
1636401000,+3.44,+16.568, +4.348,+0.992
1636401060,+3.44,+16.542, +4.349,+0.992
1636401120,+3.44,+16.559, +4.348,+0.992
1636401180,+3.44,+16.576, +4.337,+0.992
1636401240,+3.44,+16.585, +4.287,+0.992
1636401300,+3.44,+16.551, +4.260,+0.992
1636401360,+3.44,+16.559, +4.269,+0.991
1636401420,+3.44,+16.576, +4.298,+0.992
1636401480,+3.44,+16.585, +4.320,+0.992
1636401540,+3.44,+16.585, +4.358,+0.992
1636401600,+3.44,+16.542, +4.423,+0.992
1636401660,+3.44,+16.568, +4.425,+0.992
1636401720,+3.44,+16.576, +4.429,+0.992
1636401780,+3.44,+16.559, +4.452,+0.992
1636401840,+3.44,+16.568, +4.456,+0.992
1636401900,+3.44,+16.559, +4.431,+0.992
1636401960,+3.44,+16.568, +4.414,+0.992
1636402020,+3.44,+16.568, +4.397,+0.992
1636402080,+3.44,+16.551, +4.378,+0.991
1636402140,+3.44,+16.585, +4.359,+0.992
1636402200,+3.44,+16.576, +4.356,+0.992
1636402260,+3.44,+16.576, +4.361,+0.992
1636402320,+3.44,+16.568, +4.369,+0.992
1636402380,+3.44,+16.551, +4.390,+0.992
1636402440,+3.44,+16.551, +4.418,+0.992
1636402500,+3.44,+16.585, +4.408,+0.992
1636402560,+3.44,+16.559, +4.416,+0.992
1636402620,+3.44,+16.576, +4.404,+0.992
1636402680,+3.44,+16.568, +4.392,+0.992
1636402740,+3.44,+16.559, +4.389,+0.992
1636402800,+3.44,+16.568, +4.389,+0.992
1636402860,+3.44,+16.559, +4.396,+0.992
1636402920,+3.44,+16.559, +4.388,+0.992
1636402980,+3.44,+16.585, +4.377,+0.992
1636403040,+3.44,+16.576, +4.375,+0.992
1636403100,+3.44,+16.568, +4.363,+0.992
1636403160,+3.44,+16.568, +4.352,+0.992
1636403220,+3.44,+16.559, +4.339,+0.992
1636403280,+3.44,+16.585, +4.338,+0.992
1636403340,+3.44,+16.568, +4.343,+0.992
1636403400,+3.44,+16.585, +4.328,+0.991
1636403460,+3.44,+16.568, +4.320,+0.992
1636403520,+3.44,+16.568, +4.306,+0.992
1636403580,+3.44,+16.576, +4.299,+0.992
1636403640,+3.44,+16.568, +4.298,+0.992
1636403700,+3.44,+16.568, +4.287,+0.992
1636403760,+3.44,+16.559, +4.285,+0.992
1636403820,+3.44,+16.559, +4.271,+0.992
1636403880,+3.44,+16.576, +4.263,+0.992
1636403940,+3.44,+16.568, +4.261,+0.992
1636404000,+3.44,+16.576, +4.253,+0.992
1636404060,+3.44,+16.576, +4.249,+0.992
1636404120,+3.44,+16.576, +4.237,+0.992
1636404180,+3.44,+16.568, +4.223,+0.992
1636404240,+3.44,+16.576, +4.220,+0.992
1636404300,+3.44,+16.568, +4.219,+0.992
1636404360,+3.44,+16.559, +4.217,+0.992
1636404420,+3.44,+16.568, +4.214,+0.991
1636404480,+3.44,+16.568, +4.229,+0.992
1636404540,+3.44,+16.576, +4.235,+0.992
1636404600,+3.44,+16.559, +4.241,+0.992
1636404660,+3.44,+16.568, +4.240,+0.992
1636404720,+3.44,+16.568, +4.229,+0.992
1636404780,+3.44,+16.568, +4.221,+0.992
1636404840,+3.44,+16.576, +4.217,+0.992
1636404900,+3.44,+16.559, +4.228,+0.992
1636404960,+3.44,+16.576, +4.229,+0.992
1636405020,+3.44,+16.576, +4.232,+0.992
1636405080,+3.44,+16.585, +4.237,+0.992
1636405140,+3.44,+16.559, +4.243,+0.992
1636405200,+3.44,+16.568, +4.244,+0.992
1636405260,+3.44,+16.585, +4.229,+0.991
1636405320,+3.44,+16.568, +4.232,+0.992
1636405380,+3.44,+16.576, +4.225,+0.992
1636405440,+3.44,+16.576, +4.217,+0.992
1636405500,+3.44,+16.568, +4.215,+0.992
1636405560,+3.44,+16.568, +4.209,+0.992
1636405620,+3.44,+16.568, +4.221,+0.992
1636405680,+3.44,+16.585, +4.283,+0.992
1636405740,+3.44,+16.568, +4.289,+0.992
1636405800,+3.44,+16.568, +4.310,+0.992
1636405860,+3.44,+16.585, +4.307,+0.992
1636405920,+3.44,+16.576, +4.276,+0.992
1636405980,+3.44,+16.568, +4.233,+0.991
1636406040,+3.44,+16.568, +4.207,+0.991
1636406100,+3.44,+16.585, +4.195,+0.992
1636406160,+3.44,+16.585, +4.175,+0.992
1636406220,+3.44,+16.593, +4.170,+0.992
1636406280,+3.44,+16.576, +4.158,+0.992
1636406340,+3.44,+16.576, +4.139,+0.991
1636406400,+3.44,+16.585, +4.134,+0.992
1636406460,+3.44,+16.593, +4.120,+0.992
1636406520,+3.44,+16.576, +4.127,+0.992
1636406580,+3.44,+16.576, +4.178,+0.992
1636406640,+3.44,+16.576, +4.256,+0.992
1636406700,+3.44,+16.585, +4.298,+0.992
1636406760,+3.44,+16.585, +4.299,+0.992
1636406820,+3.44,+16.585, +4.223,+0.991
1636406880,+3.44,+16.559, +4.212,+0.992
1636406940,+3.44,+16.593, +4.192,+0.992
1636407000,+3.44,+16.576, +4.178,+0.992
1636407060,+3.44,+16.568, +4.169,+0.992
1636407120,+3.44,+16.576, +4.185,+0.992
1636407180,+3.44,+16.568, +4.193,+0.992
1636407240,+3.44,+16.576, +4.194,+0.992
1636407300,+3.44,+16.593, +4.187,+0.991
1636407360,+3.44,+16.568, +4.199,+0.992
1636407420,+3.44,+16.576, +4.206,+0.991
1636407480,+3.44,+16.585, +4.214,+0.992
1636407540,+3.44,+16.585, +4.220,+0.992
1636407600,+3.44,+16.568, +4.220,+0.992
1636407660,+3.44,+16.576, +4.215,+0.992
1636407720,+3.44,+16.576, +4.197,+0.992
1636407780,+3.44,+16.576, +4.174,+0.992
1636407840,+3.44,+16.585, +4.135,+0.992
1636407900,+3.44,+16.585, +4.103,+0.992
1636407960,+3.44,+16.585, +4.083,+0.991
1636408020,+3.44,+16.576, +4.077,+0.992
1636408080,+3.44,+16.585, +4.068,+0.992
1636408140,+3.44,+16.585, +4.069,+0.992
1636408200,+3.44,+16.593, +4.067,+0.992
1636408260,+3.44,+16.585, +4.069,+0.992
1636408320,+3.44,+16.576, +4.065,+0.992
1636408380,+3.44,+16.576, +4.064,+0.992
1636408440,+3.44,+16.576, +4.066,+0.991
1636408500,+3.44,+16.585, +4.066,+0.992
1636408560,+3.44,+16.559, +4.060,+0.992
1636408620,+3.44,+16.593, +4.052,+0.991
1636408680,+3.44,+16.559, +4.069,+0.992
1636408740,+3.44,+16.593, +4.071,+0.992
1636408800,+3.44,+16.593, +4.066,+0.992
1636408860,+3.44,+16.576, +4.054,+0.992
1636408920,+3.44,+16.568, +4.049,+0.992
1636408980,+3.44,+16.602, +4.056,+0.992
1636409040,+3.44,+16.585, +4.077,+0.992
1636409100,+3.44,+16.593, +4.086,+0.991
1636409160,+3.44,+16.593, +4.100,+0.992
1636409220,+3.44,+16.576, +4.113,+0.992
1636409280,+3.44,+16.559, +4.118,+0.991
1636409340,+3.44,+16.585, +4.116,+0.992
1636409400,+3.44,+16.576, +4.113,+0.992
1636409460,+3.44,+16.576, +4.116,+0.992
1636409520,+3.44,+16.593, +4.117,+0.992
1636409580,+3.44,+16.585, +4.124,+0.992
1636409640,+3.44,+16.576, +4.128,+0.992
1636409700,+3.44,+16.585, +4.119,+0.992
1636409760,+3.44,+16.593, +4.127,+0.992
1636409820,+3.44,+16.585, +4.127,+0.992
1636409880,+3.44,+16.576, +4.127,+0.992
1636409940,+3.44,+16.585, +4.123,+0.992
1636410000,+3.44,+16.585, +4.120,+0.992
1636410060,+3.44,+16.576, +4.108,+0.992
1636410120,+3.44,+16.576, +4.105,+0.992
1636410180,+3.44,+16.576, +4.105,+0.991
1636410240,+3.44,+16.593, +4.104,+0.992
1636410300,+3.44,+16.576, +4.107,+0.992
1636410360,+3.44,+16.593, +4.105,+0.992
1636410420,+3.44,+16.576, +4.100,+0.992
1636410480,+3.44,+16.585, +4.090,+0.992
1636410540,+3.44,+16.593, +4.129,+0.992
1636410600,+3.44,+16.593, +4.172,+0.992
1636410660,+3.44,+16.568, +4.229,+0.992
1636410720,+3.44,+16.576, +4.251,+0.992
1636410780,+3.44,+16.593, +4.269,+0.992
1636410840,+3.44,+16.576, +4.277,+0.992
1636410900,+3.44,+16.576, +4.269,+0.992
1636410960,+3.44,+16.576, +4.238,+0.992
1636411020,+3.44,+16.585, +4.197,+0.992
1636411080,+3.44,+16.593, +4.181,+0.992
1636411140,+3.44,+16.585, +4.155,+0.992
1636411200,+3.44,+16.593, +4.157,+0.992
1636411260,+3.44,+16.585, +4.140,+0.992
1636411320,+3.44,+16.576, +4.132,+0.992
1636411380,+3.44,+16.602, +4.124,+0.992
1636411440,+3.44,+16.576, +4.129,+0.991
1636411500,+3.44,+16.576, +4.126,+0.992
1636411560,+3.44,+16.602, +4.108,+0.992
1636411620,+3.44,+16.576, +4.107,+0.992
1636411680,+3.44,+16.593, +4.099,+0.992
1636411740,+3.44,+16.568, +4.101,+0.991
1636411800,+3.44,+16.585, +4.104,+0.991
1636411860,+3.44,+16.593, +4.115,+0.992
1636411920,+3.44,+16.585, +4.130,+0.992
1636411980,+3.44,+16.593, +4.128,+0.991
1636412040,+3.44,+16.585, +4.120,+0.992
1636412100,+3.44,+16.585, +4.121,+0.992
1636412160,+3.44,+16.593, +4.117,+0.991
1636412220,+3.44,+16.568, +4.124,+0.992
1636412280,+3.44,+16.568, +4.122,+0.992
1636412340,+3.44,+16.568, +4.120,+0.991
1636412400,+3.44,+16.585, +4.112,+0.992
1636412460,+3.44,+16.568, +4.128,+0.992
1636412520,+3.44,+16.585, +4.132,+0.991
1636412580,+3.44,+16.576, +4.140,+0.992
1636412640,+3.44,+16.585, +4.137,+0.991
1636412700,+3.44,+16.593, +4.134,+0.992
1636412760,+3.44,+16.593, +4.127,+0.992
1636412820,+3.44,+16.593, +4.139,+0.991
1636412880,+3.44,+16.585, +4.149,+0.992
1636412940,+3.44,+16.593, +4.158,+0.992
1636413000,+3.44,+16.576, +4.166,+0.992
1636413060,+3.44,+16.593, +4.175,+0.992
1636413120,+3.44,+16.593, +4.187,+0.992
1636413180,+3.44,+16.593, +4.176,+0.992
1636413240,+3.44,+16.593, +4.172,+0.992
1636413300,+3.44,+16.585, +4.181,+0.992
1636413360,+3.44,+16.585, +4.183,+0.992
1636413420,+3.44,+16.593, +4.188,+0.992
1636413480,+3.44,+16.593, +4.181,+0.991
1636413540,+3.44,+16.602, +4.182,+0.992
1636413600,+3.44,+16.593, +4.189,+0.992
1636413660,+3.44,+16.576, +4.198,+0.992
1636413720,+3.44,+16.585, +4.193,+0.991
1636413780,+3.44,+16.585, +4.197,+0.992
1636413840,+3.44,+16.585, +4.199,+0.992
1636413900,+3.44,+16.576, +4.202,+0.992
1636413960,+3.44,+16.593, +4.207,+0.991
1636414020,+3.44,+16.585, +4.216,+0.992
1636414080,+3.44,+16.576, +4.203,+0.992
1636414140,+3.44,+16.593, +4.216,+0.992
1636414200,+3.44,+16.602, +4.250,+0.992
1636414260,+3.44,+16.593, +4.300,+0.992
1636414320,+3.44,+16.593, +4.351,+0.992
1636414380,+3.44,+16.610, +4.390,+0.992
1636414440,+3.44,+16.602, +4.416,+0.992
1636414500,+3.44,+16.602, +4.430,+0.992
1636414560,+3.44,+16.602, +4.442,+0.992
1636414620,+3.44,+16.610, +4.440,+0.992
1636414680,+3.44,+16.610, +4.439,+0.992
1636414740,+3.44,+16.585, +4.444,+0.992
1636414800,+3.44,+16.602, +4.446,+0.992
1636414860,+3.44,+16.593, +4.449,+0.992
1636414920,+3.44,+16.610, +4.442,+0.992
1636414980,+3.44,+16.585, +4.421,+0.992
1636415040,+3.44,+16.593, +4.406,+0.992
1636415100,+3.44,+16.602, +4.397,+0.992
1636415160,+3.44,+16.585, +4.396,+0.992
1636415220,+3.44,+16.593, +4.381,+0.992
1636415280,+3.44,+16.593, +4.369,+0.991
1636415340,+3.44,+16.593, +4.372,+0.992
1636415400,+3.44,+16.610, +4.379,+0.991
1636415460,+3.44,+16.593, +4.397,+0.992
1636415520,+3.44,+16.602, +4.408,+0.992
1636415580,+3.44,+16.593, +4.414,+0.992
1636415640,+3.44,+16.619, +4.401,+0.992
1636415700,+3.44,+16.602, +4.388,+0.992
1636415760,+3.44,+16.593, +4.378,+0.992
1636415820,+3.44,+16.593, +4.367,+0.992
1636415880,+3.44,+16.585, +4.358,+0.992
1636415940,+3.44,+16.610, +4.339,+0.992
1636416000,+3.44,+16.585, +4.339,+0.992
1636416060,+3.44,+16.602, +4.327,+0.992
1636416120,+3.44,+16.602, +4.322,+0.992
1636416180,+3.44,+16.576, +4.323,+0.992
1636416240,+3.44,+16.593, +4.313,+0.992
1636416300,+3.44,+16.602, +4.302,+0.992
1636416360,+3.44,+16.610, +4.292,+0.992
1636416420,+3.44,+16.593, +4.284,+0.992
1636416480,+3.44,+16.610, +4.274,+0.992
1636416540,+3.44,+16.610, +4.258,+0.992
1636416600,+3.44,+16.610, +4.251,+0.992
1636416660,+3.44,+16.593, +4.249,+0.992
1636416720,+3.44,+16.585, +4.250,+0.992
1636416780,+3.44,+16.585, +4.257,+0.992
1636416840,+3.44,+16.602, +4.254,+0.992
1636416900,+3.44,+16.602, +4.259,+0.992
1636416960,+3.44,+16.602, +4.252,+0.992
1636417020,+3.44,+16.585, +4.230,+0.992
1636417080,+3.44,+16.593, +4.214,+0.992
1636417140,+3.44,+16.593, +4.199,+0.992
1636417200,+3.44,+16.585, +4.202,+0.992
1636417260,+3.44,+16.593, +4.209,+0.992
1636417320,+3.44,+16.593, +4.206,+0.992
1636417380,+3.44,+16.593, +4.211,+0.992
1636417440,+3.44,+16.585, +4.214,+0.992
1636417500,+3.44,+16.593, +4.216,+0.992
1636417560,+3.44,+16.602, +4.253,+0.992
1636417620,+3.44,+16.602, +4.279,+0.992
1636417680,+3.44,+16.602, +4.283,+0.992
1636417740,+3.44,+16.602, +4.281,+0.992
1636417800,+3.44,+16.593, +4.304,+0.992
1636417860,+3.44,+16.610, +4.332,+0.992
1636417920,+3.44,+16.585, +4.338,+0.992
1636417980,+3.44,+16.585, +4.357,+0.992
1636418040,+3.44,+16.602, +4.360,+0.992
1636418100,+3.44,+16.610, +4.362,+0.992
1636418160,+3.44,+16.602, +4.363,+0.992
1636418220,+3.44,+16.602, +4.371,+0.992
1636418280,+3.44,+16.593, +4.355,+0.992
1636418340,+3.44,+16.576, +4.348,+0.992
1636418400,+3.44,+16.610, +4.358,+0.992
1636418460,+3.44,+16.602, +4.381,+0.992
1636418520,+3.44,+16.593, +4.378,+0.992
1636418580,+3.44,+16.593, +4.386,+0.992
1636418640,+3.44,+16.593, +4.407,+0.992
1636418700,+3.44,+16.593, +4.411,+0.992
1636418760,+3.44,+16.602, +4.418,+0.992
1636418820,+3.44,+16.593, +4.408,+0.992
1636418880,+3.44,+16.610, +4.400,+0.992
1636418940,+3.44,+16.610, +4.417,+0.992
1636419000,+3.44,+16.593, +4.424,+0.992
1636419060,+3.44,+16.602, +4.411,+0.992
1636419120,+3.44,+16.602, +4.416,+0.992
1636419180,+3.44,+16.610, +4.430,+0.992
1636419240,+3.44,+16.585, +4.424,+0.992
1636419300,+3.44,+16.610, +4.427,+0.991
1636419360,+3.44,+16.610, +4.419,+0.992
1636419420,+3.44,+16.602, +4.429,+0.992
1636419480,+3.44,+16.593, +4.429,+0.991
1636419540,+3.44,+16.602, +4.411,+0.992
1636419600,+3.44,+16.610, +4.399,+0.992
1636419660,+3.44,+16.610, +4.391,+0.992
1636419720,+3.44,+16.602, +4.405,+0.992
1636419780,+3.44,+16.602, +4.411,+0.992
1636419840,+3.44,+16.610, +4.382,+0.992
1636419900,+3.44,+16.602, +4.396,+0.992
1636419960,+3.44,+16.602, +4.412,+0.992
1636420020,+3.44,+16.602, +4.429,+0.991
1636420080,+3.44,+16.602, +4.484,+0.992
1636420140,+3.44,+16.610, +4.517,+0.992
1636420200,+3.44,+16.602, +4.538,+0.992
1636420260,+3.44,+16.593, +4.542,+0.992
1636420320,+3.44,+16.602, +4.545,+0.992
1636420380,+3.44,+16.602, +4.551,+0.992
1636420440,+3.44,+16.619, +4.549,+0.992
1636420500,+3.44,+16.602, +4.555,+0.992
1636420560,+3.44,+16.602, +4.556,+0.992
1636420620,+3.44,+16.593, +4.565,+0.992
1636420680,+3.44,+16.619, +4.559,+0.992
1636420740,+3.44,+16.619, +4.556,+0.992
1636420800,+3.44,+16.610, +4.553,+0.992
1636420860,+3.44,+16.602, +4.548,+0.992
1636420920,+3.44,+16.593, +4.536,+0.992
1636420980,+3.44,+16.619, +4.511,+0.992
1636421040,+3.44,+16.602, +4.459,+0.992
1636421100,+3.44,+16.619, +4.387,+0.992
1636421160,+3.44,+16.602, +4.330,+0.992
1636421220,+3.44,+16.610, +4.276,+0.992
1636421280,+3.44,+16.610, +4.240,+0.992
1636421340,+3.44,+16.593, +4.243,+0.992
1636421400,+3.44,+16.602, +4.264,+0.992
1636421460,+3.44,+16.602, +4.265,+0.992
1636421520,+3.44,+16.610, +4.270,+0.992
1636421580,+3.44,+16.619, +4.254,+0.992
1636421640,+3.44,+16.610, +4.239,+0.992
1636421700,+3.44,+16.593, +4.218,+0.992
1636421760,+3.44,+16.610, +4.181,+0.991
1636421820,+3.44,+16.602, +4.163,+0.992
1636421880,+3.44,+16.585, +4.141,+0.992
1636421940,+3.44,+16.593, +4.112,+0.992
1636422000,+3.44,+16.576, +4.097,+0.992
1636422060,+3.44,+16.568, +4.105,+0.992
1636422120,+3.44,+16.585, +4.106,+0.992
1636422180,+3.44,+16.585, +4.108,+0.992
1636422240,+3.44,+16.593, +4.106,+0.992
1636422300,+3.44,+16.585, +4.103,+0.992
1636422360,+3.44,+16.576, +4.092,+0.992
1636422420,+3.44,+16.585, +4.077,+0.992
1636422480,+3.44,+16.593, +4.066,+0.992
1636422540,+3.44,+16.593, +4.070,+0.991
1636422600,+3.44,+16.585, +4.102,+0.992
1636422660,+3.44,+16.576, +4.123,+0.992
1636422720,+3.44,+16.593, +4.142,+0.992
1636422780,+3.44,+16.585, +4.156,+0.992
1636422840,+3.44,+16.602, +4.163,+0.992
1636422900,+3.44,+16.602, +4.171,+0.992
1636422960,+3.44,+16.602, +4.175,+0.992
1636423020,+3.44,+16.610, +4.179,+0.992
1636423080,+3.44,+16.593, +4.197,+0.992
1636423140,+3.44,+16.602, +4.205,+0.992
1636423200,+3.44,+16.585, +4.215,+0.992
1636423260,+3.44,+16.602, +4.224,+0.992
1636423320,+3.44,+16.585, +4.240,+0.992
1636423380,+3.44,+16.593, +4.245,+0.992
1636423440,+3.44,+16.593, +4.266,+0.992
1636423500,+3.44,+16.585, +4.274,+0.992
1636423560,+3.44,+16.585, +4.286,+0.992
1636423620,+3.44,+16.602, +4.297,+0.992
1636423680,+3.44,+16.593, +4.316,+0.992
1636423740,+3.44,+16.610, +4.320,+0.992
1636423800,+3.44,+16.602, +4.316,+0.992
1636423860,+3.44,+16.602, +4.328,+0.992
1636423920,+3.44,+16.602, +4.332,+0.992
1636423980,+3.44,+16.585, +4.346,+0.992
1636424040,+3.44,+16.602, +4.348,+0.992
1636424100,+3.44,+16.593, +4.353,+0.992
1636424160,+3.44,+16.593, +4.349,+0.992
1636424220,+3.44,+16.602, +4.339,+0.992
1636424280,+3.44,+16.593, +4.331,+0.992
1636424340,+3.44,+16.619, +4.309,+0.992
1636424400,+3.44,+16.610, +4.311,+0.992
1636424460,+3.44,+16.593, +4.311,+0.992
1636424520,+3.44,+16.619, +4.302,+0.991
1636424580,+3.44,+16.602, +4.310,+0.992
1636424640,+3.44,+16.610, +4.311,+0.992
1636424700,+3.44,+16.610, +4.306,+0.992
1636424760,+3.44,+16.593, +4.305,+0.991
1636424820,+3.44,+16.610, +4.301,+0.992
1636424880,+3.44,+16.602, +4.294,+0.992
1636424940,+3.44,+16.602, +4.290,+0.992
1636425000,+3.44,+16.610, +4.285,+0.992
1636425060,+3.44,+16.610, +4.291,+0.992
1636425120,+3.44,+16.610, +4.304,+0.992
1636425180,+3.44,+16.602, +4.302,+0.991
1636425240,+3.44,+16.610, +4.311,+0.992
1636425300,+3.44,+16.610, +4.304,+0.992
1636425360,+3.44,+16.610, +4.298,+0.991
1636425420,+3.44,+16.593, +4.306,+0.992
1636425480,+3.44,+16.576, +4.311,+0.991
1636425540,+3.44,+16.610, +4.308,+0.992
1636425600,+3.44,+16.593, +4.305,+0.992
1636425660,+3.44,+16.585, +4.309,+0.992
1636425720,+3.44,+16.602, +4.306,+0.992
1636425780,+3.44,+16.602, +4.301,+0.992
1636425840,+3.44,+16.619, +4.291,+0.992
1636425900,+3.44,+16.602, +4.293,+0.992
1636425960,+3.44,+16.602, +4.291,+0.992
1636426020,+3.44,+16.602, +4.296,+0.992
1636426080,+3.44,+16.593, +4.297,+0.992
1636426140,+3.44,+16.610, +4.297,+0.992
1636426200,+3.44,+16.610, +4.310,+0.992
1636426260,+3.44,+16.602, +4.307,+0.992
1636426320,+3.44,+16.593, +4.293,+0.992
1636426380,+3.44,+16.619, +4.249,+0.991
1636426440,+3.44,+16.576, +4.216,+0.992
1636426500,+3.44,+16.585, +4.174,+0.992
1636426560,+3.44,+16.602, +4.140,+0.992
1636426620,+3.44,+16.585, +4.109,+0.992
1636426680,+3.44,+16.585, +4.084,+0.992
1636426740,+3.44,+16.585, +4.075,+0.992
1636426800,+3.44,+16.619, +4.089,+0.992
1636426860,+3.44,+16.602, +4.116,+0.991
1636426920,+3.44,+16.593, +4.133,+0.992
1636426980,+3.44,+16.593, +4.143,+0.992
1636427040,+3.44,+16.610, +4.146,+0.992
1636427100,+3.44,+16.602, +4.147,+0.991
1636427160,+3.44,+16.602, +4.144,+0.991
1636427220,+3.44,+16.610, +4.140,+0.992
1636427280,+3.44,+16.593, +4.135,+0.992
1636427340,+3.44,+16.602, +4.130,+0.992
1636427400,+3.44,+16.602, +4.123,+0.992
1636427460,+3.44,+16.602, +4.113,+0.992
1636427520,+3.44,+16.593, +4.104,+0.992
1636427580,+3.44,+16.602, +4.088,+0.992
1636427640,+3.44,+16.593, +4.089,+0.992
1636427700,+3.44,+16.585, +4.086,+0.992
1636427760,+3.44,+16.602, +4.086,+0.992
1636427820,+3.44,+16.593, +4.090,+0.992
1636427880,+3.44,+16.593, +4.096,+0.992
1636427940,+3.44,+16.619, +4.091,+0.992
1636428000,+3.44,+16.602, +4.094,+0.991
1636428060,+3.44,+16.602, +4.097,+0.992
1636428120,+3.44,+16.602, +4.097,+0.992
1636428180,+3.44,+16.576, +4.100,+0.991
1636428240,+3.44,+16.602, +4.102,+0.992
1636428300,+3.44,+16.602, +4.100,+0.992
1636428360,+3.44,+16.602, +4.090,+0.992
1636428420,+3.44,+16.585, +4.082,+0.992
1636428480,+3.44,+16.610, +4.067,+0.991
1636428540,+3.44,+16.585, +4.062,+0.992
1636428600,+3.44,+16.593, +4.047,+0.992
1636428660,+3.44,+16.593, +4.031,+0.992
1636428720,+3.44,+16.602, +4.012,+0.992
1636428780,+3.44,+16.593, +3.997,+0.992
1636428840,+3.44,+16.585, +3.991,+0.992
1636428900,+3.44,+16.602, +3.976,+0.992
1636428960,+3.44,+16.593, +3.962,+0.991
1636429020,+3.44,+16.585, +3.956,+0.992
1636429080,+3.44,+16.593, +3.959,+0.992
1636429140,+3.44,+16.610, +3.948,+0.991
1636429200,+3.44,+16.593, +3.944,+0.992
1636429260,+3.44,+16.593, +3.941,+0.992
1636429320,+3.44,+16.585, +3.939,+0.991
1636429380,+3.44,+16.585, +3.938,+0.991
1636429440,+3.44,+16.576, +3.937,+0.991
1636429500,+3.44,+16.610, +3.928,+0.991
1636429560,+3.44,+16.619, +3.922,+0.992
1636429620,+3.44,+16.585, +3.925,+0.992
1636429680,+3.44,+16.602, +3.920,+0.991
1636429740,+3.44,+16.585, +3.916,+0.991
1636429800,+3.44,+16.593, +3.912,+0.992
1636429860,+3.44,+16.602, +3.897,+0.991
1636429920,+3.44,+16.619, +3.887,+0.992
1636429980,+3.44,+16.610, +3.882,+0.991
1636430040,+3.44,+16.593, +3.886,+0.992
1636430100,+3.44,+16.593, +3.888,+0.992
1636430160,+3.44,+16.602, +3.893,+0.992
1636430220,+3.44,+16.593, +3.896,+0.992
1636430280,+3.44,+16.610, +3.905,+0.991
1636430340,+3.44,+16.610, +3.913,+0.991
1636430400,+3.44,+16.585, +3.917,+0.991
1636430460,+3.44,+16.593, +3.921,+0.992
1636430520,+3.44,+16.593, +3.920,+0.991
1636430580,+3.44,+16.610, +3.923,+0.992
1636430640,+3.44,+16.602, +3.925,+0.992
1636430700,+3.44,+16.602, +3.922,+0.991
1636430760,+3.44,+16.593, +3.918,+0.991
1636430820,+3.44,+16.593, +3.913,+0.991
1636430880,+3.44,+16.593, +3.907,+0.991
1636430940,+3.44,+16.593, +3.901,+0.991
1636431000,+3.44,+16.585, +3.900,+0.991
1636431060,+3.44,+16.610, +3.900,+0.992
1636431120,+3.44,+16.602, +3.899,+0.992
1636431180,+3.44,+16.593, +3.896,+0.991
1636431240,+3.44,+16.610, +3.897,+0.992
1636431300,+3.44,+16.593, +3.899,+0.992
1636431360,+3.44,+16.602, +3.903,+0.991
1636431420,+3.44,+16.585, +3.911,+0.991
1636431480,+3.44,+16.593, +3.910,+0.992
1636431540,+3.44,+16.602, +3.899,+0.991
1636431600,+3.44,+16.610, +3.882,+0.992
1636431660,+3.44,+16.602, +3.866,+0.992
1636431720,+3.44,+16.602, +3.856,+0.992
1636431780,+3.44,+16.610, +3.842,+0.991
1636431840,+3.44,+16.602, +3.827,+0.991
1636431900,+3.44,+16.602, +3.806,+0.991
1636431960,+3.44,+16.602, +3.792,+0.992
1636432020,+3.44,+16.610, +3.778,+0.991
1636432080,+3.44,+16.610, +3.771,+0.991
1636432140,+3.44,+16.610, +3.767,+0.992
1636432200,+3.44,+16.602, +3.765,+0.992
1636432260,+3.44,+16.593, +3.791,+0.991
1636432320,+3.44,+16.602, +3.823,+0.991
1636432380,+3.44,+16.610, +3.851,+0.992
1636432440,+3.44,+16.593, +3.882,+0.992
1636432500,+3.44,+16.585, +3.910,+0.992
1636432560,+3.44,+16.602, +3.939,+0.991
1636432620,+3.44,+16.610, +3.960,+0.991
1636432680,+3.44,+16.610, +3.978,+0.992
1636432740,+3.44,+16.610, +3.989,+0.992
1636432800,+3.44,+16.585, +4.000,+0.992
1636432860,+3.44,+16.576, +4.005,+0.992
1636432920,+3.44,+16.593, +4.013,+0.992
1636432980,+3.44,+16.602, +4.019,+0.992
1636433040,+3.44,+16.593, +4.027,+0.992
1636433100,+3.44,+16.593, +4.033,+0.992
1636433160,+3.44,+16.585, +4.035,+0.992
1636433220,+3.44,+16.585, +4.036,+0.992
1636433280,+3.44,+16.593, +4.030,+0.992
1636433340,+3.44,+16.602, +4.030,+0.992
1636433400,+3.44,+16.585, +4.036,+0.992
1636433460,+3.44,+16.602, +4.034,+0.992
1636433520,+3.44,+16.593, +4.038,+0.992
1636433580,+3.44,+16.576, +4.043,+0.992
1636433640,+3.44,+16.576, +4.040,+0.992
1636433700,+3.44,+16.593, +4.024,+0.992
1636433760,+3.44,+16.585, +4.008,+0.992
1636433820,+3.44,+16.593, +3.981,+0.992
1636433880,+3.44,+16.576, +3.938,+0.992
1636433940,+3.44,+16.593, +3.895,+0.991
1636434000,+3.44,+16.593, +3.871,+0.992
1636434060,+3.44,+16.602, +3.856,+0.992
1636434120,+3.44,+16.585, +3.857,+0.992
1636434180,+3.44,+16.602, +3.855,+0.992
1636434240,+3.44,+16.576, +3.863,+0.992
1636434300,+3.44,+16.593, +3.869,+0.992
1636434360,+3.44,+16.593, +3.869,+0.992
1636434420,+3.44,+16.602, +3.864,+0.991
1636434480,+3.44,+16.610, +3.863,+0.991
1636434540,+3.44,+16.585, +3.869,+0.992
1636434600,+3.44,+16.610, +3.875,+0.992
1636434660,+3.44,+16.593, +3.870,+0.991
1636434720,+3.44,+16.585, +3.857,+0.991
1636434780,+3.44,+16.602, +3.846,+0.991
1636434840,+3.44,+16.602, +3.841,+0.992
1636434900,+3.44,+16.593, +3.835,+0.991
1636434960,+3.44,+16.593, +3.819,+0.991
1636435020,+3.44,+16.602, +3.802,+0.991
1636435080,+3.44,+16.610, +3.782,+0.991
1636435140,+3.44,+16.602, +3.772,+0.991
1636435200,+3.44,+16.619, +3.755,+0.991
1636435260,+3.44,+16.619, +3.741,+0.991
1636435320,+3.44,+16.602, +3.728,+0.991
1636435380,+3.44,+16.610, +3.715,+0.991
1636435440,+3.44,+16.593, +3.707,+0.991
1636435500,+3.44,+16.619, +3.697,+0.991
1636435560,+3.44,+16.593, +3.715,+0.991
1636435620,+3.44,+16.627, +3.741,+0.991
1636435680,+3.44,+16.602, +3.766,+0.991
1636435740,+3.44,+16.619, +3.776,+0.992
1636435800,+3.44,+16.610, +3.775,+0.991
1636435860,+3.44,+16.602, +3.772,+0.992
1636435920,+3.44,+16.619, +3.765,+0.992
1636435980,+3.44,+16.619, +3.761,+0.992
1636436040,+3.44,+16.610, +3.754,+0.991
1636436100,+3.44,+16.610, +3.741,+0.991
1636436160,+3.44,+16.602, +3.726,+0.991
1636436220,+3.44,+16.610, +3.709,+0.992
1636436280,+3.44,+16.602, +3.689,+0.991
1636436340,+3.44,+16.619, +3.672,+0.991
1636436400,+3.44,+16.610, +3.661,+0.991
1636436460,+3.44,+16.610, +3.656,+0.991
1636436520,+3.44,+16.610, +3.652,+0.991
1636436580,+3.44,+16.602, +3.652,+0.991
1636436640,+3.44,+16.593, +3.652,+0.991
1636436700,+3.44,+16.610, +3.655,+0.991
1636436760,+3.44,+16.619, +3.660,+0.991
1636436820,+3.44,+16.602, +3.666,+0.991
1636436880,+3.44,+16.610, +3.663,+0.992
1636436940,+3.44,+16.619, +3.661,+0.991
1636437000,+3.44,+16.619, +3.665,+0.991
1636437060,+3.44,+16.619, +3.665,+0.991
1636437120,+3.44,+16.627, +3.659,+0.991
1636437180,+3.44,+16.610, +3.658,+0.991
1636437240,+3.44,+16.610, +3.659,+0.991
1636437300,+3.44,+16.610, +3.659,+0.991
1636437360,+3.44,+16.610, +3.664,+0.992
1636437420,+3.44,+16.627, +3.664,+0.991
1636437480,+3.44,+16.610, +3.670,+0.991
1636437540,+3.44,+16.619, +3.668,+0.991
1636437600,+3.44,+16.602, +3.678,+0.991
1636437660,+3.44,+16.593, +3.686,+0.992
1636437720,+3.44,+16.610, +3.687,+0.991
1636437780,+3.44,+16.610, +3.692,+0.991
1636437840,+3.44,+16.593, +3.701,+0.991
1636437900,+3.44,+16.576, +3.711,+0.991
1636437960,+3.44,+16.602, +3.724,+0.991
1636438020,+3.44,+16.610, +3.746,+0.991
1636438080,+3.44,+16.610, +3.769,+0.991
1636438140,+3.44,+16.602, +3.791,+0.991
1636438200,+3.44,+16.602, +3.809,+0.992
1636438260,+3.44,+16.602, +3.822,+0.992
1636438320,+3.44,+16.602, +3.836,+0.992
1636438380,+3.44,+16.593, +3.852,+0.992
1636438440,+3.44,+16.602, +3.858,+0.992
1636438500,+3.44,+16.602, +3.848,+0.992
1636438560,+3.44,+16.585, +3.815,+0.991
1636438620,+3.44,+16.610, +3.779,+0.992
1636438680,+3.44,+16.610, +3.751,+0.991
1636438740,+3.44,+16.602, +3.724,+0.991
1636438800,+3.44,+16.610, +3.697,+0.991
1636438860,+3.44,+16.602, +3.679,+0.991
1636438920,+3.44,+16.602, +3.675,+0.991
1636438980,+3.44,+16.610, +3.672,+0.991
1636439040,+3.44,+16.627, +3.667,+0.991
1636439100,+3.44,+16.619, +3.664,+0.991
1636439160,+3.44,+16.619, +3.661,+0.991
1636439220,+3.44,+16.602, +3.654,+0.991
1636439280,+3.44,+16.627, +3.645,+0.991
1636439340,+3.44,+16.610, +3.648,+0.991
1636439400,+3.44,+16.602, +3.650,+0.991
1636439460,+3.44,+16.619, +3.639,+0.991
1636439520,+3.44,+16.602, +3.633,+0.991
1636439580,+3.44,+16.610, +3.624,+0.991
1636439640,+3.44,+16.602, +3.627,+0.991
1636439700,+3.44,+16.619, +3.634,+0.992
1636439760,+3.44,+16.610, +3.639,+0.991
1636439820,+3.44,+16.610, +3.643,+0.991
1636439880,+3.44,+16.602, +3.648,+0.991
1636439940,+3.44,+16.610, +3.653,+0.991
1636440000,+3.44,+16.619, +3.650,+0.991
1636440060,+3.44,+16.619, +3.650,+0.991
1636440120,+3.44,+16.619, +3.644,+0.991
1636440180,+3.44,+16.627, +3.639,+0.991
1636440240,+3.44,+16.602, +3.640,+0.991
1636440300,+3.44,+16.602, +3.644,+0.992
1636440360,+3.44,+16.610, +3.640,+0.991
1636440420,+3.44,+16.602, +3.638,+0.991
1636440480,+3.44,+16.619, +3.633,+0.991
1636440540,+3.44,+16.619, +3.624,+0.991
1636440600,+3.44,+16.627, +3.618,+0.991
1636440660,+3.44,+16.627, +3.611,+0.991
1636440720,+3.44,+16.610, +3.602,+0.991
1636440780,+3.44,+16.619, +3.581,+0.991
1636440840,+3.44,+16.610, +3.566,+0.991
1636440900,+3.44,+16.644, +3.547,+0.991
1636440960,+3.44,+16.627, +3.533,+0.991
1636441020,+3.44,+16.627, +3.517,+0.991
1636441080,+3.44,+16.627, +3.507,+0.991
1636441140,+3.44,+16.627, +3.506,+0.991
1636441200,+3.44,+16.610, +3.512,+0.991
1636441260,+3.44,+16.619, +3.522,+0.991
1636441320,+3.44,+16.627, +3.534,+0.991
1636441380,+3.44,+16.619, +3.544,+0.991
1636441440,+3.44,+16.619, +3.554,+0.991
1636441500,+3.44,+16.619, +3.570,+0.991
1636441560,+3.44,+16.602, +3.586,+0.991
1636441620,+3.44,+16.619, +3.595,+0.991
1636441680,+3.44,+16.610, +3.602,+0.991
1636441740,+3.44,+16.602, +3.605,+0.991
1636441800,+3.44,+16.644, +3.614,+0.991
1636441860,+3.44,+16.593, +3.627,+0.991
1636441920,+3.44,+16.619, +3.639,+0.991
1636441980,+3.44,+16.610, +3.651,+0.992
1636442040,+3.44,+16.610, +3.661,+0.991
1636442100,+3.44,+16.627, +3.674,+0.991
1636442160,+3.44,+16.610, +3.690,+0.991
1636442220,+3.44,+16.610, +3.706,+0.991
1636442280,+3.44,+16.602, +3.723,+0.991
1636442340,+3.44,+16.610, +3.726,+0.992
1636442400,+3.44,+16.610, +3.732,+0.991
1636442460,+3.44,+16.619, +3.736,+0.991
1636442520,+3.44,+16.610, +3.745,+0.992
1636442580,+3.44,+16.602, +3.751,+0.991
1636442640,+3.44,+16.602, +3.756,+0.992
1636442700,+3.44,+16.610, +3.756,+0.991
1636442760,+3.44,+16.602, +3.762,+0.991
1636442820,+3.44,+16.610, +3.771,+0.992
1636442880,+3.44,+16.610, +3.780,+0.991
1636442940,+3.44,+16.602, +3.794,+0.991
1636443000,+3.44,+16.602, +3.809,+0.992
1636443060,+3.44,+16.602, +3.817,+0.991
1636443120,+3.44,+16.610, +3.825,+0.992
1636443180,+3.44,+16.602, +3.830,+0.992
1636443240,+3.44,+16.610, +3.843,+0.991
1636443300,+3.44,+16.627, +3.861,+0.991
1636443360,+3.44,+16.610, +3.900,+0.991
1636443420,+3.44,+16.619, +3.928,+0.991
1636443480,+3.44,+16.585, +3.954,+0.991
1636443540,+3.44,+16.619, +3.971,+0.992
1636443600,+3.44,+16.602, +3.995,+0.992
1636443660,+3.44,+16.610, +4.008,+0.992
1636443720,+3.44,+16.610, +4.029,+0.992
1636443780,+3.44,+16.593, +4.057,+0.992
1636443840,+3.44,+16.602, +4.084,+0.992
1636443900,+3.44,+16.602, +4.122,+0.992
1636443960,+3.44,+16.619, +4.151,+0.992
1636444020,+3.44,+16.619, +4.182,+0.992
1636444080,+3.44,+16.593, +4.199,+0.992
1636444140,+3.44,+16.610, +4.169,+0.992
1636444200,+3.44,+16.610, +4.138,+0.992
1636444260,+3.44,+16.619, +4.083,+0.992
1636444320,+3.44,+16.610, +4.024,+0.992
1636444380,+3.44,+16.610, +3.981,+0.992
1636444440,+3.44,+16.627, +3.957,+0.992
1636444500,+3.44,+16.610, +3.944,+0.992
1636444560,+3.44,+16.602, +3.936,+0.992
1636444620,+3.44,+16.619, +3.923,+0.992
1636444680,+3.44,+16.610, +3.911,+0.992
1636444740,+3.44,+16.619, +3.898,+0.992
1636444800,+3.44,+16.610, +3.898,+0.992
1636444860,+3.44,+16.602, +3.899,+0.992
1636444920,+3.44,+16.602, +3.891,+0.992
1636444980,+3.44,+16.610, +3.887,+0.992
1636445040,+3.44,+16.610, +3.862,+0.991
1636445100,+3.44,+16.610, +3.839,+0.992
1636445160,+3.44,+16.610, +3.825,+0.991
1636445220,+3.44,+16.619, +3.816,+0.991
1636445280,+3.44,+16.602, +3.813,+0.992
1636445340,+3.44,+16.610, +3.799,+0.991
1636445400,+3.44,+16.610, +3.784,+0.991
1636445460,+3.44,+16.602, +3.776,+0.991
1636445520,+3.44,+16.610, +3.786,+0.992
1636445580,+3.44,+16.619, +3.784,+0.992
1636445640,+3.44,+16.610, +3.767,+0.991
1636445700,+3.44,+16.593, +3.778,+0.991
1636445760,+3.44,+16.610, +3.788,+0.991
1636445820,+3.44,+16.602, +3.793,+0.991
1636445880,+3.44,+16.602, +3.809,+0.991
1636445940,+3.44,+16.593, +3.807,+0.992
1636446000,+3.44,+16.619, +3.793,+0.992
1636446060,+3.44,+16.610, +3.789,+0.991
1636446120,+3.44,+16.610, +3.788,+0.991
1636446180,+3.44,+16.619, +3.760,+0.992
1636446240,+3.44,+16.602, +3.715,+0.991
1636446300,+3.44,+16.610, +3.692,+0.992
1636446360,+3.44,+16.602, +3.672,+0.991
1636446420,+3.44,+16.610, +3.655,+0.991
1636446480,+3.44,+16.610, +3.644,+0.991
1636446540,+3.44,+16.602, +3.633,+0.991
1636446600,+3.44,+16.619, +3.626,+0.991
1636446660,+3.44,+16.610, +3.620,+0.991
1636446720,+3.44,+16.602, +3.621,+0.991
1636446780,+3.44,+16.602, +3.619,+0.991
1636446840,+3.44,+16.619, +3.615,+0.991
1636446900,+3.44,+16.610, +3.617,+0.991
1636446960,+3.44,+16.602, +3.621,+0.991
1636447020,+3.44,+16.610, +3.625,+0.991
1636447080,+3.44,+16.602, +3.624,+0.991
1636447140,+3.44,+16.619, +3.621,+0.991
1636447200,+3.44,+16.610, +3.621,+0.991
1636447260,+3.44,+16.602, +3.621,+0.991
1636447320,+3.44,+16.610, +3.608,+0.991
1636447380,+3.44,+16.610, +3.595,+0.991
1636447440,+3.44,+16.593, +3.577,+0.991
1636447500,+3.44,+16.619, +3.568,+0.991
1636447560,+3.44,+16.610, +3.561,+0.991
1636447620,+3.44,+16.610, +3.555,+0.991
1636447680,+3.44,+16.610, +3.555,+0.991
1636447740,+3.44,+16.593, +3.558,+0.991
1636447800,+3.44,+16.602, +3.546,+0.991
1636447860,+3.44,+16.610, +3.553,+0.991
1636447920,+3.44,+16.619, +3.561,+0.991
1636447980,+3.44,+16.610, +3.577,+0.991
1636448040,+3.44,+16.627, +3.590,+0.991
1636448100,+3.44,+16.610, +3.615,+0.991
1636448160,+3.44,+16.610, +3.632,+0.991
1636448220,+3.44,+16.627, +3.653,+0.991
1636448280,+3.44,+16.602, +3.689,+0.991
1636448340,+3.44,+16.619, +3.710,+0.991
1636448400,+3.44,+16.602, +3.733,+0.992
1636448460,+3.44,+16.610, +3.741,+0.991
1636448520,+3.44,+16.602, +3.765,+0.991
1636448580,+3.44,+16.610, +3.788,+0.991
1636448640,+3.44,+16.619, +3.810,+0.991
1636448700,+3.44,+16.602, +3.874,+0.992
1636448760,+3.44,+16.610, +3.904,+0.992
1636448820,+3.44,+16.593, +3.930,+0.992
1636448880,+3.44,+16.610, +3.941,+0.992
1636448940,+3.44,+16.627, +3.952,+0.992
1636449000,+3.44,+16.619, +3.955,+0.992
1636449060,+3.44,+16.619, +3.967,+0.992
1636449120,+3.44,+16.610, +3.971,+0.992
1636449180,+3.44,+16.610, +3.999,+0.991
1636449240,+3.44,+16.610, +4.033,+0.992
1636449300,+3.44,+16.627, +4.068,+0.992
1636449360,+3.44,+16.636, +4.103,+0.992
1636449420,+3.44,+16.636, +4.113,+0.992
1636449480,+3.44,+16.636, +4.125,+0.992
1636449540,+3.44,+16.627, +4.126,+0.991
1636449600,+3.44,+16.636, +4.125,+0.992
1636449660,+3.44,+16.644, +4.127,+0.991
1636449720,+3.44,+16.636, +4.128,+0.992
1636449780,+3.44,+16.636, +4.132,+0.991
1636449840,+3.44,+16.636, +4.127,+0.992
1636449900,+3.44,+16.653, +4.109,+0.992
1636449960,+3.44,+16.644, +4.096,+0.992
1636450020,+3.44,+16.636, +4.086,+0.992
1636450080,+3.44,+16.661, +4.064,+0.992
1636450140,+3.44,+16.661, +4.049,+0.992
1636450200,+3.44,+16.644, +4.030,+0.992
1636450260,+3.44,+16.661, +4.041,+0.992
1636450320,+3.44,+16.653, +4.087,+0.992
1636450380,+3.44,+16.644, +4.162,+0.992
1636450440,+3.44,+16.661, +4.250,+0.992
1636450500,+3.44,+16.653, +4.269,+0.992
1636450560,+3.44,+16.653, +4.219,+0.992
1636450620,+3.44,+16.653, +4.133,+0.992
1636450680,+3.44,+16.636, +4.131,+0.992
1636450740,+3.44,+16.644, +4.130,+0.992
1636450800,+3.44,+16.636, +4.124,+0.992
1636450860,+3.44,+16.644, +4.154,+0.992
1636450920,+3.44,+16.627, +4.165,+0.992
1636450980,+3.44,+16.636, +4.083,+0.992
1636451040,+3.44,+16.610, +4.000,+0.992
1636451100,+3.44,+16.619, +3.946,+0.992
1636451160,+3.44,+16.644, +3.986,+0.992
1636451220,+3.44,+16.636, +4.024,+0.992
1636451280,+3.44,+16.610, +4.027,+0.992
1636451340,+3.44,+16.636, +4.027,+0.992
1636451400,+3.44,+16.627, +3.952,+0.992
1636451460,+3.44,+16.636, +3.843,+0.992
1636451520,+3.44,+16.610, +3.801,+0.991
1636451580,+3.44,+16.644, +3.786,+0.991
1636451640,+3.44,+16.627, +3.776,+0.992
1636451700,+3.44,+16.610, +3.768,+0.991
1636451760,+3.44,+16.627, +3.757,+0.992
1636451820,+3.44,+16.619, +3.749,+0.991
1636451880,+3.44,+16.627, +3.752,+0.991
1636451940,+3.44,+16.627, +3.760,+0.991
1636452000,+3.44,+16.610, +3.766,+0.991
1636452060,+3.44,+16.627, +3.747,+0.991
1636452120,+3.44,+16.627, +3.722,+0.991
1636452180,+3.44,+16.619, +3.722,+0.991
1636452240,+3.44,+16.610, +3.709,+0.991
1636452300,+3.44,+16.610, +3.688,+0.992
1636452360,+3.44,+16.602, +3.672,+0.992
1636452420,+3.44,+16.610, +3.666,+0.991
1636452480,+3.44,+16.619, +3.662,+0.991
1636452540,+3.44,+16.610, +3.676,+0.991
1636452600,+3.44,+16.619, +3.693,+0.991
1636452660,+3.44,+16.619, +3.713,+0.991
1636452720,+3.44,+16.593, +3.725,+0.991
1636452780,+3.44,+16.619, +3.725,+0.991
1636452840,+3.44,+16.619, +3.744,+0.991
1636452900,+3.44,+16.610, +3.772,+0.991
1636452960,+3.44,+16.602, +3.777,+0.992
1636453020,+3.44,+16.610, +3.766,+0.991
1636453080,+3.44,+16.610, +3.758,+0.991
1636453140,+3.44,+16.619, +3.743,+0.991
1636453200,+3.44,+16.627, +3.718,+0.991
1636453260,+3.44,+16.619, +3.688,+0.991
1636453320,+3.44,+16.610, +3.668,+0.991
1636453380,+3.44,+16.610, +3.651,+0.991
1636453440,+3.44,+16.610, +3.639,+0.991
1636453500,+3.44,+16.610, +3.634,+0.991
1636453560,+3.44,+16.619, +3.633,+0.991
1636453620,+3.44,+16.593, +3.666,+0.991
1636453680,+3.44,+16.610, +3.689,+0.991
1636453740,+3.44,+16.585, +3.708,+0.992
1636453800,+3.44,+16.610, +3.709,+0.992
1636453860,+3.44,+16.610, +3.710,+0.991
1636453920,+3.44,+16.619, +3.715,+0.991
1636453980,+3.44,+16.627, +3.717,+0.991
1636454040,+3.44,+16.602, +3.722,+0.991
1636454100,+3.44,+16.627, +3.731,+0.991
1636454160,+3.44,+16.619, +3.744,+0.991
1636454220,+3.44,+16.627, +3.760,+0.992
1636454280,+3.44,+16.619, +3.771,+0.992
1636454340,+3.44,+16.619, +3.769,+0.991
1636454400,+3.44,+16.627, +3.768,+0.991
1636454460,+3.44,+16.627, +3.768,+0.991
1636454520,+3.44,+16.627, +3.772,+0.991
1636454580,+3.44,+16.644, +3.775,+0.992
1636454640,+3.44,+16.636, +3.811,+0.992
1636454700,+3.44,+16.661, +3.854,+0.992
1636454760,+3.44,+16.644, +3.877,+0.991
1636454820,+3.44,+16.661, +3.907,+0.992
1636454880,+3.44,+16.678, +3.947,+0.992
1636454940,+3.44,+16.687, +3.970,+0.992
1636455000,+3.44,+16.678, +3.996,+0.992
1636455060,+3.44,+16.678, +4.009,+0.992
1636455120,+3.44,+16.678, +4.032,+0.992
1636455180,+3.44,+16.695, +4.056,+0.992
1636455240,+3.44,+16.704, +4.079,+0.992
1636455300,+3.44,+16.704, +4.125,+0.992
1636455360,+3.44,+16.678, +4.152,+0.992
1636455420,+3.44,+16.678, +4.168,+0.992
1636455480,+3.44,+16.687, +4.194,+0.992
1636455540,+3.44,+16.704, +4.214,+0.992
1636455600,+3.44,+16.695, +4.248,+0.992
1636455660,+3.44,+16.695, +4.267,+0.992
1636455720,+3.44,+16.695, +4.263,+0.992
1636455780,+3.44,+16.695, +4.238,+0.992
1636455840,+3.44,+16.695, +4.215,+0.992
1636455900,+3.44,+16.695, +4.196,+0.992
1636455960,+3.44,+16.695, +4.180,+0.992
1636456020,+3.44,+16.687, +4.170,+0.992
1636456080,+3.44,+16.670, +4.162,+0.992
1636456140,+3.44,+16.687, +4.143,+0.992
1636456200,+3.44,+16.678, +4.140,+0.992
1636456260,+3.44,+16.687, +4.119,+0.992
1636456320,+3.44,+16.670, +4.111,+0.992
1636456380,+3.44,+16.653, +4.107,+0.992
1636456440,+3.44,+16.653, +4.093,+0.992
1636456500,+3.44,+16.644, +4.087,+0.992
1636456560,+3.44,+16.661, +4.064,+0.992
1636456620,+3.44,+16.653, +4.045,+0.992
1636456680,+3.44,+16.661, +4.025,+0.992
1636456740,+3.44,+16.644, +4.017,+0.992
1636456800,+3.44,+16.653, +4.010,+0.992
1636456860,+3.44,+16.644, +3.994,+0.992
1636456920,+3.44,+16.644, +3.997,+0.992
1636456980,+3.44,+16.653, +3.998,+0.992
1636457040,+3.44,+16.636, +4.004,+0.992
1636457100,+3.44,+16.653, +3.992,+0.992
1636457160,+3.44,+16.636, +3.981,+0.992
1636457220,+3.44,+16.644, +3.971,+0.992
1636457280,+3.44,+16.653, +3.973,+0.991
1636457340,+3.44,+16.636, +3.969,+0.992
1636457400,+3.44,+16.661, +3.950,+0.992
1636457460,+3.44,+16.636, +3.927,+0.992
1636457520,+3.44,+16.653, +3.887,+0.991
1636457580,+3.44,+16.644, +3.857,+0.992
1636457640,+3.44,+16.653, +3.850,+0.991
1636457700,+3.44,+16.636, +3.864,+0.992
1636457760,+3.44,+16.619, +3.874,+0.992
1636457820,+3.44,+16.619, +3.888,+0.991
1636457880,+3.44,+16.636, +3.899,+0.992
1636457940,+3.44,+16.627, +3.892,+0.992
1636458000,+3.44,+16.627, +3.853,+0.992
1636458060,+3.44,+16.627, +3.808,+0.992
1636458120,+3.44,+16.619, +3.770,+0.991
1636458180,+3.44,+16.644, +3.761,+0.992
1636458240,+3.44,+16.644, +3.762,+0.991
1636458300,+3.44,+16.636, +3.748,+0.991
1636458360,+3.44,+16.627, +3.727,+0.991
1636458420,+3.44,+16.619, +3.707,+0.992
1636458480,+3.44,+16.627, +3.677,+0.991
1636458540,+3.44,+16.627, +3.675,+0.991
1636458600,+3.44,+16.644, +3.675,+0.991
1636458660,+3.44,+16.627, +3.661,+0.991
1636458720,+3.44,+16.610, +3.655,+0.991
1636458780,+3.44,+16.627, +3.641,+0.991
1636458840,+3.44,+16.636, +3.635,+0.991
1636458900,+3.44,+16.636, +3.629,+0.991
1636458960,+3.44,+16.636, +3.628,+0.991
1636459020,+3.44,+16.610, +3.637,+0.991
1636459080,+3.44,+16.610, +3.640,+0.991
1636459140,+3.44,+16.627, +3.646,+0.991
1636459200,+3.44,+16.619, +3.651,+0.991
1636459260,+3.44,+16.602, +3.659,+0.991
1636459320,+3.44,+16.636, +3.654,+0.991
1636459380,+3.44,+16.610, +3.663,+0.991
1636459440,+3.44,+16.636, +3.673,+0.992
1636459500,+3.44,+16.619, +3.678,+0.991
1636459560,+3.44,+16.619, +3.682,+0.991
1636459620,+3.44,+16.636, +3.689,+0.991
1636459680,+3.44,+16.619, +3.705,+0.992
1636459740,+3.44,+16.619, +3.707,+0.991
1636459800,+3.44,+16.619, +3.717,+0.991
1636459860,+3.44,+16.619, +3.729,+0.991
1636459920,+3.44,+16.627, +3.751,+0.992
1636459980,+3.44,+16.636, +3.769,+0.991
1636460040,+3.44,+16.619, +3.787,+0.992
1636460100,+3.44,+16.619, +3.796,+0.992
1636460160,+3.44,+16.610, +3.799,+0.991
1636460220,+3.44,+16.602, +3.801,+0.991
1636460280,+3.44,+16.619, +3.797,+0.991
1636460340,+3.44,+16.619, +3.799,+0.991
1636460400,+3.44,+16.619, +3.803,+0.991
1636460460,+3.44,+16.619, +3.810,+0.992
1636460520,+3.44,+16.619, +3.806,+0.991
1636460580,+3.44,+16.602, +3.807,+0.992
1636460640,+3.44,+16.610, +3.797,+0.991
1636460700,+3.44,+16.610, +3.790,+0.991
1636460760,+3.44,+16.619, +3.785,+0.991
1636460820,+3.44,+16.619, +3.788,+0.991
1636460880,+3.44,+16.610, +3.792,+0.992
1636460940,+3.44,+16.619, +3.790,+0.991
1636461000,+3.44,+16.593, +3.798,+0.991
1636461060,+3.44,+16.619, +3.793,+0.992
1636461120,+3.44,+16.610, +3.797,+0.992
1636461180,+3.44,+16.627, +3.795,+0.991
1636461240,+3.44,+16.627, +3.798,+0.992
1636461300,+3.44,+16.619, +3.785,+0.992
1636461360,+3.44,+16.602, +3.773,+0.991
1636461420,+3.44,+16.610, +3.763,+0.991
1636461480,+3.44,+16.610, +3.758,+0.991
1636461540,+3.44,+16.619, +3.750,+0.991
1636461600,+3.44,+16.610, +3.746,+0.991
1636461660,+3.44,+16.619, +3.741,+0.992
1636461720,+3.44,+16.619, +3.745,+0.992
1636461780,+3.44,+16.619, +3.741,+0.991
1636461840,+3.44,+16.619, +3.736,+0.991
1636461900,+3.44,+16.619, +3.724,+0.991
1636461960,+3.44,+16.619, +3.721,+0.991
1636462020,+3.44,+16.610, +3.725,+0.991
1636462080,+3.44,+16.610, +3.733,+0.991
1636462140,+3.44,+16.610, +3.735,+0.991
1636462200,+3.44,+16.602, +3.746,+0.992
1636462260,+3.44,+16.619, +3.746,+0.992
1636462320,+3.44,+16.610, +3.753,+0.992
1636462380,+3.44,+16.619, +3.756,+0.992
1636462440,+3.44,+16.627, +3.765,+0.991
1636462500,+3.44,+16.610, +3.780,+0.991
1636462560,+3.44,+16.627, +3.787,+0.992
1636462620,+3.44,+16.619, +3.791,+0.992
1636462680,+3.44,+16.644, +3.792,+0.992
1636462740,+3.44,+16.619, +3.792,+0.992
1636462800,+3.44,+16.619, +3.802,+0.992
1636462860,+3.44,+16.610, +3.817,+0.992
1636462920,+3.44,+16.627, +3.826,+0.991
1636462980,+3.44,+16.627, +3.846,+0.992
1636463040,+3.44,+16.627, +3.850,+0.992
1636463100,+3.44,+16.627, +3.839,+0.991
1636463160,+3.44,+16.627, +3.840,+0.992
1636463220,+3.44,+16.627, +3.866,+0.992
1636463280,+3.44,+16.636, +3.911,+0.991
1636463340,+3.44,+16.610, +3.984,+0.992
1636463400,+3.44,+16.644, +4.012,+0.992
1636463460,+3.44,+16.627, +4.029,+0.992
1636463520,+3.44,+16.627, +4.050,+0.992
1636463580,+3.44,+16.653, +4.060,+0.992
1636463640,+3.44,+16.653, +4.070,+0.992
1636463700,+3.44,+16.670, +4.070,+0.992
1636463760,+3.44,+16.670, +4.074,+0.992
1636463820,+3.44,+16.661, +4.082,+0.992
1636463880,+3.44,+16.687, +4.116,+0.992
1636463940,+3.44,+16.661, +4.120,+0.992
1636464000,+3.44,+16.661, +4.108,+0.992
1636464060,+3.44,+16.653, +4.097,+0.992
1636464120,+3.44,+16.661, +4.067,+0.992
1636464180,+3.44,+16.653, +4.051,+0.992
1636464240,+3.44,+16.661, +4.037,+0.992
1636464300,+3.44,+16.661, +4.029,+0.992
1636464360,+3.44,+16.661, +4.024,+0.992
1636464420,+3.44,+16.661, +4.026,+0.992
1636464480,+3.44,+16.653, +4.026,+0.992
1636464540,+3.44,+16.653, +4.015,+0.992
1636464600,+3.44,+16.644, +4.015,+0.992
1636464660,+3.44,+16.644, +4.006,+0.992
1636464720,+3.44,+16.670, +3.982,+0.992
1636464780,+3.44,+16.636, +3.958,+0.992
1636464840,+3.44,+16.644, +3.942,+0.991
1636464900,+3.44,+16.636, +3.944,+0.992
1636464960,+3.44,+16.644, +3.935,+0.992
1636465020,+3.44,+16.661, +3.915,+0.992
1636465080,+3.44,+16.644, +3.910,+0.992
1636465140,+3.44,+16.627, +3.912,+0.992
1636465200,+3.44,+16.644, +3.904,+0.991
1636465260,+3.44,+16.627, +3.898,+0.992
1636465320,+3.44,+16.627, +3.879,+0.992
1636465380,+3.44,+16.627, +3.862,+0.992
1636465440,+3.44,+16.636, +3.845,+0.992
1636465500,+3.44,+16.636, +3.840,+0.992
1636465560,+3.44,+16.636, +3.836,+0.992
1636465620,+3.44,+16.644, +3.825,+0.992
1636465680,+3.44,+16.627, +3.775,+0.991
1636465740,+3.44,+16.619, +3.754,+0.991
1636465800,+3.44,+16.627, +3.741,+0.991
1636465860,+3.44,+16.636, +3.753,+0.991
1636465920,+3.44,+16.627, +3.760,+0.992
1636465980,+3.44,+16.619, +3.766,+0.991
1636466040,+3.44,+16.619, +3.750,+0.991
1636466100,+3.44,+16.610, +3.751,+0.992
1636466160,+3.44,+16.619, +3.743,+0.991
1636466220,+3.44,+16.610, +3.734,+0.991
1636466280,+3.44,+16.619, +3.717,+0.992
1636466340,+3.44,+16.627, +3.701,+0.991
1636466400,+3.44,+16.610, +3.693,+0.991
1636466460,+3.44,+16.619, +3.695,+0.991
1636466520,+3.44,+16.610, +3.706,+0.992
1636466580,+3.44,+16.627, +3.705,+0.991
1636466640,+3.44,+16.619, +3.700,+0.991
1636466700,+3.44,+16.610, +3.684,+0.991
1636466760,+3.44,+16.602, +3.680,+0.991
1636466820,+3.44,+16.610, +3.671,+0.991
1636466880,+3.44,+16.627, +3.666,+0.991
1636466940,+3.44,+16.610, +3.653,+0.991
1636467000,+3.44,+16.610, +3.645,+0.991
1636467060,+3.44,+16.619, +3.633,+0.991
1636467120,+3.44,+16.636, +3.628,+0.991
1636467180,+3.44,+16.610, +3.633,+0.991
1636467240,+3.44,+16.593, +3.635,+0.991
1636467300,+3.44,+16.619, +3.635,+0.991
1636467360,+3.44,+16.619, +3.639,+0.991
1636467420,+3.44,+16.602, +3.646,+0.991
1636467480,+3.44,+16.610, +3.644,+0.991
1636467540,+3.44,+16.619, +3.645,+0.991
1636467600,+3.44,+16.610, +3.649,+0.991
1636467660,+3.44,+16.636, +3.647,+0.991
1636467720,+3.44,+16.619, +3.663,+0.991
1636467780,+3.44,+16.619, +3.701,+0.992
1636467840,+3.44,+16.610, +3.739,+0.992
1636467900,+3.44,+16.627, +3.765,+0.991
1636467960,+3.44,+16.619, +3.772,+0.992
1636468020,+3.44,+16.619, +3.805,+0.992
1636468080,+3.44,+16.636, +3.855,+0.992
1636468140,+3.44,+16.610, +3.916,+0.992
1636468200,+3.44,+16.627, +3.934,+0.992
1636468260,+3.44,+16.602, +3.925,+0.992
1636468320,+3.44,+16.627, +3.925,+0.992
1636468380,+3.44,+16.619, +3.919,+0.991
1636468440,+3.44,+16.619, +3.911,+0.992
1636468500,+3.44,+16.619, +3.901,+0.991
1636468560,+3.44,+16.610, +3.873,+0.992
1636468620,+3.44,+16.610, +3.862,+0.991
1636468680,+3.44,+16.610, +3.876,+0.992
1636468740,+3.44,+16.619, +3.886,+0.992
1636468800,+3.44,+16.610, +3.889,+0.992
1636468860,+3.44,+16.619, +3.878,+0.992
1636468920,+3.44,+16.619, +3.865,+0.992
1636468980,+3.44,+16.619, +3.868,+0.992
1636469040,+3.44,+16.636, +3.879,+0.991
1636469100,+3.44,+16.636, +3.902,+0.992
1636469160,+3.44,+16.619, +3.927,+0.992
1636469220,+3.44,+16.610, +3.937,+0.992
1636469280,+3.44,+16.627, +3.944,+0.992
1636469340,+3.44,+16.627, +3.955,+0.992
1636469400,+3.44,+16.627, +3.957,+0.992
1636469460,+3.44,+16.627, +3.953,+0.992
1636469520,+3.44,+16.619, +3.965,+0.992
1636469580,+3.44,+16.627, +3.954,+0.992
1636469640,+3.44,+16.627, +3.947,+0.992
1636469700,+3.44,+16.619, +3.936,+0.992
1636469760,+3.44,+16.636, +3.926,+0.991
1636469820,+3.44,+16.619, +3.927,+0.992
1636469880,+3.44,+16.636, +3.930,+0.992
1636469940,+3.44,+16.644, +3.918,+0.991
1636470000,+3.44,+16.610, +3.914,+0.992
1636470060,+3.44,+16.610, +3.914,+0.992
1636470120,+3.44,+16.636, +3.896,+0.992
1636470180,+3.44,+16.619, +3.889,+0.992
1636470240,+3.44,+16.627, +3.869,+0.992
1636470300,+3.44,+16.619, +3.858,+0.992
1636470360,+3.44,+16.619, +3.857,+0.992
1636470420,+3.44,+16.619, +3.837,+0.992
1636470480,+3.44,+16.619, +3.834,+0.991
1636470540,+3.44,+16.619, +3.821,+0.991
1636470600,+3.44,+16.619, +3.818,+0.991
1636470660,+3.44,+16.619, +3.814,+0.991
1636470720,+3.44,+16.610, +3.816,+0.992
1636470780,+3.44,+16.610, +3.812,+0.991
1636470840,+3.44,+16.602, +3.818,+0.991
1636470900,+3.44,+16.593, +3.824,+0.991
1636470960,+3.44,+16.619, +3.821,+0.992
1636471020,+3.44,+16.593, +3.817,+0.991
1636471080,+3.44,+16.610, +3.813,+0.991
1636471140,+3.44,+16.602, +3.815,+0.991
1636471200,+3.44,+16.610, +3.817,+0.992
1636471260,+3.44,+16.627, +3.822,+0.991
1636471320,+3.44,+16.619, +3.839,+0.992
1636471380,+3.44,+16.619, +3.861,+0.991
1636471440,+3.44,+16.619, +3.885,+0.992
1636471500,+3.44,+16.636, +3.887,+0.992
1636471560,+3.44,+16.619, +3.895,+0.992
1636471620,+3.44,+16.619, +3.904,+0.992
1636471680,+3.44,+16.619, +3.906,+0.992
1636471740,+3.44,+16.627, +3.899,+0.992
1636471800,+3.44,+16.627, +3.892,+0.991
1636471860,+3.44,+16.627, +3.883,+0.991
1636471920,+3.44,+16.610, +3.867,+0.992
1636471980,+3.44,+16.627, +3.862,+0.991
1636472040,+3.44,+16.610, +3.870,+0.992
1636472100,+3.44,+16.602, +3.878,+0.992
1636472160,+3.44,+16.619, +3.885,+0.992
1636472220,+3.44,+16.610, +3.883,+0.991
1636472280,+3.44,+16.619, +3.868,+0.992
1636472340,+3.44,+16.627, +3.850,+0.992
1636472400,+3.44,+16.610, +3.834,+0.991
1636472460,+3.44,+16.627, +3.826,+0.992
1636472520,+3.44,+16.610, +3.825,+0.992
1636472580,+3.44,+16.619, +3.814,+0.991
1636472640,+3.44,+16.627, +3.809,+0.992
1636472700,+3.44,+16.636, +3.813,+0.991
1636472760,+3.44,+16.610, +3.832,+0.991
1636472820,+3.44,+16.619, +3.819,+0.991
1636472880,+3.44,+16.610, +3.791,+0.992
1636472940,+3.44,+16.627, +3.768,+0.991
1636473000,+3.44,+16.619, +3.745,+0.991
1636473060,+3.44,+16.602, +3.727,+0.991
1636473120,+3.44,+16.627, +3.719,+0.991
1636473180,+3.44,+16.619, +3.721,+0.991
1636473240,+3.44,+16.619, +3.721,+0.992
1636473300,+3.44,+16.610, +3.702,+0.991
1636473360,+3.44,+16.602, +3.676,+0.991
1636473420,+3.44,+16.619, +3.716,+0.991
1636473480,+3.44,+16.619, +3.700,+0.991
1636473540,+3.44,+16.602, +3.686,+0.992
1636473600,+3.44,+16.585, +3.685,+0.991
1636473660,+3.44,+16.602, +3.689,+0.992
1636473720,+3.44,+16.593, +3.683,+0.991
1636473780,+3.44,+16.602, +3.674,+0.991
1636473840,+3.44,+16.610, +3.643,+0.991
1636473900,+3.44,+16.593, +3.617,+0.991
1636473960,+3.44,+16.610, +3.603,+0.991
1636474020,+3.44,+16.593, +3.593,+0.991
1636474080,+3.44,+16.602, +3.576,+0.991
1636474140,+3.44,+16.602, +3.574,+0.991
1636474200,+3.44,+16.593, +3.583,+0.992
1636474260,+3.44,+16.610, +3.571,+0.991
1636474320,+3.44,+16.610, +3.564,+0.991
1636474380,+3.44,+16.602, +3.567,+0.991
1636474440,+3.44,+16.602, +3.560,+0.991
1636474500,+3.44,+16.593, +3.553,+0.991
1636474560,+3.44,+16.610, +3.547,+0.991
1636474620,+3.44,+16.610, +3.548,+0.991
1636474680,+3.44,+16.593, +3.567,+0.991
1636474740,+3.44,+16.619, +3.588,+0.991
1636474800,+3.44,+16.593, +3.599,+0.991
1636474860,+3.44,+16.619, +3.612,+0.991
1636474920,+3.44,+16.602, +3.622,+0.991
1636474980,+3.44,+16.619, +3.619,+0.991
1636475040,+3.44,+16.610, +3.630,+0.992
1636475100,+3.44,+16.602, +3.636,+0.992
1636475160,+3.44,+16.619, +3.633,+0.991
1636475220,+3.44,+16.619, +3.632,+0.991
1636475280,+3.44,+16.627, +3.631,+0.991
1636475340,+3.44,+16.610, +3.644,+0.991
1636475400,+3.44,+16.610, +3.664,+0.991
1636475460,+3.44,+16.619, +3.680,+0.991
1636475520,+3.44,+16.636, +3.743,+0.992
1636475580,+3.44,+16.636, +3.775,+0.991
1636475640,+3.44,+16.627, +3.801,+0.991
1636475700,+3.44,+16.644, +3.811,+0.991
1636475760,+3.44,+16.636, +3.825,+0.992
1636475820,+3.44,+16.636, +3.827,+0.991
1636475880,+3.44,+16.644, +3.837,+0.992
1636475940,+3.44,+16.653, +3.828,+0.992
1636476000,+3.44,+16.653, +3.833,+0.992
1636476060,+3.43,+16.670, +3.863,+0.992
1636476120,+3.44,+16.653, +3.874,+0.991
1636476180,+3.44,+16.695, +3.877,+0.992
1636476240,+3.44,+16.670, +3.889,+0.992
1636476300,+3.44,+16.678, +3.921,+0.992
1636476360,+3.44,+16.678, +3.982,+0.992
1636476420,+3.43,+16.687, +4.047,+0.992
1636476480,+3.44,+16.687, +4.110,+0.992
