7450-171185
OS REV: 1.05 Sensor Cal: 1626366331
Time (sec),  BV (Volts),  T (deg C),  DO (mg/l),  Q ()
1636217580,+2.96,+19.767,+10.366,+0.965
1636218180,+2.96,+19.700,+10.308,+0.964
1636218780,+2.96,+19.700,+10.271,+0.965
1636219380,+2.95,+20.010,+10.256,+0.965
1636219980,+2.96,+20.396,+10.262,+0.966
1636220580,+2.96,+20.773,+10.173,+0.964
1636221180,+2.96,+20.614,+10.119,+0.964
1636221780,+2.96,+20.128, +9.008,+0.962
1636222380,+2.96,+18.380, +4.430,+0.962
1636222980,+2.96,+18.262, +8.365,+0.965
1636223580,+2.96,+18.203, +8.250,+0.965
1636224180,+2.96,+18.169, +8.181,+0.965
1636224780,+2.96,+18.144, +8.073,+0.965
1636225380,+2.96,+18.118, +8.293,+0.965
1636225980,+2.96,+18.135, +8.368,+0.965
1636226580,+2.96,+18.135, +8.219,+0.965
1636227180,+2.96,+18.127, +8.194,+0.965
1636227780,+2.96,+18.118, +7.974,+0.965
1636228380,+2.96,+18.110, +8.093,+0.966
1636228980,+2.96,+18.059, +7.804,+0.965
1636229580,+2.96,+18.068, +7.841,+0.965
1636230180,+2.96,+18.059, +7.665,+0.965
1636230780,+2.96,+18.076, +7.571,+0.965
1636231380,+2.96,+18.093, +7.470,+0.965
1636231980,+2.96,+18.034, +7.425,+0.966
1636232580,+2.96,+18.009, +7.399,+0.965
1636233180,+2.96,+17.992, +7.224,+0.965
1636233780,+2.96,+17.992, +7.165,+0.966
1636234380,+2.96,+17.992, +7.291,+0.965
1636234980,+2.96,+17.975, +7.129,+0.965
1636235580,+2.96,+17.966, +7.126,+0.964
1636236180,+2.96,+18.017, +7.636,+0.965
1636236780,+2.96,+18.085, +7.850,+0.966
1636237380,+2.96,+18.076, +7.976,+0.965
1636237980,+2.96,+18.093, +7.991,+0.965
1636238580,+2.96,+18.068, +7.812,+0.965
1636239180,+2.96,+18.068, +7.776,+0.965
1636239780,+2.96,+18.034, +7.633,+0.965
1636240380,+2.96,+18.051, +7.661,+0.965
1636240980,+2.96,+18.051, +7.451,+0.965
1636241580,+2.96,+18.085, +7.622,+0.965
1636242180,+2.96,+18.093, +7.527,+0.965
1636242780,+2.96,+18.110, +7.335,+0.965
1636243380,+2.96,+18.110, +7.409,+0.965
1636243980,+2.96,+18.144, +7.818,+0.965
1636244580,+2.96,+18.127, +6.457,+0.965
1636245180,+2.96,+18.160, +7.712,+0.965
1636245780,+2.96,+18.144, +7.206,+0.965
1636246380,+2.96,+18.220, +7.982,+0.966
1636246980,+2.96,+18.169, +7.182,+0.965
1636247580,+2.96,+18.152, +6.848,+0.965
1636248180,+2.96,+18.076, +6.129,+0.966
1636248780,+2.96,+18.059, +6.388,+0.965
1636249380,+2.96,+18.186, +7.374,+0.965
1636249980,+2.96,+18.101, +6.919,+0.965
1636250580,+2.96,+18.127, +6.860,+0.965
1636251180,+2.96,+18.152, +7.276,+0.965
1636251780,+2.96,+18.025, +6.335,+0.965
1636252380,+2.96,+18.009, +6.262,+0.965
1636252980,+2.96,+18.034, +6.659,+0.965
1636253580,+2.96,+18.017, +6.569,+0.965
1636254180,+2.96,+18.009, +6.743,+0.965
1636254780,+2.96,+18.059, +6.817,+0.965
1636255380,+2.96,+18.034, +6.847,+0.965
1636255980,+2.96,+18.042, +6.986,+0.965
1636256580,+2.96,+18.101, +7.549,+0.965
1636257180,+2.96,+18.101, +7.756,+0.965
1636257780,+2.96,+18.110, +7.735,+0.965
1636258380,+2.96,+18.127, +7.770,+0.965
1636258980,+2.96,+18.144, +7.663,+0.965
1636259580,+2.96,+18.135, +7.559,+0.964
1636260180,+2.96,+18.144, +7.711,+0.965
1636260780,+2.96,+18.144, +7.749,+0.965
1636261380,+2.96,+18.160, +7.678,+0.965
1636261980,+2.96,+18.169, +7.626,+0.965
1636262580,+2.96,+18.160, +7.780,+0.965
1636263180,+2.96,+18.177, +7.866,+0.965
1636263780,+2.96,+18.203, +8.006,+0.965
1636264380,+2.96,+18.236, +8.299,+0.965
1636264980,+2.96,+18.211, +8.167,+0.965
1636265580,+2.96,+18.236, +8.135,+0.965
1636266180,+2.96,+18.211, +7.502,+0.965
1636266780,+2.96,+18.262, +8.146,+0.965
1636267380,+2.96,+18.279, +8.274,+0.964
1636267980,+2.96,+18.295, +8.490,+0.965
1636268580,+2.96,+18.397, +9.023,+0.964
1636269180,+2.96,+18.220, +7.189,+0.965
1636269780,+2.96,+18.270, +8.068,+0.965
1636270380,+2.96,+18.253, +7.810,+0.965
1636270980,+2.96,+18.262, +7.875,+0.965
1636271580,+2.96,+18.262, +7.923,+0.965
1636272180,+2.96,+18.253, +8.064,+0.965
1636272780,+2.96,+18.245, +8.094,+0.965
1636273380,+2.96,+18.236, +8.128,+0.965
1636273980,+2.96,+18.262, +8.036,+0.965
1636274580,+2.96,+18.287, +8.091,+0.965
1636275180,+2.96,+18.253, +8.165,+0.964
1636275780,+2.96,+18.236, +8.069,+0.965
1636276380,+2.96,+18.236, +7.007,+0.965
1636276980,+2.96,+18.245, +6.986,+0.965
1636277580,+2.96,+18.211, +6.839,+0.964
1636278180,+2.96,+18.236, +6.788,+0.964
1636278780,+2.96,+18.236, +6.760,+0.964
1636279380,+2.96,+18.236, +6.704,+0.965
1636279980,+2.96,+18.245, +6.941,+0.965
1636280580,+2.96,+18.245, +6.989,+0.965
1636281180,+2.96,+18.236, +6.989,+0.965
1636281780,+2.96,+18.236, +6.984,+0.965
1636282380,+2.96,+18.203, +6.578,+0.965
1636282980,+2.96,+18.186, +6.977,+0.965
1636283580,+2.96,+18.194, +6.546,+0.964
1636284180,+2.96,+18.228, +6.516,+0.965
1636284780,+2.96,+18.236, +7.163,+0.964
1636285380,+2.96,+18.220, +7.114,+0.965
1636285980,+2.96,+18.228, +6.902,+0.965
1636286580,+2.96,+18.270, +7.373,+0.964
1636287180,+2.96,+18.304, +8.387,+0.965
1636287780,+2.96,+18.321, +8.492,+0.965
1636288380,+2.96,+18.329, +8.263,+0.966
1636288980,+2.96,+18.287, +7.023,+0.965
1636289580,+2.96,+18.295, +7.387,+0.965
1636290180,+2.96,+18.287, +6.817,+0.964
1636290780,+2.96,+18.270, +6.667,+0.965
1636291380,+2.96,+18.295, +6.995,+0.965
1636291980,+2.96,+18.287, +6.311,+0.965
1636292580,+2.96,+18.295, +5.923,+0.965
1636293180,+2.96,+18.287, +6.065,+0.965
1636293780,+2.96,+18.287, +5.891,+0.965
1636294380,+2.96,+18.295, +6.126,+0.965
1636294980,+2.96,+18.279, +6.201,+0.965
1636295580,+2.96,+18.295, +6.008,+0.965
1636296180,+2.96,+18.270, +6.064,+0.965
1636296780,+2.96,+18.270, +6.264,+0.965
1636297380,+2.96,+18.295, +6.611,+0.965
1636297980,+2.96,+18.287, +5.889,+0.965
1636298580,+2.96,+18.304, +6.003,+0.965
1636299180,+2.96,+18.295, +5.724,+0.965
1636299780,+2.96,+18.295, +5.703,+0.965
1636300380,+2.96,+18.312, +5.751,+0.965
1636300980,+2.96,+18.312, +6.247,+0.964
1636301580,+2.96,+18.287, +7.463,+0.965
1636302180,+2.96,+18.279, +7.666,+0.965
1636302780,+2.96,+18.304, +7.120,+0.965
1636303380,+2.96,+18.304, +7.606,+0.965
1636303980,+2.96,+18.304, +7.261,+0.965
