7450-171185
OS REV: 1.05 Sensor Cal: 1626366331
Time (sec),  BV (Volts),  T (deg C),  DO (mg/l),  Q ()
1636304580,+2.96,+18.321, +7.635,+0.965
1636305180,+2.96,+18.312, +7.396,+0.965
1636305780,+2.96,+18.312, +7.451,+0.965
1636306380,+2.96,+18.304, +7.261,+0.964
1636306980,+2.96,+18.304, +7.187,+0.965
1636307580,+2.96,+18.312, +7.075,+0.965
1636308180,+2.96,+18.321, +6.795,+0.964
1636308780,+2.96,+18.321, +6.567,+0.965
1636309380,+2.96,+18.312, +6.639,+0.964
1636309980,+2.96,+18.304, +6.792,+0.964
1636310580,+2.96,+18.304, +7.001,+0.965
1636311180,+2.96,+18.287, +7.054,+0.964
1636311780,+2.96,+18.287, +7.144,+0.965
1636312380,+2.96,+18.287, +7.612,+0.965
1636312980,+2.96,+18.287, +7.843,+0.964
1636313580,+2.96,+18.295, +7.790,+0.965
1636314180,+2.96,+18.287, +7.608,+0.965
1636314780,+2.96,+18.279, +7.771,+0.965
1636315380,+2.96,+18.262, +7.827,+0.965
1636315980,+2.96,+18.279, +8.110,+0.965
1636316580,+2.96,+18.295, +8.081,+0.964
1636317180,+2.96,+18.287, +8.090,+0.965
1636317780,+2.96,+18.304, +8.199,+0.965
1636318380,+2.96,+18.304, +8.255,+0.964
1636318980,+2.96,+18.329, +8.282,+0.964
1636319580,+2.96,+18.338, +8.116,+0.965
1636320180,+2.96,+18.338, +8.334,+0.965
1636320780,+2.96,+18.346, +8.110,+0.964
1636321380,+2.96,+18.346, +8.419,+0.965
1636321980,+2.96,+18.371, +8.443,+0.964
1636322580,+2.96,+18.363, +8.162,+0.965
1636323180,+2.96,+18.363, +8.710,+0.965
1636323780,+2.96,+18.371, +8.533,+0.965
1636324380,+2.96,+18.380, +8.356,+0.964
1636324980,+2.96,+18.371, +8.100,+0.964
1636325580,+2.96,+18.371, +7.874,+0.964
1636326180,+2.96,+18.380, +8.220,+0.965
1636326780,+2.96,+18.346, +8.035,+0.964
1636327380,+2.96,+18.354, +8.125,+0.964
1636327980,+2.96,+18.338, +7.869,+0.965
1636328580,+2.96,+18.312, +7.534,+0.965
1636329180,+2.96,+18.312, +7.146,+0.964
1636329780,+2.96,+18.279, +6.983,+0.965
1636330380,+2.96,+18.270, +6.557,+0.965
1636330980,+2.96,+18.236, +6.579,+0.965
1636331580,+2.96,+18.194, +6.186,+0.964
1636332180,+2.96,+18.169, +5.982,+0.965
1636332780,+2.96,+18.135, +5.767,+0.965
1636333380,+2.96,+18.135, +5.728,+0.965
1636333980,+2.96,+18.135, +5.784,+0.965
1636334580,+2.96,+18.135, +5.767,+0.965
1636335180,+2.96,+18.118, +5.879,+0.965
1636335780,+2.96,+18.144, +5.969,+0.965
1636336380,+2.96,+18.177, +5.919,+0.965
1636336980,+2.96,+18.160, +6.036,+0.965
1636337580,+2.96,+18.186, +5.987,+0.965
1636338180,+2.96,+18.211, +6.061,+0.965
1636338780,+2.96,+18.245, +6.141,+0.965
1636339380,+2.96,+18.287, +6.307,+0.964
1636339980,+2.96,+18.270, +6.468,+0.965
1636340580,+2.96,+18.287, +6.605,+0.964
1636341180,+2.96,+18.287, +6.962,+0.964
1636341780,+2.96,+18.304, +7.044,+0.964
1636342380,+2.96,+18.312, +7.211,+0.964
1636342980,+2.96,+18.321, +7.444,+0.965
1636343580,+2.96,+18.321, +7.392,+0.965
1636344180,+2.96,+18.329, +7.610,+0.965
1636344780,+2.96,+18.346, +7.767,+0.964
1636345380,+2.96,+18.338, +7.287,+0.965
1636345980,+2.96,+18.329, +7.061,+0.965
1636346580,+2.96,+18.329, +6.806,+0.965
1636347180,+2.96,+18.321, +6.693,+0.964
1636347780,+2.96,+18.304, +6.595,+0.964
1636348380,+2.96,+18.287, +6.391,+0.965
1636348980,+2.96,+18.295, +6.712,+0.964
1636349580,+2.96,+18.287, +6.879,+0.964
1636350180,+2.96,+18.228, +6.431,+0.965
1636350780,+2.96,+18.186, +6.157,+0.965
1636351380,+2.96,+18.169, +6.140,+0.964
1636351980,+2.96,+18.253, +6.760,+0.965
1636352580,+2.96,+18.236, +6.642,+0.965
1636353180,+2.96,+18.262, +6.907,+0.964
1636353780,+2.96,+18.194, +6.257,+0.964
1636354380,+2.96,+18.160, +6.111,+0.964
1636354980,+2.96,+18.211, +6.483,+0.965
1636355580,+2.96,+18.220, +6.656,+0.964
1636356180,+2.96,+18.211, +6.533,+0.964
1636356780,+2.96,+18.186, +6.350,+0.964
1636357380,+2.96,+18.194, +6.413,+0.965
1636357980,+2.96,+18.228, +6.552,+0.964
1636358580,+2.96,+18.253, +6.674,+0.964
1636359180,+2.96,+18.287, +7.063,+0.965
1636359780,+2.96,+18.312, +7.030,+0.964
1636360380,+2.96,+18.321, +7.287,+0.965
1636360980,+2.96,+18.346, +7.372,+0.965
1636361580,+2.96,+18.338, +7.340,+0.964
1636362180,+2.96,+18.346, +7.529,+0.964
1636362780,+2.96,+18.338, +7.426,+0.964
1636363380,+2.96,+18.346, +7.555,+0.964
1636363980,+2.96,+18.354, +7.349,+0.965
1636364580,+2.96,+18.380, +7.439,+0.964
1636365180,+2.96,+18.312, +7.001,+0.964
1636365780,+2.96,+18.363, +7.467,+0.964
1636366380,+2.96,+18.380, +7.358,+0.964
1636366980,+2.96,+18.363, +7.390,+0.964
1636367580,+2.96,+18.380, +7.475,+0.965
1636368180,+2.96,+18.371, +7.459,+0.965
1636368780,+2.96,+18.354, +7.167,+0.965
1636369380,+2.96,+18.346, +7.063,+0.964
1636369980,+2.96,+18.371, +7.310,+0.965
1636370580,+2.96,+18.312, +6.853,+0.964
1636371180,+2.96,+18.346, +6.841,+0.964
1636371780,+2.96,+18.338, +6.711,+0.965
1636372380,+2.96,+18.346, +7.079,+0.965
1636372980,+2.96,+18.371, +7.200,+0.965
1636373580,+2.96,+18.346, +6.853,+0.964
1636374180,+2.96,+18.363, +7.306,+0.965
1636374780,+2.96,+18.312, +6.924,+0.964
1636375380,+2.96,+18.312, +6.905,+0.964
1636375980,+2.96,+18.338, +7.223,+0.965
1636376580,+2.96,+18.295, +6.556,+0.964
1636377180,+2.96,+18.338, +7.205,+0.964
1636377780,+2.96,+18.304, +6.972,+0.964
1636378380,+2.96,+18.329, +7.219,+0.964
1636378980,+2.96,+18.329, +7.618,+0.964
1636379580,+2.96,+18.312, +7.273,+0.964
1636380180,+2.96,+18.312, +7.392,+0.964
1636380780,+2.96,+18.346, +7.496,+0.965
1636381380,+2.96,+18.321, +7.191,+0.964
1636381980,+2.96,+18.346, +7.363,+0.965
1636382580,+2.96,+18.346, +7.264,+0.964
1636383180,+2.96,+18.363, +7.159,+0.964
1636383780,+2.96,+18.363, +6.921,+0.964
1636384380,+2.96,+18.354, +6.680,+0.964
1636384980,+2.96,+18.346, +6.184,+0.964
1636385580,+2.96,+18.354, +6.072,+0.964
1636386180,+2.96,+18.380, +6.006,+0.965
1636386780,+2.96,+18.405, +6.009,+0.964
1636387380,+2.96,+18.405, +5.988,+0.964
1636387980,+2.96,+18.422, +5.672,+0.964
1636388580,+2.96,+18.439, +5.789,+0.964
1636389180,+2.96,+18.413, +5.707,+0.965
1636389780,+2.96,+18.447, +5.501,+0.965
1636390380,+2.96,+18.430, +5.317,+0.965
1636390980,+2.96,+18.380, +5.117,+0.965
