7450-083144
OS REV: 1.05 Sensor Cal: 1626372298
Time (sec),  BV (Volts),  T (deg C),  DO (mg/l),  Q ()
1636404840,+3.51,+18.198,+10.207,+0.981
1636405440,+3.51,+18.215,+10.216,+0.981
1636406040,+3.51,+18.232,+10.214,+0.980
1636406640,+3.51,+18.232,+10.215,+0.980
1636407240,+3.51,+18.240,+10.220,+0.981
1636407840,+3.51,+18.223,+10.197,+0.980
1636408440,+3.51,+18.215,+10.209,+0.981
1636409040,+3.51,+18.207,+10.219,+0.981
1636409640,+3.51,+18.198,+10.202,+0.980
1636410240,+3.51,+18.190,+10.214,+0.981
1636410840,+3.51,+18.198,+10.214,+0.981
1636411440,+3.51,+18.190,+10.199,+0.981
1636412040,+3.51,+18.164,+10.214,+0.981
1636412640,+3.51,+18.181,+10.205,+0.981
1636413240,+3.51,+18.181,+10.178,+0.981
1636413840,+3.51,+18.156,+10.168,+0.981
1636414440,+3.51,+18.139,+10.167,+0.981
1636415040,+3.51,+18.139,+10.152,+0.981
1636415640,+3.51,+18.114,+10.152,+0.981
1636416240,+3.51,+18.122,+10.127,+0.981
1636416840,+3.52,+18.105,+10.110,+0.981
1636417440,+3.51,+18.089,+10.109,+0.981
1636418040,+3.52,+18.105,+10.082,+0.981
1636418640,+3.51,+18.105,+10.066,+0.981
1636419240,+3.52,+18.097,+10.058,+0.981
1636419840,+3.51,+18.072,+10.042,+0.980
1636420440,+3.51,+18.097,+10.024,+0.980
1636421040,+3.51,+18.063,+10.015,+0.981
1636421640,+3.51,+18.072,+10.007,+0.981
1636422240,+3.51,+18.055, +9.993,+0.981
1636422840,+3.51,+18.055, +9.970,+0.981
1636423440,+3.51,+18.038, +9.969,+0.981
1636424040,+3.51,+18.038, +9.953,+0.981
1636424640,+3.52,+18.038, +9.928,+0.981
1636425240,+3.52,+18.038, +9.901,+0.981
1636425840,+3.52,+18.021, +9.889,+0.981
1636426440,+3.52,+18.013, +9.856,+0.981
1636427040,+3.52,+17.987, +9.837,+0.980
1636427640,+3.51,+17.996, +9.824,+0.981
1636428240,+3.52,+17.996, +9.758,+0.980
1636428840,+3.51,+17.970, +9.761,+0.980
1636429440,+3.52,+17.979, +9.718,+0.980
1636430040,+3.52,+17.970, +9.686,+0.981
1636430640,+3.52,+17.954, +9.659,+0.980
1636431240,+3.52,+17.962, +9.681,+0.980
1636431840,+3.52,+17.962, +9.673,+0.981
1636432440,+3.52,+17.928, +9.666,+0.980
1636433040,+3.52,+17.962, +9.640,+0.980
1636433640,+3.52,+17.937, +9.639,+0.980
1636434240,+3.51,+17.911, +9.642,+0.980
1636434840,+3.52,+17.937, +9.623,+0.980
1636435440,+3.52,+17.911, +9.624,+0.980
1636436040,+3.51,+17.928, +9.631,+0.981
1636436640,+3.51,+17.903, +9.616,+0.980
1636437240,+3.51,+17.911, +9.589,+0.980
1636437840,+3.51,+17.903, +9.555,+0.980
1636438440,+3.51,+17.878, +9.493,+0.980
1636439040,+3.51,+17.869, +9.456,+0.980
1636439640,+3.51,+17.844, +9.493,+0.981
1636440240,+3.51,+17.844, +9.527,+0.981
1636440840,+3.51,+17.852, +9.486,+0.980
1636441440,+3.51,+17.852, +9.455,+0.980
1636442040,+3.51,+17.844, +9.449,+0.980
1636442640,+3.51,+17.852, +9.437,+0.980
1636443240,+3.51,+17.818, +9.407,+0.980
1636443840,+3.51,+17.802, +9.349,+0.980
1636444440,+3.51,+17.827, +9.406,+0.981
1636445040,+3.51,+17.802, +9.391,+0.980
1636445640,+3.51,+17.818, +9.368,+0.980
1636446240,+3.51,+17.810, +9.353,+0.980
1636446840,+3.51,+17.776, +9.341,+0.981
1636447440,+3.51,+17.776, +9.341,+0.981
1636448040,+3.51,+17.793, +9.298,+0.980
1636448640,+3.51,+17.793, +9.317,+0.980
1636449240,+3.51,+17.793, +9.311,+0.980
1636449840,+3.51,+17.776, +9.281,+0.980
1636450440,+3.51,+17.785, +9.265,+0.980
1636451040,+3.51,+17.768, +9.277,+0.980
1636451640,+3.51,+17.768, +9.271,+0.980
1636452240,+3.51,+17.751, +9.253,+0.980
1636452840,+3.51,+17.776, +9.280,+0.980
1636453440,+3.51,+17.759, +9.260,+0.980
1636454040,+3.51,+17.751, +9.232,+0.980
1636454640,+3.51,+17.768, +9.240,+0.981
1636455240,+3.51,+17.751, +9.219,+0.981
1636455840,+3.51,+17.717, +9.225,+0.980
1636456440,+3.51,+17.742, +9.196,+0.980
1636457040,+3.51,+17.742, +9.208,+0.980
1636457640,+3.51,+17.734, +9.149,+0.979
1636458240,+3.51,+17.742, +9.137,+0.980
1636458840,+3.51,+17.734, +9.124,+0.980
1636459440,+3.51,+17.717, +9.106,+0.980
1636460040,+3.51,+17.709, +9.088,+0.980
1636460640,+3.51,+17.700, +9.059,+0.980
1636461240,+3.51,+17.692, +9.019,+0.980
1636461840,+3.51,+17.692, +8.994,+0.980
1636462440,+3.51,+17.683, +8.968,+0.980
1636463040,+3.51,+17.683, +8.944,+0.980
1636463640,+3.51,+17.683, +8.925,+0.980
1636464240,+3.51,+17.649, +8.936,+0.980
1636464840,+3.51,+17.641, +8.948,+0.980
1636465440,+3.51,+17.641, +8.962,+0.979
1636466040,+3.51,+17.649, +8.945,+0.980
1636466640,+3.51,+17.675, +8.972,+0.980
1636467240,+3.51,+17.624, +9.018,+0.980
1636467840,+3.51,+17.666, +9.013,+0.980
1636468440,+3.51,+17.649, +9.071,+0.980
1636469040,+3.51,+17.692, +9.188,+0.980
1636469640,+3.51,+17.683, +9.203,+0.980
1636470240,+3.51,+17.709, +9.249,+0.980
1636470840,+3.51,+17.700, +9.248,+0.980
1636471440,+3.51,+17.692, +9.277,+0.981
1636472040,+3.51,+17.742, +9.263,+0.980
1636472640,+3.51,+17.734, +9.285,+0.980
1636473240,+3.51,+17.742, +9.292,+0.980
1636473840,+3.51,+17.759, +9.336,+0.980
1636474440,+3.51,+17.759, +9.392,+0.980
1636475040,+3.51,+17.818, +9.372,+0.980
1636475640,+3.51,+17.835, +9.426,+0.980
1636476240,+3.51,+17.827, +9.442,+0.980
1636476840,+3.51,+17.886, +9.478,+0.980
1636477440,+3.51,+17.920, +9.533,+0.981
1636478040,+3.51,+17.970, +9.549,+0.980
1636478640,+3.51,+18.072, +9.572,+0.980
1636479240,+3.51,+18.080, +9.579,+0.980
1636479840,+3.51,+18.080, +9.612,+0.980
1636480440,+3.51,+18.063, +9.593,+0.980
1636481040,+3.51,+18.089, +9.606,+0.980
1636481640,+3.51,+18.105, +9.599,+0.980
1636482240,+3.51,+18.105, +9.607,+0.980
1636482840,+3.51,+18.122, +9.615,+0.980
1636483440,+3.51,+18.114, +9.630,+0.980
1636484040,+3.51,+18.148, +9.631,+0.980
1636484640,+3.51,+18.148, +9.660,+0.980
1636485240,+3.51,+18.164, +9.677,+0.980
1636485840,+3.51,+18.131, +9.681,+0.980
1636486440,+3.51,+18.164, +9.727,+0.981
1636487040,+3.51,+18.190, +9.734,+0.980
1636487640,+3.51,+18.181, +9.732,+0.980
1636488240,+3.51,+18.190, +9.747,+0.980
1636488840,+3.51,+18.198, +9.723,+0.980
1636489440,+3.51,+18.207, +9.760,+0.980
1636490040,+3.51,+18.232, +9.800,+0.981
1636490640,+3.51,+18.266, +9.789,+0.980
1636491240,+3.51,+18.249, +9.771,+0.980
