7450-083144
OS REV: 1.05 Sensor Cal: 1626372298
Time (sec),  BV (Volts),  T (deg C),  DO (mg/l),  Q ()
1636230840,+3.53,+21.938, +9.556,+0.985
1636231440,+3.53,+21.001, +9.616,+0.985
1636232040,+3.53,+20.474, +9.620,+0.984
1636232640,+3.53,+20.382, +9.660,+0.985
1636233240,+3.53,+20.457, +9.622,+0.984
1636233840,+3.53,+20.331,+11.190,+0.985
1636234440,+3.53,+19.912,+11.592,+0.985
1636235040,+3.53,+20.063,+11.646,+0.985
1636235640,+3.53,+19.946,+11.815,+0.984
1636236240,+3.53,+19.711,+12.010,+0.986
1636236840,+3.53,+19.778,+11.794,+0.984
1636237440,+3.53,+19.686,+11.707,+0.984
1636238040,+3.53,+19.527,+11.757,+0.985
1636238640,+3.53,+19.392,+11.775,+0.984
1636239240,+3.53,+19.208,+11.892,+0.985
1636239840,+3.53,+19.040,+11.906,+0.984
1636240440,+3.53,+18.888,+11.897,+0.985
1636241040,+3.53,+18.788,+11.900,+0.984
1636241640,+3.53,+18.737,+11.918,+0.985
1636242240,+3.53,+18.670,+11.886,+0.985
1636242840,+3.53,+18.628,+11.890,+0.985
1636243440,+3.53,+18.577,+11.865,+0.984
1636244040,+3.53,+18.544,+11.861,+0.984
1636244640,+3.53,+18.485,+11.854,+0.984
1636245240,+3.53,+18.476,+11.817,+0.984
1636245840,+3.53,+18.434,+11.792,+0.983
1636246440,+3.53,+18.426,+11.767,+0.983
1636247040,+3.53,+18.400,+11.745,+0.983
1636247640,+3.53,+18.400,+11.707,+0.984
1636248240,+3.53,+18.384,+11.722,+0.984
1636248840,+3.53,+18.367,+11.699,+0.983
1636249440,+3.53,+18.375,+11.691,+0.983
1636250040,+3.53,+18.367,+11.700,+0.985
1636250640,+3.53,+18.367,+11.672,+0.984
1636251240,+3.53,+18.350,+11.659,+0.984
1636251840,+3.53,+18.341,+11.652,+0.984
1636252440,+3.53,+18.350,+11.652,+0.984
1636253040,+3.53,+18.341,+11.612,+0.983
1636253640,+3.53,+18.316,+11.594,+0.983
1636254240,+3.53,+18.316,+11.578,+0.984
1636254840,+3.53,+18.316,+11.570,+0.984
1636255440,+3.53,+18.282,+11.515,+0.983
1636256040,+3.53,+18.350,+11.477,+0.984
1636256640,+3.53,+18.375,+11.410,+0.983
1636257240,+3.53,+18.375,+11.442,+0.982
1636257840,+3.53,+18.417,+11.449,+0.982
1636258440,+3.53,+18.426,+11.433,+0.983
1636259040,+3.53,+18.426,+11.390,+0.983
1636259640,+3.53,+18.400,+11.370,+0.982
1636260240,+3.53,+18.392,+11.340,+0.983
1636260840,+3.53,+18.367,+11.329,+0.983
1636261440,+3.53,+18.316,+11.288,+0.983
1636262040,+3.53,+18.291,+11.242,+0.982
1636262640,+3.53,+18.282,+11.240,+0.983
1636263240,+3.53,+18.299,+11.241,+0.983
1636263840,+3.53,+18.291,+11.232,+0.983
1636264440,+3.53,+18.291,+11.190,+0.983
1636265040,+3.53,+18.266,+11.169,+0.983
1636265640,+3.53,+18.232,+11.141,+0.982
1636266240,+3.53,+18.299,+11.245,+0.982
1636266840,+3.53,+18.291,+11.219,+0.983
1636267440,+3.53,+18.282,+11.232,+0.983
1636268040,+3.53,+18.282,+11.244,+0.983
1636268640,+3.53,+18.358,+11.275,+0.982
1636269240,+3.53,+18.358,+11.277,+0.983
1636269840,+3.53,+18.358,+11.260,+0.983
1636270440,+3.53,+18.358,+11.284,+0.984
1636271040,+3.53,+18.316,+11.251,+0.983
1636271640,+3.53,+18.333,+11.267,+0.983
1636272240,+3.53,+18.308,+11.236,+0.982
1636272840,+3.53,+18.282,+11.235,+0.983
1636273440,+3.53,+18.266,+11.218,+0.983
1636274040,+3.53,+18.266,+11.221,+0.982
1636274640,+3.53,+18.282,+11.215,+0.983
1636275240,+3.53,+18.257,+11.204,+0.983
1636275840,+3.53,+18.249,+11.184,+0.983
1636276440,+3.53,+18.232,+11.178,+0.982
1636277040,+3.53,+18.266,+11.248,+0.983
1636277640,+3.53,+18.266,+11.234,+0.983
1636278240,+3.53,+18.291,+11.212,+0.982
1636278840,+3.53,+18.316,+11.215,+0.982
1636279440,+3.53,+18.291,+11.236,+0.983
1636280040,+3.53,+18.249,+11.237,+0.983
1636280640,+3.53,+18.299,+11.241,+0.983
1636281240,+3.53,+18.291,+11.232,+0.983
1636281840,+3.53,+18.291,+11.198,+0.982
1636282440,+3.53,+18.266,+11.178,+0.982
1636283040,+3.53,+18.240,+11.164,+0.982
1636283640,+3.53,+18.232,+11.163,+0.983
1636284240,+3.53,+18.249,+11.133,+0.983
1636284840,+3.53,+18.223,+11.124,+0.982
1636285440,+3.53,+18.198,+11.139,+0.983
1636286040,+3.53,+18.173,+11.132,+0.982
1636286640,+3.53,+18.181,+11.140,+0.982
1636287240,+3.53,+18.181,+11.129,+0.983
1636287840,+3.53,+18.190,+11.116,+0.982
1636288440,+3.53,+18.156,+11.128,+0.982
1636289040,+3.53,+18.148,+11.107,+0.982
1636289640,+3.53,+18.122,+11.109,+0.983
1636290240,+3.53,+18.105,+11.117,+0.983
1636290840,+3.53,+18.105,+11.065,+0.982
1636291440,+3.53,+18.046,+11.103,+0.982
1636292040,+3.52,+18.038,+11.093,+0.982
1636292640,+3.53,+18.021,+11.110,+0.982
1636293240,+3.53,+18.021,+11.110,+0.982
1636293840,+3.53,+17.996,+11.144,+0.982
1636294440,+3.53,+18.013,+11.147,+0.982
1636295040,+3.53,+18.004,+11.169,+0.982
1636295640,+3.53,+18.013,+11.197,+0.982
1636296240,+3.53,+18.021,+11.224,+0.982
1636296840,+3.52,+18.013,+11.271,+0.982
1636297440,+3.52,+18.038,+11.309,+0.982
1636298040,+3.52,+18.055,+11.330,+0.982
1636298640,+3.52,+18.080,+11.335,+0.982
1636299240,+3.52,+18.080,+11.349,+0.982
1636299840,+3.52,+18.072,+11.377,+0.982
1636300440,+3.52,+18.080,+11.393,+0.983
1636301040,+3.52,+18.089,+11.366,+0.981
1636301640,+3.52,+18.114,+11.402,+0.982
1636302240,+3.52,+18.114,+11.426,+0.983
1636302840,+3.52,+18.114,+11.423,+0.982
1636303440,+3.52,+18.097,+11.431,+0.982
1636304040,+3.52,+18.139,+11.444,+0.982
1636304640,+3.52,+18.156,+11.463,+0.982
1636305240,+3.52,+18.173,+11.476,+0.983
1636305840,+3.52,+18.215,+11.464,+0.981
1636306440,+3.52,+18.215,+11.529,+0.982
1636307040,+3.52,+18.223,+11.530,+0.982
1636307640,+3.52,+18.282,+11.506,+0.982
1636308240,+3.52,+18.282,+11.562,+0.982
1636308840,+3.52,+18.350,+11.573,+0.982
1636309440,+3.52,+18.392,+11.637,+0.983
1636310040,+3.52,+18.400,+11.629,+0.982
1636310640,+3.52,+18.442,+11.631,+0.982
1636311240,+3.52,+18.501,+11.635,+0.982
1636311840,+3.52,+18.560,+11.615,+0.981
1636312440,+3.52,+18.594,+11.668,+0.982
1636313040,+3.52,+18.586,+11.696,+0.982
1636313640,+3.52,+18.594,+11.709,+0.982
1636314240,+3.52,+18.602,+11.701,+0.982
1636314840,+3.52,+18.586,+11.714,+0.982
1636315440,+3.52,+18.594,+11.734,+0.982
1636316040,+3.52,+18.586,+11.732,+0.982
1636316640,+3.52,+18.602,+11.675,+0.982
1636317240,+3.52,+18.602,+11.718,+0.982
